fixIdx,legIdx,tickLead,togo,area
3015,2,188.170901968813,57.958,196.32340629661928
3016,2,189.170901968813,57.948,219.26042563592878
3017,2,190.170901968813,57.937,242.41750472127623
3018,2,191.170901968813,57.927,221.49825385710145
3019,2,192.170901968813,57.915,267.137539510465
3020,2,193.170901968813,57.903,268.472010290698
3021,2,194.170901968813,57.892,247.3242155281686
3022,2,195.170901968813,57.881,248.55072917005222
3023,2,196.170901968813,57.869,272.4813828346916
3024,2,197.170901968813,57.856,296.62883419438873
3025,2,198.170901968813,57.844,275.1404802935104
3026,2,199.170901968813,57.833,253.4344166975744
3027,2,200.170901968813,57.821,277.8067859556237
3028,2,201.170901968813,57.809,279.13669673585673
3029,2,202.170901968813,57.798,257.09608610289325
3030,2,203.170901968813,57.786,281.7996663979701
3031,2,204.170901968813,57.777,212.3514174980055
3032,2,205.170901968813,57.766,260.7666767880742
3033,2,206.170901968813,57.757,214.3573299732968
3034,2,207.170901968813,57.746,263.21746759103854
3035,2,208.170901968813,57.734,288.47490911231324
3036,2,209.170901968813,57.722,289.8004278925463
3037,2,210.170901968813,57.708,339.6403809997115
3038,2,211.170901968813,57.695,316.80682279874435
3039,2,212.170901968813,57.683,293.75825192830365
3040,2,213.170901968813,57.671,295.08139470853666
3041,2,214.170901968813,57.661,247.00758465862228
3042,2,215.170901968813,57.649,297.7362804722972
3043,2,216.170901968813,57.637,299.05774325253026
3044,2,217.170901968813,57.622,375.4635148503655
3045,2,218.170901968813,57.606,402.23034707295386
3046,2,219.170901968813,57.593,328.2274935667214
3047,2,220.170901968813,57.58,329.6506628020359
3048,2,221.170901968813,57.569,280.1436900987653
3049,2,222.170901968813,57.56,230.20482395491598
3050,2,223.170901968813,57.551,231.20483126879708
3051,2,224.170901968813,57.541,258.00277449407827
3052,2,225.170901968813,57.531,259.10866031350093
3053,2,226.170901968813,57.519,312.2515472581551
3054,2,227.170901968813,57.509,261.31014511663426
3055,2,228.170901968813,57.497,314.8922730219156
3056,2,229.170901968813,57.487,263.50986991976754
3057,2,230.170901968813,57.477,264.6136757395616
3058,2,231.170901968813,57.467,265.71708155897954
3059,2,232.170901968813,57.457,266.8200873785856
3060,2,233.170901968813,57.445,321.50163573625883
3061,2,234.170901968813,57.435,269.01553218171887
3062,2,235.170901968813,57.422,351.1433157367567
3063,2,236.170901968813,57.41,325.43972417860516
3064,2,237.170901968813,57.396,381.2009959999271
3065,2,238.170901968813,57.385,300.7124372877817
3066,2,239.170901968813,57.375,274.4725270993552
3067,2,240.170901968813,57.363,330.68074740118453
3068,2,241.170901968813,57.353,276.6616119024885
3069,2,242.170901968813,57.342,305.53370761452044
3070,2,243.170901968813,57.329,362.5004564956025
3071,2,244.170901968813,57.318,307.9280753782815
3072,2,245.170901968813,57.307,309.1298610198057
3073,2,246.170901968813,57.295,338.54013248917175
3074,2,247.170901968813,57.283,339.8441712694048
3075,2,248.170901968813,57.27,369.57337733198136
3076,2,249.170901968813,57.257,370.97834656731845
3077,2,250.170901968813,57.242,429.6647715679231
3078,2,251.170901968813,57.229,373.77319615048197
3079,2,252.170901968813,57.216,375.1760853856163
3080,2,253.170901968813,57.205,318.6487455159898
3081,2,254.170901968813,57.196,261.6966482052175
3082,2,255.170901968813,57.185,321.05373231891673
3083,2,256.170901968813,57.175,292.9570434916844
3084,2,257.170901968813,57.164,323.45130136220615
3085,2,258.170901968813,57.153,324.6465530041389
3086,2,259.170901968813,57.139,414.6962501893494
3087,2,260.170901968813,57.127,356.74425941243413
3088,2,261.170901968813,57.113,417.7062937729272
3089,2,262.170901968813,57.1,389.2632279452763
3090,2,263.170901968813,57.091,270.4657362004968
3091,2,264.170901968813,57.083,241.2915884911786
3092,2,265.170901968813,57.074,272.4400319044944
3093,2,266.170901968813,57.067,212.66709045129207
3094,2,267.170901968813,57.056,335.3937932993402
3095,2,268.170901968813,57.045,336.58424894084663
3096,2,269.170901968813,57.034,337.7742205827879
3097,2,270.170901968813,57.021,400.5864489126307
3098,2,271.170901968813,57.008,401.9775081477651
3099,2,272.170901968813,56.995,403.3678913831199
3100,2,273.170901968813,56.981,435.88897411903304
3101,2,274.170901968813,56.967,437.3771631256828
3102,2,275.170901968813,56.953,438.8645681318886
3103,2,276.170901968813,56.94,408.9011229933067
3104,2,277.170901968813,56.926,441.84478692999926
3105,2,278.170901968813,56.915,348.3397901614362
3106,2,279.170901968813,56.902,413.0671291419374
3107,2,280.170901968813,56.889,414.45205237707177
3108,2,281.170901968813,56.876,415.8362996124334
3109,2,282.170901968813,56.863,417.2198708473405
3110,2,283.170901968813,56.849,450.7990144655806
3111,2,284.170901968813,56.835,452.2795874717796
3112,2,285.170901968813,56.822,421.3516996658411
3113,2,286.170901968813,56.812,325.1874427434073
3114,2,287.170901968813,56.802,326.26634856278224
3115,2,288.170901968813,56.794,261.8804942404817
3116,2,289.170901968813,56.785,295.5936768724535
3117,2,290.170901968813,56.777,263.6191037549126
3118,2,291.170901968813,56.766,363.66459494478636
3119,2,292.170901968813,56.753,431.17033206770765
3120,2,293.170901968813,56.742,366.0077467085474
3121,2,294.170901968813,56.729,433.9382634248787
3122,2,295.170901968813,56.718,368.3487864720705
3123,2,296.170901968813,56.708,335.9348072673177
3124,2,297.170901968813,56.695,438.10093334753765
3125,2,298.170901968813,56.683,405.6722462810563
3126,2,299.170901968813,56.669,474.7626811196628
3127,2,300.170901968813,56.655,476.23194212584957
3128,2,301.170901968813,56.642,443.58287584462386
3129,2,302.170901968813,56.629,444.9536030800014
3130,2,303.170901968813,56.615,480.6519987156432
3131,2,304.170901968813,56.601,482.1181797223157
3132,2,305.170901968813,56.588,449.04585989825887
3133,2,306.170901968813,56.572,554.340788268593
3134,2,307.170901968813,56.557,521.2490545324674
3135,2,308.170901968813,56.542,522.8073126265815
3136,2,309.170901968813,56.526,559.3173687008943
3137,2,310.170901968813,56.51,560.9676491993353
3138,2,311.170901968813,56.495,527.4580166548056
3139,2,312.170901968813,56.48,529.0126147489198
3140,2,313.170901968813,56.464,565.9323896313874
3141,2,314.170901968813,56.449,532.1096858100889
3142,2,315.170901968813,56.434,533.661553904203
3143,2,316.170901968813,56.42,499.5361135908878
3144,2,317.170901968813,56.409,393.6468326807309
3145,2,318.170901968813,56.395,502.47330595950876
3146,2,319.170901968813,56.381,503.9274469661923
3147,2,320.170901968813,56.367,505.3808039726208
3148,2,321.170901968813,56.353,506.8333769787921
3149,2,322.170901968813,56.337,580.8870230857846
3150,2,323.170901968813,56.323,509.7180734213962
3151,2,324.170901968813,56.309,511.16823842782463
3152,2,325.170901968813,56.294,549.2282861159346
3153,2,326.170901968813,56.28,514.0570836551657
3154,2,327.170901968813,56.266,515.5048686618551
3155,2,328.170901968813,56.252,516.9518696680212
3156,2,329.170901968813,56.238,518.3980866747122
3157,2,330.170901968813,56.223,556.9702470947412
3158,2,331.170901968813,56.208,558.5081351888554
3159,2,332.170901968813,56.194,522.7134321232222
3160,2,333.170901968813,56.179,561.5912065041426
3161,2,334.170901968813,56.165,525.5893413510894
3162,2,335.170901968813,56.15,564.6707978194298
3163,2,336.170901968813,56.136,528.4620025784232
3164,2,337.170901968813,56.123,492.05608769371867
3165,2,338.170901968813,56.108,569.2988774829493
3166,2,339.170901968813,56.093,570.829715576793
3167,2,340.170901968813,56.078,572.3596536711775
3168,2,341.170901968813,56.062,612.1424791487275
3169,2,342.170901968813,56.047,575.4065647323466
3170,2,343.170901968813,56.034,500.0181922262927
3171,2,344.170901968813,56.021,501.35891546142705
3172,2,345.170901968813,56.008,502.6989626965614
3173,2,346.170901968813,55.994,542.8056670724663
3174,2,347.170901968813,55.981,505.36800272337894
3175,2,348.170901968813,55.966,584.6503194405627
3176,2,349.170901968813,55.951,586.1723975346769
3177,2,350.170901968813,55.937,548.5189063129252
3178,2,351.170901968813,55.922,589.224388849964
3179,2,352.170901968813,55.908,551.3658075402473
3180,2,353.170901968813,55.895,513.3123625865755
3181,2,354.170901968813,55.881,554.2292943386393
3182,2,355.170901968813,55.867,555.6549313450678
3183,2,356.170901968813,55.854,517.2930014050762
3184,2,357.170901968813,55.838,638.2901181231402
3185,2,358.170901968813,55.824,559.9171095790982
3186,2,359.170901968813,55.81,561.3395825852419
3187,2,360.170901968813,55.795,602.9531027134635
3188,2,361.170901968813,55.781,564.1720638131287
3189,2,362.170901968813,55.768,525.1974252682728
3190,2,363.170901968813,55.753,607.517732376983
3191,2,364.170901968813,55.739,568.4299908324142
3192,2,365.170901968813,55.725,569.8477318385536
3193,2,366.170901968813,55.711,571.2646888452713
3194,2,367.170901968813,55.696,613.5811301346165
3195,2,368.170901968813,55.683,533.0845895749205
3196,2,369.170901968813,55.669,575.5108558645568
3197,2,370.170901968813,55.654,618.1280297978432
3198,2,371.170901968813,55.641,537.0230519502636
3199,2,372.170901968813,55.626,621.1550962404822
3200,2,373.170901968813,55.612,581.1509871047208
3201,2,374.170901968813,55.599,540.9549623253153
3202,2,375.170901968813,55.585,583.9820219028315
3203,2,376.170901968813,55.572,543.5823763518371
3204,2,377.170901968813,55.558,586.8100327012402
3205,2,378.170901968813,55.545,546.2069823786545
3206,2,379.170901968813,55.532,547.5231616140882
3207,2,380.170901968813,55.518,591.051701290736
3208,2,381.170901968813,55.505,550.1435816406065
3209,2,382.170901968813,55.492,551.4577068760422
3210,2,383.170901968813,55.478,595.2866498805296
3211,2,384.170901968813,55.465,554.0739409025583
3212,2,385.170901968813,55.451,598.1026206789439
3213,2,386.170901968813,55.436,642.3199920992608
3214,2,387.170901968813,55.422,600.8938859065457
3215,2,388.170901968813,55.409,559.277800069291
3216,2,389.170901968813,55.395,603.7036967043516
3217,2,390.170901968813,55.382,561.8855060964156
3218,2,391.170901968813,55.367,649.8267933321856
3219,2,392.170901968813,55.354,564.4802076794748
3220,2,393.170901968813,55.338,696.3339756916329
3221,2,394.170901968813,55.324,610.6763649515455
3222,2,395.170901968813,55.311,568.3565256110732
3223,2,396.170901968813,55.298,569.6608748462074
3224,2,397.170901968813,55.284,614.8793375413412
3225,2,398.170901968813,55.271,572.257192873025
3226,2,399.170901968813,55.259,529.4443175353748
3227,2,400.170901968813,55.246,574.8715117867449
3228,2,401.170901968813,55.233,576.1724810221941
3229,2,402.170901968813,55.219,621.8881264994437
3230,2,403.170901968813,55.205,623.276411506188
3231,2,404.170901968813,55.192,580.0503158403799
3232,2,405.170901968813,55.177,670.7746091909643
3233,2,406.170901968813,55.164,582.6249454237462
3234,2,407.170901968813,55.148,718.6533846076601
3235,2,408.170901968813,55.135,585.1860505639812
3236,2,409.170901968813,55.122,586.4814297987957
3237,2,410.170901968813,55.108,632.9839393364426
3238,2,411.170901968813,55.096,543.7521369668734
3239,2,412.170901968813,55.083,590.3635115041988
3240,2,413.170901968813,55.07,591.6561867393332
3241,2,414.170901968813,55.057,592.9481859744675
3242,2,415.170901968813,55.043,639.9444282948608
3243,2,416.170901968813,55.029,641.3226893009639
3244,2,417.170901968813,55.017,550.8958689367408
3245,2,418.170901968813,55.005,552.0959877169738
3246,2,419.170901968813,54.993,553.2955304972069
3247,2,420.170901968813,54.982,508.291244384351
3248,2,421.170901968813,54.97,555.7029961593202
3249,2,422.170901968813,54.96,464.09247253422376
3250,2,423.170901968813,54.948,558.1184099230808
3251,2,424.170901968813,54.936,559.3151447033138
3252,2,425.170901968813,54.925,513.8067050732835
3253,2,426.170901968813,54.914,514.9120427146747
3254,2,427.170901968813,54.905,422.20333154983365
3255,2,428.170901968813,54.894,517.1401055181416
3256,2,429.170901968813,54.884,471.1352327632298
3257,2,430.170901968813,54.872,566.5660501978899
3258,2,431.170901968813,54.862,473.1410775663631
3259,2,432.170901968813,54.851,521.5624278448803
3260,2,433.170901968813,54.84,522.6644434862665
3261,2,434.170901968813,54.829,523.7659751283279
3262,2,435.170901968813,54.817,572.5769846072914
3263,2,436.170901968813,54.807,478.1479895741964
3264,2,437.170901968813,54.797,479.15679539414293
3265,2,438.170901968813,54.786,528.1769014547253
3266,2,439.170901968813,54.775,529.2760350967903
3267,2,440.170901968813,54.763,578.5852831183399
3268,2,441.170901968813,54.75,628.0813368349474
3269,2,442.170901968813,54.738,580.9488925771587
3270,2,443.170901968813,54.723,727.6489515061511
3271,2,444.170901968813,54.709,680.4911420193115
3272,2,445.170901968813,54.695,681.8486830260854
3273,2,446.170901968813,54.68,731.9991360426116
3274,2,447.170901968813,54.666,684.5488922536873
3275,2,448.170901968813,54.653,636.9167328201808
3276,2,449.170901968813,54.64,638.1860600553151
3277,2,450.170901968813,54.627,639.4547112904495
3278,2,451.170901968813,54.612,739.2818724025955
3279,2,452.170901968813,54.598,691.3421788563401
3280,2,453.170901968813,54.582,791.6351852311928
3281,2,454.170901968813,54.568,694.0185552986868
3282,2,455.170901968813,54.554,695.3682283047624
3283,2,456.170901968813,54.539,746.475783127284
3284,2,457.170901968813,54.525,698.0524215327172
3285,2,458.170901968813,54.512,649.4485482935613
3286,2,459.170901968813,54.499,650.7108295286956
3287,2,460.170901968813,54.489,501.53106263802647
3288,2,461.170901968813,54.479,502.52870845727614
3289,2,462.170901968813,54.47,453.177518387419
3290,2,463.170901968813,54.462,403.6330615459102
3291,2,464.170901968813,54.455,353.8927149084133
3292,2,465.170901968813,54.447,405.2643325294368
3293,2,466.170901968813,54.439,406.075878654345
3294,2,467.170901968813,54.43,457.74386033800164
3295,2,468.170901968813,54.422,407.69071216901
3296,2,469.170901968813,54.412,510.61745944863634
3297,2,470.170901968813,54.403,460.4548202796449
3298,2,471.170901968813,54.393,512.6150945058878
3299,2,472.170901968813,54.382,564.9642884783771
3300,2,473.170901968813,54.373,463.1373129925818
3301,2,474.170901968813,54.364,464.0392923064629
3302,2,475.170901968813,54.353,568.2507044425547
3303,2,476.170901968813,54.345,414.0705976177866
3304,2,477.170901968813,54.335,518.5893362596028
3305,2,478.170901968813,54.325,519.5805020792088
3306,2,479.170901968813,54.316,468.51845364716206
3307,2,480.170901968813,54.307,469.41843496104315
3308,2,481.170901968813,54.297,522.570846374477
3309,2,482.170901968813,54.288,471.20874651256986
3310,2,483.170901968813,54.277,577.0099386944594
3311,2,484.170901968813,54.268,472.9889749878612
3312,2,485.170901968813,54.259,473.8872823017423
3313,2,486.170901968813,54.251,422.0352365812281
3314,2,487.170901968813,54.243,422.8409587054008
3315,2,488.170901968813,54.235,423.64642483032463
3316,2,489.170901968813,54.228,371.3986047815919
3317,2,490.170901968813,54.22,425.26443181385264
3318,2,491.170901968813,54.213,372.8139408921781
3319,2,492.170901968813,54.205,426.8814787973807
3320,2,493.170901968813,54.199,320.7701907421754
3321,2,494.170901968813,54.192,374.9457476469986
3322,2,495.170901968813,54.187,268.33063592252716
3323,2,496.170901968813,54.18,376.3798649354674
3324,2,497.170901968813,54.172,430.9556925611425
3325,2,498.170901968813,54.161,593.6518315526284
3326,2,499.170901968813,54.151,540.6619873403532
3327,2,500.170901968813,54.139,649.9620836904578
3328,2,501.170901968813,54.126,705.3704801217798
3329,2,502.170901968813,54.113,706.6081913565286
3330,2,503.170901968813,54.101,653.4016318278623
3331,2,504.170901968813,54.092,490.92986157042463
3332,2,505.170901968813,54.083,491.8217608843057
3333,2,506.170901968813,54.074,492.7133361981868
3334,2,507.170901968813,54.064,548.4444699709259
3335,2,508.170901968813,54.054,549.4242157905319
3336,2,509.170901968813,54.044,550.403561610529
3337,2,510.170901968813,54.034,551.382507429744
3338,2,511.170901968813,54.024,552.36105324935
3339,2,512.170901968813,54.015,498.0098887002962
3340,2,513.170901968813,54.006,498.8991060141773
3341,2,514.170901968813,53.994,666.365488951607
3342,2,515.170901968813,53.982,667.51311973184
3343,2,516.170901968813,53.969,724.3751454995548
3344,2,517.170901968813,53.958,613.9837433048244
3345,2,518.170901968813,53.948,559.1374934783562
3346,2,519.170901968813,53.937,616.1182803481154
3347,2,520.170901968813,53.929,448.8700360938951
3348,2,521.170901968813,53.92,505.86984545792984
3349,2,522.170901968813,53.911,506.7558947718109
3350,2,523.170901968813,53.902,507.641620085692
3351,2,524.170901968813,53.89,678.0171583802933
3352,2,525.170901968813,53.88,565.9766810516772
3353,2,526.170901968813,53.871,510.25896772239355
3354,2,527.170901968813,53.863,454.3538396218166
3355,2,528.170901968813,53.854,512.0368654263912
3356,2,529.170901968813,53.845,512.9205927402722
3357,2,530.170901968813,53.836,513.8039960541532
3358,2,531.170901968813,53.826,571.8692164775497
3359,2,532.170901968813,53.819,400.9987571969097
3360,2,533.170901968813,53.81,516.461859072032
3361,2,534.170901968813,53.802,459.8655928214969
3362,2,535.170901968813,53.795,403.0794847738475
3363,2,536.170901968813,53.786,519.1362162423816
3364,2,537.170901968813,53.777,520.0174235562627
3365,2,538.170901968813,53.766,636.6416464149139
3366,2,539.170901968813,53.758,463.79049650610017
3367,2,540.170901968813,53.749,522.6493784216705
3368,2,541.170901968813,53.74,523.5292717355516
3369,2,542.170901968813,53.732,466.14552941129386
3370,2,543.170901968813,53.724,466.93577953584213
3371,2,544.170901968813,53.715,526.1865978292502
3372,2,545.170901968813,53.704,644.1788443046304
3373,2,546.170901968813,53.694,586.5766252963491
3374,2,547.170901968813,53.683,646.2892693479213
3375,2,548.170901968813,53.672,647.3377589896451
3376,2,549.170901968813,53.662,589.4470959190885
3377,2,550.170901968813,53.653,531.3743131030686
3378,2,551.170901968813,53.643,591.3843309763399
3379,2,552.170901968813,53.634,533.1171406545955
3380,2,553.170901968813,53.623,652.645965757324
3381,2,554.170901968813,53.613,594.2707084351581
3382,2,555.170901968813,53.604,535.7138273675323
3383,2,556.170901968813,53.593,655.8183739616018
3384,2,557.170901968813,53.583,597.1534858944005
3385,2,558.170901968813,53.574,538.3072740804693
3386,2,559.170901968813,53.564,599.0845209512277
3387,2,560.170901968813,53.555,540.0445216319961
3388,2,561.170901968813,53.544,661.1092667297044
3389,2,562.170901968813,53.533,662.1513103710005
3390,2,563.170901968813,53.524,542.6224852686976
3391,2,564.170901968813,53.514,603.877250049258
3392,2,565.170901968813,53.505,544.3562228202243
3393,2,566.170901968813,53.495,605.8028651069399
3394,2,567.170901968813,53.486,546.0885923717509
3395,2,568.170901968813,53.475,668.4934063000858
3396,2,569.170901968813,53.465,608.6713625653276
3397,2,570.170901968813,53.454,670.5831293438085
3398,2,571.170901968813,53.445,549.5183842460981
3399,2,572.170901968813,53.437,489.2381627540088
3400,2,573.170901968813,53.429,490.0198528781218
3401,2,574.170901968813,53.421,490.8012870031053
3402,2,575.170901968813,53.411,614.4665779912001
3403,2,576.170901968813,53.401,615.4196638108061
3404,2,577.170901968813,53.394,431.47276533062404
3405,2,578.170901968813,53.386,493.8967112975651
3406,2,579.170901968813,53.38,371.01456311762786
3407,2,580.170901968813,53.372,495.47523301596334
3408,2,581.170901968813,53.364,496.25485914051154
3409,2,582.170901968813,53.355,559.158268384909
3410,2,583.170901968813,53.346,560.02426569879
3411,2,584.170901968813,53.336,623.2052016382451
3412,2,585.170901968813,53.327,561.7447552503169
3413,2,586.170901968813,53.319,500.1022560906511
3414,2,587.170901968813,53.309,626.0885893516263
3415,2,588.170901968813,53.301,501.63919887088326
3416,2,589.170901968813,53.291,628.0090478269185
3417,2,590.170901968813,53.281,628.9569336460783
3418,2,591.170901968813,53.27,692.8883585321969
3419,2,592.170901968813,53.262,504.68120422850126
3420,2,593.170901968813,53.251,694.9845350956219
3421,2,594.170901968813,53.24,696.0123887368962
3422,2,595.170901968813,53.229,697.0397583790697
3423,2,596.170901968813,53.217,761.5200939716962
3424,2,597.170901968813,53.207,635.5331607111632
3425,2,598.170901968813,53.197,636.4777665307693
3426,2,599.170901968813,53.187,637.4219723508281
3427,2,600.170901968813,53.177,638.3657781699812
3428,2,601.170901968813,53.166,703.2334895089424
3429,2,602.170901968813,53.156,640.240146391154
3430,2,603.170901968813,53.143,833.5140282088569
3431,2,604.170901968813,53.134,577.8852385368778
3432,2,605.170901968813,53.124,643.0424970138935
3433,2,606.170901968813,53.114,643.983842833957
3434,2,607.170901968813,53.104,644.9247886531055
3435,2,608.170901968813,53.091,839.6012161493942
3436,2,609.170901968813,53.079,776.108095944376
3437,2,610.170901968813,53.066,841.9656750631141
3438,2,611.170901968813,53.054,778.2894734031948
3439,2,612.170901968813,53.044,649.5010835712035
3440,2,613.170901968813,53.035,585.4010049895696
3441,2,614.170901968813,53.025,651.3896586279935
3442,2,615.170901968813,53.015,652.3272244475995
3443,2,616.170901968813,53.004,718.5840514143295
3444,2,617.170901968813,52.992,785.0117631010654
3445,2,618.170901968813,52.979,851.6064524828593
3446,2,619.170901968813,52.965,918.364188534299
3447,2,620.170901968813,52.952,853.9263385101435
3448,2,621.170901968813,52.939,855.0933037448111
3449,2,622.170901968813,52.924,987.9731729269042
3450,2,623.170901968813,52.912,791.4469869692855
3451,2,624.170901968813,52.902,660.4601982091484
3452,2,625.170901968813,52.891,727.5257575520372
3453,2,626.170901968813,52.88,728.5379471932904
3454,2,627.170901968813,52.87,663.2332288323591
3455,2,628.170901968813,52.861,597.7542387246037
3456,2,629.170901968813,52.849,798.1158725655089
3457,2,630.170901968813,52.839,666.0150228726666
3458,2,631.170901968813,52.829,666.9456686922726
3459,2,632.170901968813,52.818,734.6565520834771
3460,2,633.170901968813,52.809,601.9194857603611
3461,2,634.170901968813,52.799,669.7352061510908
3462,2,635.170901968813,52.788,737.7236902881784
3463,2,636.170901968813,52.778,671.5801743722635
3464,2,637.170901968813,52.766,806.9947881287874
3465,2,638.170901968813,52.756,673.4106991753969
3466,2,639.170901968813,52.747,606.9100290337641
3467,2,640.170901968813,52.736,742.7986197763274
3468,2,641.170901968813,52.728,540.9635840416114
3469,2,642.170901968813,52.72,541.7250981666401
3470,2,643.170901968813,52.714,406.8724852690944
3471,2,644.170901968813,52.708,407.45870896415266
3472,2,645.170901968813,52.704,272.0350204731953
3473,2,646.170901968813,52.699,340.5417579012682
3474,2,647.170901968813,52.692,477.44191970562275
3475,2,648.170901968813,52.685,478.11613595722963
3476,2,649.170901968813,52.678,478.7901562093225
3477,2,650.170901968813,52.67,547.9536334445804
3478,2,651.170901968813,52.661,617.2963404775169
3479,2,652.170901968813,52.652,618.1386677913979
3480,2,653.170901968813,52.646,412.6655378130881
3481,2,654.170901968813,52.642,275.5053837058169
3482,2,655.170901968813,52.641,68.9783580723119
3514,2,687.170901968813,52.634,506.3934169332154
3515,2,688.170901968813,52.623,796.7828509140467
3516,2,689.170901968813,52.615,580.21573905083
3517,2,690.170901968813,52.609,435.73525793261484
3518,2,691.170901968813,52.606,218.16463935195426
3586,2,759.170901968813,52.601,399.35046541736887
3587,2,760.170901968813,52.593,639.723342893304
3588,2,761.170901968813,52.584,720.5190476073919
3589,2,762.170901968813,52.574,801.4836770927744
3590,2,763.170901968813,52.567,561.683862627152
3591,2,764.170901968813,52.564,241.014153284659
3592,2,765.170901968813,52.562,160.87871248094348
3593,2,766.170901968813,52.559,241.62195415759993
3810,2,983.170901968813,52.549,1033.3912716411744
3811,2,984.170901968813,52.533,1654.6983475308068
3812,2,985.170901968813,52.518,1552.3978263409456
3813,2,986.170901968813,52.502,1657.0826899960534
3814,2,987.170901968813,52.488,1451.00302196818
3815,2,988.170901968813,52.475,1348.3779709833882
3816,2,989.170901968813,52.461,1453.194928766292
3817,2,990.170901968813,52.448,1350.4119090102058
3818,2,991.170901968813,52.436,1247.495626585211
3819,2,992.170901968813,52.42,1664.5611535492865
3820,2,993.170901968813,52.407,1353.4446398294465
3821,2,994.170901968813,52.392,1562.8217453307634
3822,2,995.170901968813,52.376,1668.1930409200547
3823,2,996.170901968813,52.359,1773.6773101005347
3824,2,997.170901968813,52.342,1774.8814403199383
3825,2,998.170901968813,52.323,1984.9975916365784
3826,2,999.170901968813,52.305,1881.7425563615448
3827,2,1000.170901968813,52.287,1882.977749617069
3828,2,1001.170901968813,52.269,1884.2116468725933
3829,2,1002.170901968813,52.251,1885.4442481281176
3830,2,1003.170901968813,52.233,1886.6755533836417
3831,2,1004.170901968813,52.214,1992.7701257606227
3832,2,1005.170901968813,52.197,1784.165283772488
3833,2,1006.170901968813,52.18,1785.358703991896
3834,2,1007.170901968813,52.163,1786.550968210558
3835,2,1008.170901968813,52.145,1892.8852279654577
3836,2,1009.170901968813,52.126,1999.3179232651862
3837,2,1010.170901968813,52.107,2000.569728873217
3838,2,1011.170901968813,52.088,2001.8200904819953
3839,2,1012.170901968813,52.07,1897.6625425308891
3840,2,1013.170901968813,52.051,2004.354982193827
3841,2,1014.170901968813,52.033,1900.0613548894669
3842,2,1015.170901968813,52.015,1901.2770361449911
3843,2,1016.170901968813,51.998,1796.8147284505148
3844,2,1017.170901968813,51.979,2009.4851986060398
3845,2,1018.170901968813,51.962,1799.1049292657538
3846,2,1019.170901968813,51.945,1800.2828454851679
3847,2,1020.170901968813,51.93,1589.553786630217
3848,2,1021.170901968813,51.916,1484.6231888022544
3849,2,1022.170901968813,51.902,1485.6763418079288
3850,2,1023.170901968813,51.886,1699.0857851764397
3851,2,1024.170901968813,51.872,1487.7229422510295
3852,2,1025.170901968813,51.856,1701.4228371105492
3853,2,1026.170901968813,51.841,1596.1626603219606
3854,2,1027.170901968813,51.824,1810.1884163944699
3855,2,1028.170901968813,51.809,1598.2865262560706
3856,2,1029.170901968813,51.793,1705.9866205721796
3857,2,1030.170901968813,51.777,1707.1168050703714
3858,2,1031.170901968813,51.761,1708.2459655685634
3859,2,1032.170901968813,51.745,1709.3741020675143
3860,2,1033.170901968813,51.73,1603.6103862184045
3861,2,1034.170901968813,51.715,1604.6971343117586
3862,2,1035.170901968813,51.699,1712.8186184998174
3863,2,1036.170901968813,51.684,1606.8368453736878
3864,2,1037.170901968813,51.67,1500.7406596287349
3865,2,1038.170901968813,51.654,1716.2875244002212
3866,2,1039.170901968813,51.641,1395.4350581458525
3867,2,1040.170901968813,51.625,1718.628613803194
3868,2,1041.170901968813,51.61,1612.2791709713174
3869,2,1042.170901968813,51.597,1398.271319633237
3870,2,1043.170901968813,51.583,1506.881231312302
3871,2,1044.170901968813,51.568,1615.6090906348368
3872,2,1045.170901968813,51.555,1401.1550660082867
3873,2,1046.170901968813,51.542,1402.142059243421
3874,2,1047.170901968813,51.528,1511.0466681232708
3875,2,1048.170901968813,51.514,1512.0787651289318
3876,2,1049.170901968813,51.501,1405.0444260626898
3877,2,1050.170901968813,51.487,1514.1700119270427
3878,2,1051.170901968813,51.473,1515.1997849342397
3879,2,1052.170901968813,51.458,1624.51504665834
3880,2,1053.170901968813,51.444,1517.2274901610713
3881,2,1054.170901968813,51.429,1626.6858479736272
3882,2,1055.170901968813,51.415,1519.251947389443
3883,2,1056.170901968813,51.4,1628.8531692889144
3884,2,1057.170901968813,51.384,1738.5640638072082
3885,2,1058.170901968813,51.368,1739.6668243054
3886,2,1059.170901968813,51.352,1740.7685608043648
3887,2,1060.170901968813,51.335,1850.71807997757
3888,2,1061.170901968813,51.319,1742.9350043311126
3889,2,1062.170901968813,51.303,1744.0336368300789
3890,2,1063.170901968813,51.288,1636.0764900582994
3891,2,1064.170901968813,51.273,1637.1364781516381
3892,2,1065.170901968813,51.258,1638.1955662465277
3893,2,1066.170901968813,51.242,1748.5202792294374
3894,2,1067.170901968813,51.227,1640.2790273076967
3895,2,1068.170901968813,51.212,1641.3353854010334
3896,2,1069.170901968813,51.196,1751.8664596617405
3897,2,1070.170901968813,51.181,1643.4132964629798
3898,2,1071.170901968813,51.164,1863.6927613535202
3899,2,1072.170901968813,51.148,1755.135189155538
3900,2,1073.170901968813,51.132,1756.2227176545098
3901,2,1074.170901968813,51.117,1647.4935083311998
3902,2,1075.170901968813,51.101,1758.4291081189763
3903,2,1076.170901968813,51.085,1759.5135966171683
3904,2,1077.170901968813,51.067,1980.6329156026025
3905,2,1078.170901968813,51.052,1651.526015072361
3906,2,1079.170901968813,51.037,1652.5721731664748
3907,2,1080.170901968813,51.021,1763.8413106099356
3908,2,1081.170901968813,51.005,1764.9206791081276
3909,2,1082.170901968813,50.988,1876.3555656769202
3910,2,1083.170901968813,50.972,1767.0416826356482
3911,2,1084.170901968813,50.955,1878.6068879249115
3912,2,1085.170901968813,50.938,1879.712418142788
3913,2,1086.170901968813,50.922,1770.1978891932838
3914,2,1087.170901968813,50.906,1771.2710176906896
3915,2,1088.170901968813,50.89,1772.3431221888816
3916,2,1089.170901968813,50.873,1884.2340744502233
3917,2,1090.170901968813,50.857,1774.449373716402
3918,2,1091.170901968813,50.841,1775.5183742145941
3919,2,1092.170901968813,50.825,1776.586350712786
3920,2,1093.170901968813,50.809,1777.6533032117673
3921,2,1094.170901968813,50.793,1778.7192317091694
3922,2,1095.170901968813,50.777,1779.7841362073614
3923,2,1096.170901968813,50.762,1669.5614582252329
3924,2,1097.170901968813,50.749,1447.8739005866214
3925,2,1098.170901968813,50.737,1337.3876658865343
3926,2,1099.170901968813,50.725,1338.2889366667673
3927,2,1100.170901968813,50.713,1339.1896314470002
3928,2,1101.170901968813,50.701,1340.0897502272333
3929,2,1102.170901968813,50.686,1676.1870185687442
3930,2,1103.170901968813,50.672,1565.4127479448935
3931,2,1104.170901968813,50.658,1566.3989249505269
3932,2,1105.170901968813,50.645,1455.4426624676967
3933,2,1106.170901968813,50.629,1792.4216308164318
3934,2,1107.170901968813,50.615,1569.3217511845555
3935,2,1108.170901968813,50.601,1570.3047641917806
3936,2,1109.170901968813,50.589,1346.8440428427414
3937,2,1110.170901968813,50.575,1572.3306077743496
3938,2,1111.170901968813,50.561,1573.311324781576
3939,2,1112.170901968813,50.545,1799.154419431143
3940,2,1113.170901968813,50.53,1687.7062337475306
3941,2,1114.170901968813,50.515,1688.7209818416447
3942,2,1115.170901968813,50.501,1577.1014536662692
3943,2,1116.170901968813,50.488,1465.3727818458585
3944,2,1117.170901968813,50.474,1579.085320464381
3945,2,1118.170901968813,50.461,1467.2135398726762
3946,2,1119.170901968813,50.447,1581.0661632616907
3947,2,1120.170901968813,50.432,1695.0258062957428
3948,2,1121.170901968813,50.418,1582.981196490095
3949,2,1122.170901968813,50.404,1583.9532054957194
3950,2,1123.170901968813,50.391,1471.7301438318966
3951,2,1124.170901968813,50.378,1472.6605090662267
3952,2,1125.170901968813,50.365,1473.5901983013612
3953,2,1126.170901968813,50.351,1587.9279998780025
3954,2,1127.170901968813,50.337,1588.8961728836246
3955,2,1128.170901968813,50.324,1476.316545120669
3956,2,1129.170901968813,50.312,1363.6229146864532
3957,2,1130.170901968813,50.3,1364.5050574666861
3958,2,1131.170901968813,50.289,1251.6168484390587
3959,2,1132.170901968813,50.277,1366.2947871287997
3960,2,1133.170901968813,50.265,1367.1752259090326
3961,2,1134.170901968813,50.253,1368.0550886892656
3962,2,1135.170901968813,50.239,1597.0583199294301
3963,2,1136.170901968813,50.228,1255.624502088615
3964,2,1137.170901968813,50.215,1484.8711397836812
3965,2,1138.170901968813,50.202,1485.7921970196276
3966,2,1139.170901968813,50.189,1486.71257825395
3967,2,1140.170901968813,50.178,1258.7908620972612
3968,2,1141.170901968813,50.165,1488.610653611121
3969,2,1142.170901968813,50.152,1489.5290588462556
3970,2,1143.170901968813,50.14,1375.8107532031265
3971,2,1144.170901968813,50.127,1491.3935897599756
3972,2,1145.170901968813,50.114,1492.3099929959255
3973,2,1146.170901968813,50.103,1263.5239021081977
3974,2,1147.170901968813,50.09,1494.200424352281
3975,2,1148.170901968813,50.078,1380.1197949009972
3976,2,1149.170901968813,50.066,1380.9908496812302
3977,2,1150.170901968813,50.053,1497.0014869454048
3978,2,1151.170901968813,50.039,1613.1219708775893
3979,2,1152.170901968813,50.027,1383.5176017169874
3980,2,1153.170901968813,50.013,1615.0850384617752
3981,2,1154.170901968813,50.001,1385.1989830741588
3982,2,1155.170901968813,49.988,1501.5569831202588
3983,2,1156.170901968813,49.975,1502.4660543553932
3984,2,1157.170901968813,49.963,1387.7441472115636
3985,2,1158.170901968813,49.951,1388.6098499917964
3986,2,1159.170901968813,49.939,1389.4749767720295
3987,2,1160.170901968813,49.925,1622.0302973593255
3988,2,1161.170901968813,49.91,1738.8824549709125
3989,2,1162.170901968813,49.897,1507.9062857661995
3990,2,1163.170901968813,49.885,1392.762227283078
3991,2,1164.170901968813,49.873,1393.624330063311
3992,2,1165.170901968813,49.861,1394.485856843544
3993,2,1166.170901968813,49.849,1395.346807623777
3994,2,1167.170901968813,49.838,1279.869422749713
3995,2,1168.170901968813,49.826,1397.0950172858904
3996,2,1169.170901968813,49.814,1397.9542640661234
3997,2,1170.170901968813,49.803,1282.2580621560244
3998,2,1171.170901968813,49.792,1283.0704257969194
3999,2,1172.170901968813,49.78,1400.5848126101168
4000,2,1173.170901968813,49.768,1401.4418033903498
4001,2,1174.170901968813,49.756,1402.298218170583
4002,2,1175.170901968813,49.745,1286.2374790851131
4003,2,1176.170901968813,49.733,1404.0375478326962
4004,2,1177.170901968813,49.722,1287.8308526078856
4005,2,1178.170901968813,49.712,1171.5024546634365
4006,2,1179.170901968813,49.701,1289.4740856520082
4007,2,1180.170901968813,49.688,1524.8480750848987
4008,2,1181.170901968813,49.677,1291.0375134157691
4009,2,1182.170901968813,49.664,1526.69451444207
4010,2,1183.170901968813,49.651,1527.5860356772043
4011,2,1184.170901968813,49.641,1175.7869719834755
4012,2,1185.170901968813,49.629,1411.8229852613822
4013,2,1186.170901968813,49.617,1412.6726080416154
4014,2,1187.170901968813,49.605,1413.5216548218482
4015,2,1188.170901968813,49.593,1414.370125601244
4016,2,1189.170901968813,49.58,1533.137396193007
4017,2,1190.170901968813,49.567,1534.0243674273033
4018,2,1191.170901968813,49.554,1534.910662662438
4019,2,1192.170901968813,49.54,1653.9177670361084
4020,2,1193.170901968813,49.528,1418.4606589950101
4021,2,1194.170901968813,49.516,1419.3055537752432
4022,2,1195.170901968813,49.504,1420.1498725554761
4023,2,1196.170901968813,49.491,1539.3941997250122
4024,2,1197.170901968813,49.478,1540.2764909601467
4025,2,1198.170901968813,49.468,1185.542180661826
4026,2,1199.170901968813,49.455,1542.132580761612
4027,2,1200.170901968813,49.442,1543.0129219959035
4028,2,1201.170901968813,49.431,1306.3970764943178
4029,2,1202.170901968813,49.418,1544.8340893530747
4030,2,1203.170901968813,49.406,1426.8259345940457
4031,2,1204.170901968813,49.393,1546.6214522667947
4032,2,1205.170901968813,49.381,1428.4746080528646
4033,2,1206.170901968813,49.368,1548.4062151805147
4034,2,1207.170901968813,49.356,1430.1208815116834
4035,2,1208.170901968813,49.344,1430.9576162919163
4036,2,1209.170901968813,49.331,1551.0942037728205
4037,2,1210.170901968813,49.319,1432.6003137507353
4038,2,1211.170901968813,49.307,1433.4352965309683
4039,2,1212.170901968813,49.295,1434.2697033112013
4040,2,1213.170901968813,49.281,1674.2534876550346
4041,2,1214.170901968813,49.27,1316.2353221586966
4042,2,1215.170901968813,49.257,1556.4528649582824
4043,2,1216.170901968813,49.244,1557.322650192566
4044,2,1217.170901968813,49.231,1558.1917594277004
4045,2,1218.170901968813,49.218,1559.0601926628349
4046,2,1219.170901968813,49.205,1559.927949898822
4047,2,1220.170901968813,49.192,1560.7950311331035
4048,2,1221.170901968813,49.179,1561.6614363682381
4049,2,1222.170901968813,49.167,1442.3474343003534
4050,2,1223.170901968813,49.156,1322.9241585374107
4051,2,1224.170901968813,49.144,1444.0319959624665
4052,2,1225.170901968813,49.132,1444.8587467426996
4053,2,1226.170901968813,49.119,1566.142724761166
4054,2,1227.170901968813,49.108,1325.9544780649323
4055,2,1228.170901968813,49.095,1567.9308721183372
4056,2,1229.170901968813,49.082,1568.7920513534716
4057,2,1230.170901968813,49.069,1569.652554588606
4058,2,1231.170901968813,49.056,1570.5123818245988
4059,2,1232.170901968813,49.044,1450.5115857977416
4060,2,1233.170901968813,49.033,1330.4027280758255
4061,2,1234.170901968813,49.02,1573.1840728594973
4062,2,1235.170901968813,49.008,1452.975998138441
4063,2,1236.170901968813,48.996,1453.7963169186737
4064,2,1237.170901968813,48.983,1575.8179814526643
4065,2,1238.170901968813,48.97,1576.6732066869372
4066,2,1239.170901968813,48.957,1577.5277559220717
4067,2,1240.170901968813,48.944,1578.3816291572064
4068,2,1241.170901968813,48.932,1457.7701184132497
4069,2,1242.170901968813,48.919,1580.11964407179
4070,2,1243.170901968813,48.907,1459.3732398720686
4071,2,1244.170901968813,48.897,1216.8489089613358
4072,2,1245.170901968813,48.885,1461.0636136358291
4073,2,1246.170901968813,48.875,1218.2566737644693
4074,2,1247.170901968813,48.866,1097.0975801640454
4075,2,1248.170901968813,48.857,1097.7750454779264
4076,2,1249.170901968813,48.847,1220.4899380593663
4077,2,1250.170901968813,48.838,1099.1065010294533
4078,2,1251.170901968813,48.829,1099.7829763433342
4079,2,1252.170901968813,48.817,1467.2337587238162
4080,2,1253.170901968813,48.805,1468.0445975040493
4081,2,1254.170901968813,48.794,1346.4640844741368
4082,2,1255.170901968813,48.784,1224.7706627228847
4083,2,1256.170901968813,48.774,1225.495208542491
4084,2,1257.170901968813,48.765,1103.6087334642664
4085,2,1258.170901968813,48.755,1226.9682635997424
4086,2,1259.170901968813,48.746,1104.933799015793
4087,2,1260.170901968813,48.735,1351.2699166433827
4088,2,1261.170901968813,48.725,1229.1371610585607
4089,2,1262.170901968813,48.715,1229.8593268781667
4090,2,1263.170901968813,48.705,1230.5810926986474
4091,2,1264.170901968813,48.695,1231.302458517379
4092,2,1265.170901968813,48.686,1108.8324684416668
4093,2,1266.170901968813,48.676,1232.7693135746306
4094,2,1267.170901968813,48.665,1356.824510454352
4095,2,1268.170901968813,48.654,1357.588364095199
4096,2,1269.170901968813,48.644,1234.8779041982475
4097,2,1270.170901968813,48.637,864.9444686007369
4098,2,1271.170901968813,48.629,989.1336716075189
4099,2,1272.170901968813,48.622,866.039246711323
4100,2,1273.170901968813,48.616,742.8035529938888
4101,2,1274.170901968813,48.607,1114.9084584190675
4102,2,1275.170901968813,48.597,1239.5171235495184
4103,2,1276.170901968813,48.586,1364.243284426732
4104,2,1277.170901968813,48.576,1240.9247917706912
4105,2,1278.170901968813,48.566,1241.6407775902974
4106,2,1279.170901968813,48.557,1118.1322396072958
4107,2,1280.170901968813,48.549,994.4982048530006
4108,2,1281.170901968813,48.541,995.1110629775487
4109,2,1282.170901968813,48.531,1244.6289379589184
4110,2,1283.170901968813,48.524,871.7670632338201
4111,2,1284.170901968813,48.515,1121.5319414054075
4112,2,1285.170901968813,48.506,1122.1970947192883
4113,2,1286.170901968813,48.496,1247.61149832754
4114,2,1287.170901968813,48.487,1123.5032602708152
4115,2,1288.170901968813,48.478,1124.1674235846963
4116,2,1289.170901968813,48.469,1124.8312628985773
4117,2,1290.170901968813,48.46,1125.4947782124584
4118,2,1291.170901968813,48.451,1126.1579695263395
4119,2,1292.170901968813,48.443,1001.6288590032639
4120,2,1293.170901968813,48.434,1127.506657230337
4121,2,1294.170901968813,48.426,1002.827148517038
4122,2,1295.170901968813,48.418,1003.4362466424769
4123,2,1296.170901968813,48.411,878.5485258669034
4124,2,1297.170901968813,48.404,879.0992061185103
4125,2,1298.170901968813,48.396,1005.3035464849846
4126,2,1299.170901968813,48.387,1131.6389166472716
4127,2,1300.170901968813,48.379,1006.4986999996494
4128,2,1301.170901968813,48.372,881.2271015544276
4129,2,1302.170901968813,48.364,1007.7344349831773
4130,2,1303.170901968813,48.357,882.3079496650138
4131,2,1304.170901968813,48.352,630.6253187928323
4132,2,1305.170901968813,48.344,1009.6384442936512
4133,2,1306.170901968813,48.336,1010.2448224190962
4134,2,1307.170901968813,48.327,1137.1955480731453
4135,2,1308.170901968813,48.317,1264.268686498488
4136,2,1309.170901968813,48.308,1138.4877456246722
4137,2,1310.170901968813,48.299,1139.1451229385532
4138,2,1311.170901968813,48.289,1266.4337507933851
4139,2,1312.170901968813,48.28,1140.43528649008
4140,2,1313.170901968813,48.272,1014.3142154154814
4141,2,1314.170901968813,48.263,1141.7713921940776
4142,2,1315.170901968813,48.254,1142.4271495079586
4143,2,1316.170901968813,48.245,1143.0825828218397
4144,2,1317.170901968813,48.238,889.5922009423316
4145,2,1318.170901968813,48.23,1017.2904845693594
4146,2,1319.170901968813,48.224,763.4358610710283
4147,2,1320.170901968813,48.216,1018.5382542864141
4148,2,1321.170901968813,48.211,636.9827328210596
4149,2,1322.170901968813,48.204,892.3397525929936
4150,2,1323.170901968813,48.197,892.8849868446006
4151,2,1324.170901968813,48.191,765.8051093938487
4152,2,1325.170901968813,48.184,893.9934197413494
4153,2,1326.170901968813,48.177,894.5380799920488
4154,2,1327.170901968813,48.171,767.2215723773762
4155,2,1328.170901968813,48.164,895.6454068878901
4156,2,1329.170901968813,48.159,640.1486439520374
4157,2,1330.170901968813,48.153,768.668519462551
4158,2,1331.170901968813,48.148,640.9654451519103
4159,2,1332.170901968813,48.143,641.380341607723
4160,2,1333.170901968813,48.138,641.7951380626248
4161,2,1334.170901968813,48.131,899.0750899311795
4162,2,1335.170901968813,48.124,899.6181261827865
4163,2,1336.170901968813,48.117,900.160966435307
4164,2,1337.170901968813,48.11,900.7036106860002
4165,2,1338.170901968813,48.105,643.7605666649761
4166,2,1339.170901968813,48.099,773.0015847180754
4167,2,1340.170901968813,48.094,644.575297864844
4168,2,1341.170901968813,48.088,773.9789981590156
4169,2,1342.170901968813,48.082,774.4594538540739
4170,2,1343.170901968813,48.075,904.0869909440345
4171,2,1344.170901968813,48.066,1163.069412175697
4172,2,1345.170901968813,48.056,1293.005174391124
4173,2,1346.170901968813,48.048,1034.9792669019128
4174,2,1347.170901968813,48.04,1035.5756610273802
4175,2,1348.170901968813,48.031,1165.6811405074566
4176,2,1349.170901968813,48.024,907.1622769200278
4177,2,1350.170901968813,48.016,1037.363307401025
4178,2,1351.170901968813,48.008,1037.9586775246512
4179,2,1352.170901968813,47.999,1168.360846067923
4180,2,1353.170901968813,47.99,1169.005695381804
4181,2,1354.170901968813,47.981,1169.650220695685
4182,2,1355.170901968813,47.973,1040.2725498204713
4183,2,1356.170901968813,47.963,1301.0561165125416
4184,2,1357.170901968813,47.954,1171.5818526373282
4185,2,1358.170901968813,47.945,1172.2250819512092
4186,2,1359.170901968813,47.935,1303.1730608074388
4187,2,1360.170901968813,47.927,1043.1096240366232
4188,2,1361.170901968813,47.917,1304.6006392827296
4189,2,1362.170901968813,47.909,1044.2511108168565
4190,2,1363.170901968813,47.899,1306.0267777580207
4191,2,1364.170901968813,47.891,1045.3914455970898
4192,2,1365.170901968813,47.881,1307.4514762333115
4193,2,1366.170901968813,47.873,1046.5306283773232
4194,2,1367.170901968813,47.863,1308.8747347086023
4195,2,1368.170901968813,47.853,1309.5584605282086
4196,2,1369.170901968813,47.844,1179.2299302514302
4197,2,1370.170901968813,47.836,1048.7836152033585
4198,2,1371.170901968813,47.827,1180.5328979554276
4199,2,1372.170901968813,47.817,1312.3991374787904
4200,2,1373.170901968813,47.808,1181.7852075069545
4201,2,1374.170901968813,47.798,1313.789832536042
4202,2,1375.170901968813,47.788,1314.470858356582
4203,2,1376.170901968813,47.777,1446.6514947125777
4204,2,1377.170901968813,47.768,1184.236144457537
4205,2,1378.170901968813,47.758,1316.5115358144665
4206,2,1379.170901968813,47.748,1317.1909616350085
4207,2,1380.170901968813,47.739,1186.0954102467094
4208,2,1381.170901968813,47.729,1318.576236691324
4209,2,1382.170901968813,47.719,1319.2544825109303
4210,2,1383.170901968813,47.709,1319.9323283305364
4211,2,1384.170901968813,47.7,1188.5612542735275
4212,2,1385.170901968813,47.69,1321.3145233887267
4213,2,1386.170901968813,47.68,1321.991189207394
4214,2,1387.170901968813,47.669,1454.9189416504362
4215,2,1388.170901968813,47.657,1587.9453528130089
4216,2,1389.170901968813,47.646,1456.3136991730996
4217,2,1390.170901968813,47.637,1192.136886470695
4218,2,1391.170901968813,47.626,1457.7982499771745
4219,2,1392.170901968813,47.614,1591.0842804421773
4220,2,1393.170901968813,47.604,1326.5494694364004
4221,2,1394.170901968813,47.591,1725.3352871677262
4222,2,1395.170901968813,47.579,1593.3409768845236
4223,2,1396.170901968813,47.567,1594.0809196647567
4224,2,1397.170901968813,47.555,1594.8202864449897
4225,2,1398.170901968813,47.544,1462.611200670024
4226,2,1399.170901968813,47.534,1330.3037101736434
4227,2,1400.170901968813,47.524,1330.9744559932494
4228,2,1401.170901968813,47.513,1464.7938691148818
4229,2,1402.170901968813,47.502,1465.499950755659
4230,2,1403.170901968813,47.491,1466.2055483983293
4231,2,1404.170901968813,47.48,1466.910662040053
4232,2,1405.170901968813,47.468,1601.018001600731
4233,2,1406.170901968813,47.457,1468.2885015636573
4234,2,1407.170901968813,47.445,1602.5199952637922
4235,2,1408.170901968813,47.435,1336.072551787744
4236,2,1409.170901968813,47.423,1604.0536010275528
4237,2,1410.170901968813,47.411,1604.7857678077858
4238,2,1411.170901968813,47.399,1605.5173585880189
4239,2,1412.170901968813,47.387,1606.2483733682518
4240,2,1413.170901968813,47.377,1339.1772735414595
4241,2,1414.170901968813,47.365,1607.7765551320124
4242,2,1415.170901968813,47.353,1608.5058899122455
4243,2,1416.170901968813,47.343,1341.0571973281205
4244,2,1417.170901968813,47.332,1475.877206583245
4245,2,1418.170901968813,47.32,1610.7925465578862
4246,2,1419.170901968813,47.308,1611.519649338119
4247,2,1420.170901968813,47.297,1477.9079499887293
4248,2,1421.170901968813,47.286,1478.604681629498
4249,2,1422.170901968813,47.275,1479.3009292721767
4250,2,1423.170901968813,47.264,1479.9966929129446
4251,2,1424.170901968813,47.253,1480.6919725556243
4252,2,1425.170901968813,47.241,1616.0411905277535
4253,2,1426.170901968813,47.23,1482.0497040792284
4254,2,1427.170901968813,47.217,1752.2961323169775
4255,2,1428.170901968813,47.208,1213.6953367656924
4256,2,1429.170901968813,47.198,1349.223081712409
4257,2,1430.170901968813,47.187,1484.8534864059666
4258,2,1431.170901968813,47.179,1080.4309866809133
4259,2,1432.170901968813,47.169,1351.224602590227
4260,2,1433.170901968813,47.159,1351.881448408873
4261,2,1434.170901968813,47.148,1487.775907771117
4262,2,1435.170901968813,47.137,1488.465973413802
4263,2,1436.170901968813,47.127,1353.7921390316126
4264,2,1437.170901968813,47.117,1354.447344852181
4265,2,1438.170901968813,47.106,1490.5965458576968
4266,2,1439.170901968813,47.098,1084.6052451929227
4267,2,1440.170901968813,47.086,1627.6926747724299
4268,2,1441.170901968813,47.075,1492.7230263025533
4269,2,1442.170901968813,47.064,1493.4097919452413
4270,2,1443.170901968813,47.053,1494.0960735869648
4271,2,1444.170901968813,47.043,1358.907051916304
4272,2,1445.170901968813,47.032,1495.4989786302556
4273,2,1446.170901968813,47.022,1360.1815801374767
4274,2,1447.170901968813,47.011,1496.9000356725794
4275,2,1448.170901968813,47.0,1497.58394131527
4276,2,1449.170901968813,46.989,1498.2673629569938
4277,2,1450.170901968813,46.978,1498.9503005977492
4278,2,1451.170901968813,46.967,1499.6327542404413
4279,2,1452.170901968813,46.958,1227.5563677068333
4280,2,1453.170901968813,46.948,1364.614667202562
4281,2,1454.170901968813,46.939,1228.7496912583601
4282,2,1455.170901968813,46.929,1365.9398222598138
4283,2,1456.170901968813,46.917,1639.869773594045
4284,2,1457.170901968813,46.907,1367.1760270639186
4285,2,1458.170901968813,46.897,1367.822632882553
4286,2,1459.170901968813,46.888,1231.6350873703527
4287,2,1460.170901968813,46.878,1369.1438479398048
4288,2,1461.170901968813,46.869,1232.8234969218795
4289,2,1462.170901968813,46.859,1370.4635429970565
4290,2,1463.170901968813,46.85,1234.0105384734063
4291,2,1464.170901968813,46.841,1234.6167237872874
4292,2,1465.170901968813,46.832,1235.2225851011685
4293,2,1466.170901968813,46.823,1235.8281224150496
4294,2,1467.170901968813,46.814,1236.4333357289306
4295,2,1468.170901968813,46.805,1237.0382250428117
4296,2,1469.170901968813,46.796,1237.6427903566928
4297,2,1470.170901968813,46.786,1375.815333480181
4298,2,1471.170901968813,46.775,1514.0864283505286
4299,2,1472.170901968813,46.763,1652.4470619403685
4300,2,1473.170901968813,46.751,1653.1452447206016
4301,2,1474.170901968813,46.74,1516.038829755034
4302,2,1475.170901968813,46.728,1654.575286382715
4303,2,1476.170901968813,46.718,1379.4226610535027
4304,2,1477.170901968813,46.708,1380.0616868740892
4305,2,1478.170901968813,46.697,1518.7540840817703
4306,2,1479.170901968813,46.687,1381.308955095263
4307,2,1480.170901968813,46.676,1520.1251551250602
4308,2,1481.170901968813,46.666,1382.5545433164368
4309,2,1482.170901968813,46.656,1383.1915291350604
4310,2,1483.170901968813,46.645,1522.1946115699168
4311,2,1484.170901968813,46.635,1384.4346173572171
4312,2,1485.170901968813,46.623,1662.0488157097536
4313,2,1486.170901968813,46.613,1385.6463021593668
4314,2,1487.170901968813,46.602,1524.892991897638
4315,2,1488.170901968813,46.591,1525.5582195383763
4316,2,1489.170901968813,46.582,1248.7546840423092
4317,2,1490.170901968813,46.571,1526.952790342496
4318,2,1491.170901968813,46.561,1388.7572844213187
4319,2,1492.170901968813,46.551,1389.3901702409248
4320,2,1493.170901968813,46.54,1529.0084967873538
4321,2,1494.170901968813,46.531,1251.575820154302
4322,2,1495.170901968813,46.52,1530.3986235894993
4323,2,1496.170901968813,46.509,1531.0601112322115
4324,2,1497.170901968813,46.498,1531.7211148739352
4325,2,1498.170901968813,46.485,1810.9575247106984
4326,2,1499.170901968813,46.472,1811.659583945833
4327,2,1500.170901968813,46.461,1533.569206759733
4328,2,1501.170901968813,46.449,1673.6854620231325
4329,2,1502.170901968813,46.438,1534.8536342823456
4330,2,1503.170901968813,46.427,1535.5116239250608
4331,2,1504.170901968813,46.415,1675.802818567126
4332,2,1505.170901968813,46.404,1536.7930374476723
4333,2,1506.170901968813,46.392,1677.1996202292394
4334,2,1507.170901968813,46.38,1677.8791070094724
4335,2,1508.170901968813,46.368,1678.5580177897054
4336,2,1509.170901968813,46.358,1399.3938105603174
4337,2,1510.170901968813,46.346,1679.9865995534656
4338,2,1511.170901968813,46.336,1400.5834153624567
4339,2,1512.170901968813,46.327,1261.1006306022728
4340,2,1513.170901968813,46.317,1401.8620504197083
4341,2,1514.170901968813,46.307,1402.4856562393145
4342,2,1515.170901968813,46.296,1543.4030813855888
4343,2,1516.170901968813,46.285,1544.0548010273124
4344,2,1517.170901968813,46.274,1544.7060366680382
4345,2,1518.170901968813,46.263,1545.3567883107598
4346,2,1519.170901968813,46.253,1405.4761516651874
4347,2,1520.170901968813,46.246,984.3000178281969
4348,2,1521.170901968813,46.238,1125.4717575818456
4349,2,1522.170901968813,46.228,1407.4905462142026
4350,2,1523.170901968813,46.217,1548.9048743579683
4351,2,1524.170901968813,46.209,1126.9841582823315
4352,2,1525.170901968813,46.199,1409.3799270920617
4353,2,1526.170901968813,46.189,1409.9987729106665
4354,2,1527.170901968813,46.18,1269.5692413956638
4355,2,1528.170901968813,46.17,1411.265827967918
4356,2,1529.170901968813,46.163,988.3505582411111
4357,2,1530.170901968813,46.156,988.8469324917148
4358,2,1531.170901968813,46.151,706.6889622395335
4359,2,1532.170901968813,46.144,989.8819937811886
4360,2,1533.170901968813,46.138,848.9044630529481
4361,2,1534.170901968813,46.132,849.3476947480065
4362,2,1535.170901968813,46.124,1133.0298138556507
4363,2,1536.170901968813,46.117,991.8855811802458
4364,2,1537.170901968813,46.108,1275.8902779067123
4365,2,1538.170901968813,46.098,1418.2858618690816
4366,2,1539.170901968813,46.088,1418.9000876886878
4367,2,1540.170901968813,46.08,1135.6357735416718
4368,2,1541.170901968813,46.073,994.1646549036254
4369,2,1542.170901968813,46.066,994.6585931552324
4370,2,1543.170901968813,46.057,1279.4537970187052
4371,2,1544.170901968813,46.048,1280.0327483325864
4372,2,1545.170901968813,46.037,1565.157687586176
4373,2,1546.170901968813,46.027,1423.4667791882848
4374,2,1547.170901968813,46.018,1281.6841110455232
4375,2,1548.170901968813,46.01,1139.800574131468
4376,2,1549.170901968813,46.003,997.8070354196949
4377,2,1550.170901968813,45.996,998.2992096713019
4378,2,1551.170901968813,45.989,998.7911879239226
4379,2,1552.170901968813,45.984,713.7890718332391
4380,2,1553.170901968813,45.98,571.3432353153379
4381,2,1554.170901968813,45.977,428.7506808970546
4382,2,1555.170901968813,45.975,286.00214955500604
4383,2,1556.170901968813,45.974,143.0883582658136
4384,2,1557.170901968813,45.972,286.3512715041816
4391,2,1564.170901968813,45.97,287.62600213798476
4392,2,1565.170901968813,45.968,287.79736476974676
4393,2,1566.170901968813,45.966,287.96871140355364
4417,2,1590.170901968813,45.961,730.8982025268093
4418,2,1591.170901968813,45.952,1316.2436200139855
4419,2,1592.170901968813,45.947,731.5945685994943
4420,2,1593.170901968813,45.942,731.9744050554358
4421,2,1594.170901968813,45.94,292.95122162975497
4422,2,1595.170901968813,45.938,293.12222426149805
4449,2,1622.170901968813,45.934,596.1283404234437
4450,2,1623.170901968813,45.924,1491.0123271302157
4451,2,1624.170901968813,45.915,1342.4600831932753
4452,2,1625.170901968813,45.906,1343.0233565071562
4453,2,1626.170901968813,45.899,1045.0343375864143
4454,2,1627.170901968813,45.891,1194.864136734138
4455,2,1628.170901968813,45.886,747.1432043492792
4456,2,1629.170901968813,45.881,747.5206308052428
4457,2,1630.170901968813,45.878,448.74855538128594
4504,2,1677.170901968813,45.877,153.8888161097898
4576,2,1749.170901968813,45.876,160.49167776911082
4577,2,1750.170901968813,45.866,1605.641788883909
4578,2,1751.170901968813,45.855,1766.810609294744
4579,2,1752.170901968813,45.843,1928.0468084237662
4580,2,1753.170901968813,45.831,1928.6422712051408
4581,2,1754.170901968813,45.818,2089.9841169298575
4582,2,1755.170901968813,45.806,1929.7893446639594
4583,2,1756.170901968813,45.795,1769.5371187030028
4584,2,1757.170901968813,45.786,1448.3112153589077
4585,2,1758.170901968813,45.778,1287.8812837434093
4586,2,1759.170901968813,45.771,1127.3523583300614
4587,2,1760.170901968813,45.763,1288.9238667269371
4588,2,1761.170901968813,45.753,1611.7531626454584
4589,2,1762.170901968813,45.741,1934.7367740568882
4590,2,1763.170901968813,45.731,1612.8076874485919
4591,2,1764.170901968813,45.72,1774.6871247158986
4592,2,1765.170901968813,45.709,1775.2659143564756
4593,2,1766.170901968813,45.7,1452.9952438026603
4594,2,1767.170901968813,45.691,1453.5316431165413
4595,2,1768.170901968813,45.681,1615.6131165477705
4596,2,1769.170901968813,45.669,1939.3651427382863
4597,2,1770.170901968813,45.659,1616.6616813497558
4598,2,1771.170901968813,45.649,1617.2207271693621
4599,2,1772.170901968813,45.64,1456.017385228534
4600,2,1773.170901968813,45.628,1942.005142570749
4601,2,1774.170901968813,45.615,2104.4487829081218
4602,2,1775.170901968813,45.602,2105.0349341444066
4603,2,1776.170901968813,45.592,1619.761292341117
4604,2,1777.170901968813,45.58,1944.338705691681
4605,2,1778.170901968813,45.57,1620.8027771442505
4606,2,1779.170901968813,45.561,1459.2386112059344
4607,2,1780.170901968813,45.551,1621.9493122015024
4608,2,1781.170901968813,45.542,1460.269808757461
4609,2,1782.170901968813,45.532,1623.094327259907
4610,2,1783.170901968813,45.523,1461.2996383078341
4611,2,1784.170901968813,45.514,1461.830097622869
4612,2,1785.170901968813,45.503,1787.2898998299027
4613,2,1786.170901968813,45.494,1462.8257420981602
4614,2,1787.170901968813,45.489,813.0108508695585
4615,2,1788.170901968813,45.484,813.3763573233043
4616,2,1789.170901968813,45.478,976.4793815093601
4617,2,1790.170901968813,45.473,814.0891685252441
4618,2,1791.170901968813,45.462,1791.6813856751705
4619,2,1792.170901968813,45.451,1792.2479653180517
4620,2,1793.170901968813,45.441,1629.8488962171693
4621,2,1794.170901968813,45.432,1467.3752313715631
4622,2,1795.170901968813,45.425,1141.726898482079
4623,2,1796.170901968813,45.42,815.865727946042
4624,2,1797.170901968813,45.416,652.9912642057544
4625,2,1798.170901968813,45.413,489.9781945647945
4626,2,1799.170901968813,45.412,163.4096971709366
4627,3,1800.170901968813,45.401,1798.2681213247258
4637,3,1810.170901968813,45.397,657.4395902286607
4638,3,1811.170901968813,45.388,1479.8443530172042
4639,3,1812.170901968813,45.38,1315.8970274385124
4640,3,1813.170901968813,45.368,1974.4995961424652
4641,3,1814.170901968813,45.357,1810.4972058927847
4642,3,1815.170901968813,45.345,1975.675573804578
4643,3,1816.170901968813,45.331,2305.5635778962446
4644,3,1817.170901968813,45.316,2470.8163612615986
4645,3,1818.170901968813,45.304,1977.151765637041
4646,3,1819.170901968813,45.291,2142.501242231102
4647,3,1820.170901968813,45.279,1978.2345430946884
4648,3,1821.170901968813,45.267,1978.7968858760928
4649,3,1822.170901968813,45.256,1814.432142148611
4650,3,1823.170901968813,45.245,1814.9866877903346
4651,3,1824.170901968813,45.23,2475.627935334519
4652,3,1825.170901968813,45.218,1980.9966928942044
4653,3,1826.170901968813,45.204,2311.764354170015
4654,3,1827.170901968813,45.193,1816.8784482784827
4655,3,1828.170901968813,45.181,1982.6294051344291
4656,3,1829.170901968813,45.167,2313.6670571144014
4657,3,1830.170901968813,45.155,1983.6563544916007
4658,3,1831.170901968813,45.142,2149.5401061557027
4659,3,1832.170901968813,45.128,2315.460942490626
4660,3,1833.170901968813,45.115,2150.6009421825206
4661,3,1834.170901968813,45.101,2316.601869288738
4662,3,1835.170901968813,45.09,1820.6748870134463
4663,3,1836.170901968813,45.076,2317.84259765736
4664,3,1837.170901968813,45.065,1821.6486450185398
4665,3,1838.170901968813,45.054,1822.1953586590864
4666,3,1839.170901968813,45.043,1822.7415883019871
4667,3,1840.170901968813,45.032,1823.2873339437108
4668,3,1841.170901968813,45.022,1658.048044058665
4669,3,1842.170901968813,45.01,1990.2519677527494
4670,3,1843.170901968813,44.997,2156.677683855279
4671,3,1844.170901968813,44.985,1991.3062332115683
4672,3,1845.170901968813,44.972,2157.8185047689994
4673,3,1846.170901968813,44.958,2324.366088997256
4674,3,1847.170901968813,44.945,2158.860672795817
4675,3,1848.170901968813,44.929,2657.640186296429
4676,3,1849.170901968813,44.917,1993.6873062995553
4677,3,1850.170901968813,44.902,2492.707503659147
4678,3,1851.170901968813,44.889,2160.8403239625504
4679,3,1852.170901968813,44.877,1995.1436782336655
4680,3,1853.170901968813,44.865,1995.6871570138983
4681,3,1854.170901968813,44.852,2162.558460556038
4682,3,1855.170901968813,44.843,1497.5959864677086
4683,3,1856.170901968813,44.833,1664.5398180504044
4684,3,1857.170901968813,44.823,1665.0651438688278
4685,3,1858.170901968813,44.814,1499.0477862580633
4686,3,1859.170901968813,44.804,1666.1517789260795
4687,3,1860.170901968813,44.794,1666.6759247468697
4688,3,1861.170901968813,44.784,1667.1996705652916
4689,3,1862.170901968813,44.772,2001.222927560704
4690,3,1863.170901968813,44.759,2168.5502023138943
4691,3,1864.170901968813,44.748,1835.4197941482128
4692,3,1865.170901968813,44.737,1835.9529997887505
4693,3,1866.170901968813,44.728,1502.6128177018156
4694,3,1867.170901968813,44.722,1002.1106230867
4695,3,1868.170901968813,44.72,334.1858836281976
4696,3,1869.170901968813,44.719,167.17677630079905
4711,3,1884.170901968813,44.717,337.0254175773774
4712,3,1885.170901968813,44.705,2022.909028750339
4713,3,1886.170901968813,44.694,1854.8397171154807
4714,3,1887.170901968813,44.684,1686.7156087625485
4715,3,1888.170901968813,44.678,1012.3843688504608
4716,3,1889.170901968813,44.672,1012.784520545519
4717,3,1890.170901968813,44.67,337.74329744660827
4771,3,1944.170901968813,44.666,694.7378067939926
4772,3,1945.170901968813,44.654,2084.911979565097
4773,3,1946.170901968813,44.644,1737.8916920409997
4774,3,1947.170901968813,44.636,1390.7473450214343
4775,3,1948.170901968813,44.627,1565.096213002039
4776,3,1949.170901968813,44.62,1217.7035884169447
4777,3,1950.170901968813,44.612,1392.1411993950774
4778,3,1951.170901968813,44.609,522.2562571336982
4779,3,1952.170901968813,44.607,348.32975838052494
4780,3,1953.170901968813,44.606,174.2482356769376
4802,3,1975.170901968813,44.595,1938.0594158922117
4803,3,1976.170901968813,44.584,1938.5623935326832
4804,3,1977.170901968813,44.575,1586.5432240377968
4805,3,1978.170901968813,44.568,1234.3806210003233
4806,3,1979.170901968813,44.564,705.6298433367459
4807,3,1980.170901968813,44.559,882.393856481284
4808,3,1981.170901968813,44.555,706.2002550318039
4809,3,1982.170901968813,44.549,1059.716136294215
4810,3,1983.170901968813,44.543,1060.1079719892732
4811,3,1984.170901968813,44.539,707.0156491563514
4812,3,1985.170901968813,44.537,353.6621665279802
4831,3,2004.170901968813,44.527,1784.9947721291485
4832,3,2005.170901968813,44.516,1964.0107588645965
4833,3,2006.170901968813,44.505,1964.5047385050511
4834,3,2007.170901968813,44.495,1786.3821027531576
4835,3,2008.170901968813,44.486,1608.2014952528434
4836,3,2009.170901968813,44.478,1429.9510409812353
4837,3,2010.170901968813,44.47,1430.4054511070535
4838,3,2011.170901968813,44.46,1788.5342831205096
4839,3,2012.170901968813,44.451,1610.1371435846033
4840,3,2013.170901968813,44.441,1789.5478781777613
4841,3,2014.170901968813,44.435,1074.0687185003221
4842,3,2015.170901968813,44.429,1074.4568821953803
4843,3,2016.170901968813,44.426,537.440596483337
4844,3,2017.170901968813,44.424,358.4512692802962
4845,3,2018.170901968813,44.423,179.30843012680523
4865,3,2038.170901968813,44.415,1448.5362127133271
4866,3,2039.170901968813,44.407,1448.985902837875
4867,3,2040.170901968813,44.401,1087.1009847710318
4868,3,2041.170901968813,44.399,362.51195219010424
4889,3,2062.170901968813,44.393,1098.6256723657307
4890,3,2063.170901968813,44.383,1831.6005999314689
4891,3,2064.170901968813,44.375,1465.6934473360727
4892,3,2065.170901968813,44.366,1649.3879791045922
4893,3,2066.170901968813,44.359,1283.2470929398949
4894,3,2067.170901968813,44.355,733.5479975899415
4895,3,2068.170901968813,44.352,550.3837086028633
4913,3,2086.170901968813,44.351,185.0496175169083
4914,3,2087.170901968813,44.341,1851.1536163738112
4915,3,2088.170901968813,44.33,2036.7622225337584
4916,3,2089.170901968813,44.321,1666.8638066739982
4917,3,2090.170901968813,44.311,1852.5602738326295
4918,3,2091.170901968813,44.3,2038.3081927384592
4919,3,2092.170901968813,44.288,2224.0948303634423
4920,3,2093.170901968813,44.276,2224.5550531423582
4921,3,2094.170901968813,44.265,2039.6198441439437
4922,3,2095.170901968813,44.254,2040.0867637856672
4923,3,2096.170901968813,44.243,2040.553199426073
4924,3,2097.170901968813,44.234,1669.9625090415152
4925,3,2098.170901968813,44.224,1856.0000164645219
4926,3,2099.170901968813,44.213,2042.088147630773
4927,3,2100.170901968813,44.203,1856.8871046843763
4928,3,2101.170901968813,44.192,2043.0630206753826
4929,3,2102.170901968813,44.183,1672.014181153508
4930,3,2103.170901968813,44.17,2415.678963121108
4931,3,2104.170901968813,44.16,1858.6141577100032
4932,3,2105.170901968813,44.147,2416.7172489217305
4933,3,2106.170901968813,44.135,2231.243754811413
4934,3,2107.170901968813,44.123,2231.6962735916463
4935,3,2108.170901968813,44.111,2232.1482163718792
4936,3,2109.170901968813,44.1,2046.5728187684765
4937,3,2110.170901968813,44.088,2233.1010180339927
4938,3,2111.170901968813,44.077,2047.4452082934026
4939,3,2112.170901968813,44.065,2234.0516116961057
4940,3,2113.170901968813,44.054,2048.3155738156834
4941,3,2114.170901968813,44.042,2234.9999973582194
4942,3,2115.170901968813,44.031,2049.183915340611
4943,3,2116.170901968813,44.021,1863.3308026012082
4944,3,2117.170901968813,44.01,2050.1433883839013
4945,3,2118.170901968813,43.999,2050.5991320243
4946,3,2119.170901968813,43.988,2051.0543916673487
4947,3,2120.170901968813,43.976,2237.9845586495007
4948,3,2121.170901968813,43.966,1865.4001146090422
4949,3,2122.170901968813,43.954,2238.975188413261
4950,3,2123.170901968813,43.944,1866.224759412176
4951,3,2124.170901968813,43.932,2239.963706177022
4952,3,2125.170901968813,43.922,1867.047644216636
4953,3,2126.170901968813,43.911,2054.2276571580874
4954,3,2127.170901968813,43.9,2054.679044801138
4955,3,2128.170901968813,43.889,2055.129948441534
4956,3,2129.170901968813,43.879,1868.7307172409437
4957,3,2130.170901968813,43.866,2429.8539953119443
4958,3,2131.170901968813,43.856,1869.5057386247101
4959,3,2132.170901968813,43.845,2056.928723009756
4960,3,2133.170901968813,43.834,2057.377206650151
4961,3,2134.170901968813,43.825,1683.7135838612214
4962,3,2135.170901968813,43.814,2058.366669454614
4963,3,2136.170901968813,43.804,1871.670220886662
4964,3,2137.170901968813,43.791,2433.671307054435
4965,3,2138.170901968813,43.781,1872.4390222717561
4966,3,2139.170901968813,43.77,2060.152068020178
4967,3,2140.170901968813,43.759,2060.5972076632324
4968,3,2141.170901968813,43.748,2061.0418633049558
4969,3,2142.170901968813,43.737,2061.486034945348
4970,3,2143.170901968813,43.724,2436.7703133432065
4971,3,2144.170901968813,43.711,2437.182576577009
4972,3,2145.170901968813,43.701,1875.1367888286056
4973,3,2146.170901968813,43.692,1688.0428227219081
4974,3,2147.170901968813,43.681,2063.6523953954543
4975,3,2148.170901968813,43.67,2064.093641035845
4976,3,2149.170901968813,43.657,2439.8484156319782
4977,3,2150.170901968813,43.647,1877.1852042544788
4978,3,2151.170901968813,43.634,2440.832517431267
4979,3,2152.170901968813,43.624,1877.9412856395732
4980,3,2153.170901968813,43.613,2066.1978697261097
4981,3,2154.170901968813,43.602,2066.6361673678334
4982,3,2155.170901968813,43.59,2254.963935412327
4983,3,2156.170901968813,43.577,2443.3103371558846
4984,3,2157.170901968813,43.565,2255.762240872481
4985,3,2158.170901968813,43.552,2444.1738680682693
4986,3,2159.170901968813,43.541,2068.5353850173915
4987,3,2160.170901968813,43.531,1880.9040077619104
4988,3,2161.170901968813,43.52,2069.4529700593457
4989,3,2162.170901968813,43.509,2069.887285702406
4990,3,2163.170901968813,43.497,2258.506169960468
4991,3,2164.170901968813,43.487,1882.4824173681777
4992,3,2165.170901968813,43.474,2447.7105484804138
4993,3,2166.170901968813,43.464,1883.2256587532718
4994,3,2167.170901968813,43.451,2448.6755662796986
4995,3,2168.170901968813,43.44,2072.339916273218
4996,3,2169.170901968813,43.428,2261.1784549468075
4997,3,2170.170901968813,43.418,1884.7066215234602
4998,3,2171.170901968813,43.405,2450.5984258809435
4999,3,2172.170901968813,43.394,2073.964883320426
5000,3,2173.170901968813,43.381,2451.499765238115
5001,3,2174.170901968813,43.37,2074.726499084187
5002,3,2175.170901968813,43.359,2075.15436872457
5003,3,2176.170901968813,43.347,2264.2448907133803
5004,3,2177.170901968813,43.336,2075.960758249514
5005,3,2178.170901968813,43.325,2076.3871538898966
5006,3,2179.170901968813,43.312,2454.3587826413236
5007,3,2180.170901968813,43.302,1888.3332250308918
5008,3,2181.170901968813,43.291,2077.6154510565657
5009,3,2182.170901968813,43.279,2266.926419800025
5010,3,2183.170901968813,43.267,2267.3365065816006
5011,3,2184.170901968813,43.254,2456.696457921156
5012,3,2185.170901968813,43.243,2079.118002582744
5013,3,2186.170901968813,43.232,2079.5404162258105
5014,3,2187.170901968813,43.221,2079.962345867534
5015,3,2188.170901968813,43.21,2080.383791507914
5016,3,2189.170901968813,43.198,2269.94255156794
5017,3,2190.170901968813,43.187,2081.177047032862
5018,3,2191.170901968813,43.176,2081.5970186732407
5019,3,2192.170901968813,43.163,2460.507965567099
5020,3,2193.170901968813,43.152,2082.339010437001
5021,3,2194.170901968813,43.141,2082.7574860800696
5022,3,2195.170901968813,43.13,2083.175477720448
5023,3,2196.170901968813,43.119,2083.592985363517
5024,3,2197.170901968813,43.108,2084.0100090052406
5025,3,2198.170901968813,43.097,2084.426548645618
5026,3,2199.170901968813,43.086,2084.842604288688
5027,3,2200.170901968813,43.074,2274.800698963681
5028,3,2201.170901968813,43.064,1896.0445915375187
5029,3,2202.170901968813,43.054,1896.465537357125
5030,3,2203.170901968813,43.043,2086.550456615426
5031,3,2204.170901968813,43.034,1707.5557685589902
5032,3,2205.170901968813,43.024,1897.7259748159433
5033,3,2206.170901968813,43.013,2087.9355848201267
5034,3,2207.170901968813,43.003,1898.5201230371163
5035,3,2208.170901968813,42.992,2088.8082238634174
5036,3,2209.170901968813,42.984,1519.485419740523
5037,3,2210.170901968813,42.974,1899.818703915324
5038,3,2211.170901968813,42.965,1710.2323452973949
5039,3,2212.170901968813,42.954,2090.7426289893724
5040,3,2213.170901968813,42.943,2091.1521506310955
5041,3,2214.170901968813,42.935,1521.1885497533785
5042,3,2215.170901968813,42.924,2092.115943194073
5043,3,2216.170901968813,42.916,1521.8888818005314
5044,3,2217.170901968813,42.906,1902.8204114872958
5045,3,2218.170901968813,42.897,1712.9314611147354
5046,3,2219.170901968813,42.887,1903.6935665445476
5047,3,2220.170901968813,42.877,1904.107372364154
5048,3,2221.170901968813,42.869,1523.6521612822514
5049,3,2222.170901968813,42.859,1905.0226708394448
5050,3,2223.170901968813,42.851,1524.3838240624846
5051,3,2224.170901968813,42.843,1524.7848101856785
5052,3,2225.170901968813,42.833,1906.4374219717754
5053,3,2226.170901968813,42.825,1525.514776965911
5054,3,2227.170901968813,42.817,1525.9149630918141
5055,3,2228.170901968813,42.807,1907.8490531013967
5056,3,2229.170901968813,42.799,1526.6432338720474
5057,3,2230.170901968813,42.791,1527.0426199965955
5058,3,2231.170901968813,42.781,1909.2575642323725
5059,3,2232.170901968813,42.773,1527.7691947754718
5060,3,2233.170901968813,42.763,1910.165062709021
5061,3,2234.170901968813,42.755,1528.4946175557043
5062,3,2235.170901968813,42.744,2102.153646422279
5063,3,2236.170901968813,42.733,2102.5529820640027
5064,3,2237.170901968813,42.723,1911.7967659860883
5065,3,2238.170901968813,42.71,2485.777510682362
5066,3,2239.170901968813,42.699,2103.69882322933
5067,3,2240.170901968813,42.686,2486.600902039533
5068,3,2241.170901968813,42.675,2104.394482993091
5069,3,2242.170901968813,42.664,2104.790848633455
5070,3,2243.170901968813,42.653,2105.186730276538
5071,3,2244.170901968813,42.642,2105.5821279169018
5072,3,2245.170901968813,42.631,2105.9770415599855
5073,3,2246.170901968813,42.618,2489.289701884852
5074,3,2247.170901968813,42.607,2106.666541323746
5075,3,2248.170901968813,42.594,2490.1033172420234
5076,3,2249.170901968813,42.583,2107.353929087507
5077,3,2250.170901968813,42.573,1916.155533280181
5078,3,2251.170901968813,42.562,2108.1877821307976
5079,3,2252.170901968813,42.551,2108.579241771159
5080,3,2253.170901968813,42.54,2108.970217414245
5081,3,2254.170901968813,42.527,2492.8222295307933
5082,3,2255.170901968813,42.514,2493.165852765928
5083,3,2256.170901968813,42.503,2109.9416973000425
5084,3,2257.170901968813,42.49,2493.9684441230993
5085,3,2258.170901968813,42.478,2302.4671823819203
5086,3,2259.170901968813,42.465,2494.7098010368195
5087,3,2260.170901968813,42.454,2111.2459810677205
5088,3,2261.170901968813,42.441,2495.507348393991
5089,3,2262.170901968813,42.43,2111.919772831481
5090,3,2263.170901968813,42.419,2112.3056664732044
5091,3,2264.170901968813,42.409,1920.6508927217224
5092,3,2265.170901968813,42.397,2305.201002148493
5093,3,2266.170901968813,42.387,1921.350337524856
5094,3,2267.170901968813,42.376,2113.8942787999426
5095,3,2268.170901968813,42.366,1922.0933857460288
5096,3,2269.170901968813,42.357,1730.258696947599
5097,3,2270.170901968813,42.346,2115.193145004643
5098,3,2271.170901968813,42.336,1923.2729432048473
5099,3,2272.170901968813,42.327,1731.319245660536
5100,3,2273.170901968813,42.315,2308.8687778134185
5101,3,2274.170901968813,42.306,1731.9835430595917
5102,3,2275.170901968813,42.296,1924.840086483272
5103,3,2276.170901968813,42.285,2117.7289216542017
5104,3,2277.170901968813,42.276,1733.0386377711604
5105,3,2278.170901968813,42.265,2118.587308457336
5106,3,2279.170901968813,42.259,1155.8678479081154
5107,3,2280.170901968813,42.25,1734.2546647904073
5108,3,2281.170901968813,42.241,1734.6456961042884
5109,3,2282.170901968813,42.232,1735.0364034181694
5110,3,2283.170901968813,42.223,1735.4267867320505
5111,3,2284.170901968813,42.212,2121.503671184271
5112,3,2285.170901968813,42.202,1929.0041651889405
5113,3,2286.170901968813,42.193,1736.4725394449874
5114,3,2287.170901968813,42.183,1929.8233202448216
5115,3,2288.170901968813,42.174,1737.209094996514
5116,3,2289.170901968813,42.162,2316.7142062613893
5117,3,2290.170901968813,42.153,1737.86183639557
5118,3,2291.170901968813,42.142,2124.4767629952376
5119,3,2292.170901968813,42.133,1738.5543248708614
5120,3,2293.170901968813,42.124,1738.9413061847424
5121,3,2294.170901968813,42.115,1739.3279634986234
5122,3,2295.170901968813,42.104,2126.2669801225643
5123,3,2296.170901968813,42.095,1740.0176439739146
5124,3,2297.170901968813,42.083,2320.4550262312564
5125,3,2298.170901968813,42.073,1934.0487042604893
5126,3,2299.170901968813,42.059,2708.0738485427228
5127,3,2300.170901968813,42.047,2321.4980865719554
5128,3,2301.170901968813,42.036,2128.3828824518446
5129,3,2302.170901968813,42.024,2322.245832234069
5130,3,2303.170901968813,42.013,2129.0673039768235
5131,3,2304.170901968813,42.002,2129.4341016171716
5132,3,2305.170901968813,41.991,2129.8004152602707
5133,3,2306.170901968813,41.98,2130.166244901994
5134,3,2307.170901968813,41.969,2130.5315905423417
5135,3,2308.170901968813,41.958,2130.896452185442
5136,3,2309.170901968813,41.946,2324.984104305583
5137,3,2310.170901968813,41.935,2131.5738997076687
5138,3,2311.170901968813,41.924,2131.937287350769
5139,3,2312.170901968813,41.913,2132.300190992493
5140,3,2313.170901968813,41.904,1744.9474094115683
5141,3,2314.170901968813,41.893,2133.126369795627
5142,3,2315.170901968813,41.883,1939.5575748330068
5143,3,2316.170901968813,41.872,2133.8998328389175
5144,3,2317.170901968813,41.861,2134.260382480641
5145,3,2318.170901968813,41.848,2522.6729844274314
5146,3,2319.170901968813,41.836,2328.929973124386
5147,3,2320.170901968813,41.824,2329.2659719046187
5148,3,2321.170901968813,41.812,2329.6013946848516
5149,3,2322.170901968813,41.8,2329.9362414650845
5150,3,2323.170901968813,41.788,2330.2705122453176
5151,3,2324.170901968813,41.776,2330.6042070241706
5152,3,2325.170901968813,41.764,2330.937325805784
5153,3,2326.170901968813,41.753,2137.022967417564
5154,3,2327.170901968813,41.74,2525.932241534703
5155,3,2328.170901968813,41.728,2331.933226146483
5156,3,2329.170901968813,41.717,2137.9343250632046
5157,3,2330.170901968813,41.707,1943.9217732580757
5158,3,2331.170901968813,41.695,2333.0917867921235
5159,3,2332.170901968813,41.686,1750.1286777936205
5160,3,2333.170901968813,41.675,2139.450055149786
5161,3,2334.170901968813,41.664,2139.8021567901274
5162,3,2335.170901968813,41.652,2334.6851864212917
5163,3,2336.170901968813,41.643,1751.3221975154968
5164,3,2337.170901968813,41.632,2140.9069754765237
5165,3,2338.170901968813,41.621,2141.2571631168644
5166,3,2339.170901968813,41.611,1946.9387251276783
5167,3,2340.170901968813,41.6,2142.0075701601545
5168,3,2341.170901968813,41.591,1752.879136551254
5169,3,2342.170901968813,41.583,1558.4617808033527
5170,3,2343.170901968813,41.573,1948.4871952407982
5171,3,2344.170901968813,41.564,1753.9860264928973
5172,3,2345.170901968813,41.555,1754.3543418067782
5173,3,2346.170901968813,41.547,1559.771954363819
5174,3,2347.170901968813,41.538,1755.1322495107756
5175,3,2348.170901968813,41.528,1950.531641429026
5176,3,2349.170901968813,41.519,1755.8243630623024
5177,3,2350.170901968813,41.51,1756.1910583761835
5178,3,2351.170901968813,41.5,1951.706965723923
5179,3,2352.170901968813,41.491,1756.8811379277104
5180,3,2353.170901968813,41.484,1366.780489135625
5181,3,2354.170901968813,41.473,2148.2445106614387
5182,3,2355.170901968813,41.464,1757.9772818693534
5183,3,2356.170901968813,41.452,2344.371198091842
5184,3,2357.170901968813,41.443,1758.579137268409
5185,3,2358.170901968813,41.432,2149.7675485064747
5186,3,2359.170901968813,41.422,1954.6674591182402
5187,3,2360.170901968813,41.412,1955.0239649364573
5188,3,2361.170901968813,41.403,1759.8633142189917
5189,3,2362.170901968813,41.395,1564.664210728843
5190,3,2363.170901968813,41.387,1565.0241088547807
5191,3,2364.170901968813,41.38,1369.7273313023577
5192,3,2365.170901968813,41.372,1565.7809798383084
5193,3,2366.170901968813,41.364,1566.1401259628565
5194,3,2367.170901968813,41.358,1174.9026681160292
5195,3,2368.170901968813,41.351,1371.0833299161577
5196,3,2369.170901968813,41.345,1175.525741455322
5197,3,2370.170901968813,41.339,1175.8512651503804
5198,3,2371.170901968813,41.335,784.1367325970439
5199,3,2372.170901968813,41.332,588.3007558591898
5200,3,2373.170901968813,41.328,784.6652270265334
5201,3,2374.170901968813,41.326,392.4694434631402
5202,3,2375.170901968813,41.322,785.2124988232387
5203,3,2376.170901968813,41.321,196.37389185234625
5204,3,2377.170901968813,41.319,392.8988066764897
5205,3,2378.170901968813,41.315,786.0710972541242
5206,3,2379.170901968813,41.312,589.7512623509537
5207,3,2380.170901968813,41.308,786.5988796822173
5208,3,2381.170901968813,41.304,786.8531622133542
5209,3,2382.170901968813,41.301,590.3376820714237
5210,3,2383.170901968813,41.295,1181.0423029141411
5211,3,2384.170901968813,41.292,590.7045668427174
5212,3,2385.170901968813,41.286,1181.7758564567287
5213,3,2386.170901968813,41.278,1576.0945148017508
5214,3,2387.170901968813,41.272,1182.3657477451977
5215,3,2388.170901968813,41.264,1576.8805885183097
5216,3,2389.170901968813,41.256,1577.2350626442583
5217,3,2390.170901968813,41.248,1577.5892807688062
5218,3,2391.170901968813,41.238,1972.3812301976025
5219,3,2392.170901968813,41.23,1578.2203995490395
5220,3,2393.170901968813,41.219,2170.4600246598407
5221,3,2394.170901968813,41.209,1973.4671910744605
5222,3,2395.170901968813,41.197,2368.5174401717936
5223,3,2396.170901968813,41.187,1974.0614358789967
5224,3,2397.170901968813,41.178,1776.9868320660187
5225,3,2398.170901968813,41.168,1974.7978109348455
5226,3,2399.170901968813,41.157,2172.6291895509576
5227,3,2400.170901968813,41.148,1777.9145947775519
5228,3,2401.170901968813,41.139,1778.2663500928368
5229,3,2402.170901968813,41.13,1778.6177814067178
5230,3,2403.170901968813,41.121,1778.968888720599
5231,3,2404.170901968813,41.112,1779.31967203448
5232,3,2405.170901968813,41.101,2175.099468999733
5233,3,2406.170901968813,41.09,2175.4215186400515
5234,3,2407.170901968813,41.08,1977.9723301487854
5235,3,2408.170901968813,41.07,1978.312395966986
5236,3,2409.170901968813,41.06,1978.6520617865924
5237,3,2410.170901968813,41.052,1583.231624820234
5238,3,2411.170901968813,41.042,1979.4266402618834
5239,3,2412.170901968813,41.035,1385.8862578472501
5240,3,2413.170901968813,41.025,1980.2480421552136
5241,3,2414.170901968813,41.016,1782.548954715878
5242,3,2415.170901968813,41.006,1980.9714772124655
5243,3,2416.170901968813,40.994,2377.512167537402
5244,3,2417.170901968813,40.984,1981.5483620155992
5245,3,2418.170901968813,40.975,1783.717820590225
5246,3,2419.170901968813,40.965,1982.2686370728509
5247,3,2420.170901968813,40.958,1387.873625614929
5248,3,2421.170901968813,40.949,1784.7976056081036
5249,3,2422.170901968813,40.938,2181.787395143865
5250,3,2423.170901968813,40.927,2182.101744786998
5251,3,2424.170901968813,40.918,1785.656407244805
5252,3,2425.170901968813,40.911,1389.1451681600245
5253,3,2426.170901968813,40.908,595.5206310845815
5254,3,2427.170901968813,40.906,397.1531203478383
5304,3,2477.170901968813,40.904,405.31470297919253
5305,3,2478.170901968813,40.898,1216.3160167371632
5306,3,2479.170901968813,40.893,1013.8693362151746
5307,3,2480.170901968813,40.892,202.84077721704662
5322,3,2495.170901968813,40.882,2040.4010533770208
5323,3,2496.170901968813,40.874,1632.6155860899933
5324,3,2497.170901968813,40.869,1020.6312051987055
5325,3,2498.170901968813,40.866,612.563996017286
5326,3,2499.170901968813,40.865,204.259736988337
5345,3,2518.170901968813,40.858,1440.5473643522105
5346,3,2519.170901968813,40.848,2058.3137771622287
5347,3,2520.170901968813,40.84,1646.9417651193144
5348,3,2521.170901968813,40.835,1029.5831670920406
5349,3,2522.170901968813,40.832,617.9343931532845
5350,3,2523.170901968813,40.831,206.04970536699895
5365,3,2538.170901968813,40.825,1243.5412990270395
5366,3,2539.170901968813,40.816,1865.7040644687934
5367,3,2540.170901968813,40.805,2280.644181086139
5368,3,2541.170901968813,40.794,2280.9270487278623
5369,3,2542.170901968813,40.785,1866.4898401054945
5370,3,2543.170901968813,40.778,1452.0005379405395
5371,3,2544.170901968813,40.773,1037.3984061313497
5388,3,2561.170901968813,40.763,2088.2763066303596
5389,3,2562.170901968813,40.752,2297.4089718129635
5390,3,2563.170901968813,40.743,1879.9705139036068
5391,3,2564.170901968813,40.736,1462.4825664516634
5392,3,2565.170901968813,40.73,1253.8452761987953
5393,3,2566.170901968813,40.725,1045.1372540983978
5394,3,2567.170901968813,40.722,627.2651053579855
5395,3,2568.170901968813,40.721,209.1595427700447
5425,3,2598.170901968813,40.716,1057.936218717209
5426,3,2599.170901968813,40.706,2116.2969318006258
5427,3,2600.170901968813,40.696,2116.591117621736
5428,3,2601.170901968813,40.684,2540.19945602676
5429,3,2602.170901968813,40.674,2117.0742024233655
5430,3,2603.170901968813,40.664,2117.367148242972
5431,3,2604.170901968813,40.656,1694.1694219853966
5432,3,2605.170901968813,40.652,847.2849427886514
5433,3,2606.170901968813,40.649,635.6529015029234
5434,3,2607.170901968813,40.647,423.9051312934313
5452,3,2625.170901968813,40.644,640.2083033758645
5453,3,2626.170901968813,40.633,2347.9202163915893
5454,3,2627.170901968813,40.626,1494.3689622626541
5455,3,2628.170901968813,40.619,1494.6802145127442
5456,3,2629.170901968813,40.614,1067.877199398709
5474,3,2647.170901968813,40.604,2149.9792631606024
5475,3,2648.170901968813,40.593,2365.25885999785
5476,3,2649.170901968813,40.583,2150.4909713833035
5477,3,2650.170901968813,40.576,1505.5965416297558
5478,3,2651.170901968813,40.573,645.419602571626
5479,3,2652.170901968813,40.571,430.4155113392407
5495,3,2668.170901968813,40.564,1515.374322918222
5496,3,2669.170901968813,40.553,2381.666496605649
5497,3,2670.170901968813,40.541,2598.418069491205
5498,3,2671.170901968813,40.53,2382.099458127714
5499,3,2672.170901968813,40.519,2382.3445737709767
5500,3,2673.170901968813,40.506,2815.7177403158935
5501,3,2674.170901968813,40.492,3032.4349260480067
5502,3,2675.170901968813,40.479,2815.946420342711
5503,3,2676.170901968813,40.464,3249.259519771047
5504,3,2677.170901968813,40.448,3465.8440323212276
5505,3,2678.170901968813,40.435,2816.040461830859
5506,3,2679.170901968813,40.424,2382.985879585862
5507,3,2680.170901968813,40.412,2599.85154037871
5508,3,2681.170901968813,40.403,1950.1094379835604
5509,3,2682.170901968813,40.391,2600.4397902441174
5510,3,2683.170901968813,40.38,2383.9463661512164
5511,3,2684.170901968813,40.367,2817.603721677718
5512,3,2685.170901968813,40.356,2384.305557914977
5513,3,2686.170901968813,40.343,2818.0269730333493
5514,3,2687.170901968813,40.331,2601.417904145283
5515,3,2688.170901968813,40.319,2601.611798925516
5516,3,2689.170901968813,40.308,2385.017605444038
5517,3,2690.170901968813,40.296,2602.062424587629
5518,3,2691.170901968813,40.284,2602.254615367862
5519,3,2692.170901968813,40.27,3036.1118877198282
5520,3,2693.170901968813,40.259,2385.661955211716
5521,3,2694.170901968813,40.246,2819.624970018584
5522,3,2695.170901968813,40.232,3036.6274938816746
5523,3,2696.170901968813,40.222,2169.177337469557
5524,3,2697.170901968813,40.211,2386.357018739237
5525,3,2698.170901968813,40.2,2386.588824379419
5526,3,2699.170901968813,40.188,2603.771405609726
5527,3,2700.170901968813,40.176,2603.958412389959
5528,3,2701.170901968813,40.164,2604.144843170192
5529,3,2702.170901968813,40.152,2604.330697950425
5530,3,2703.170901968813,40.141,2387.5027135502055
5531,3,2704.170901968813,40.13,2387.7315271903867
5532,3,2705.170901968813,40.119,2387.959856833653
5533,3,2706.170901968813,40.109,2171.1067912311073
5534,3,2707.170901968813,40.097,2605.576192359826
5535,3,2708.170901968813,40.085,2605.758711140059
5536,3,2709.170901968813,40.072,2823.0671558580766
5537,3,2710.170901968813,40.061,2388.9153737627407
5538,3,2711.170901968813,40.048,2823.459467215248
5539,3,2712.170901968813,40.036,2606.4179341593435
5540,3,2713.170901968813,40.026,2172.218887533839
5541,3,2714.170901968813,40.015,2389.6944848099483
5542,3,2715.170901968813,40.004,2389.917864451672
5543,3,2716.170901968813,39.993,2390.1407600918515
5544,3,2717.170901968813,39.982,2390.363171735119
5545,3,2718.170901968813,39.971,2390.5850993768427
5546,3,2719.170901968813,39.962,1956.1633893621877
5547,3,2720.170901968813,39.953,1956.4421186776133
5548,3,2721.170901968813,39.945,1739.3289018046146
5549,3,2722.170901968813,39.937,1739.6196479291625
5550,3,2723.170901968813,39.927,2174.83320914794
5551,3,2724.170901968813,39.919,1740.1131987093956
5552,3,2725.170901968813,39.91,1957.9290113994894
5553,3,2726.170901968813,39.9,2175.7569968608764
5554,3,2727.170901968813,39.891,1958.433240951016
5555,3,2728.170901968813,39.882,1958.7093962648971
5556,3,2729.170901968813,39.872,2176.6229611557737
5557,3,2730.170901968813,39.864,1741.5432563156637
5558,3,2731.170901968813,39.857,1524.121728330532
5559,3,2732.170901968813,39.848,1959.9091356728923
5560,3,2733.170901968813,39.841,1524.625592048491
5561,3,2734.170901968813,39.832,1960.5563844531252
5562,3,2735.170901968813,39.824,1742.982186938404
5563,3,2736.170901968813,39.814,2179.0317829094897
5564,3,2737.170901968813,39.805,1961.3772903947686
5565,3,2738.170901968813,39.796,1961.6502777086496
5566,3,2739.170901968813,39.787,1961.9229410225305
5567,3,2740.170901968813,39.778,1962.1952803364115
5568,3,2741.170901968813,39.769,1962.4672956502927
5569,3,2742.170901968813,39.76,1962.7389869641738
5570,3,2743.170901968813,39.751,1963.0103542780548
5571,3,2744.170901968813,39.742,1963.2813975919357
5572,3,2745.170901968813,39.734,1745.4016208380197
5573,3,2746.170901968813,39.727,1527.4944022904983
5574,3,2747.170901968813,39.717,2182.462451359669
5575,3,2748.170901968813,39.709,1746.2097764772316
5576,3,2749.170901968813,39.7,1964.7802093900477
5577,3,2750.170901968813,39.693,1528.410228941162
5578,3,2751.170901968813,39.684,1965.4172341702804
5579,3,2752.170901968813,39.677,1528.9052446575693
5580,3,2753.170901968813,39.67,1529.1909609091763
5581,3,2754.170901968813,39.663,1529.4764811623356
5582,3,2755.170901968813,39.656,1529.7618054123902
5583,3,2756.170901968813,39.651,1092.9182286112093
5584,3,2757.170901968813,39.647,874.5525527383605
5585,3,2758.170901968813,39.642,1093.4630632300316
5586,3,2759.170901968813,39.636,1312.449304597751
5587,3,2760.170901968813,39.631,1093.952334432369
5588,3,2761.170901968813,39.625,1313.0361660386911
5589,3,2762.170901968813,39.62,1094.4411656331527
5590,3,2763.170901968813,39.615,1094.6992320864988
5591,3,2764.170901968813,39.611,875.9768155185952
5592,3,2765.170901968813,39.605,1314.2746690222186
5593,3,2766.170901968813,39.602,657.3002958967561
5594,3,2767.170901968813,39.597,1095.7858413241433
5595,3,2768.170901968813,39.594,657.6426656934617
5596,3,2769.170901968813,39.59,877.0961148055078
5597,3,2770.170901968813,39.586,877.3242053382031
5598,3,2771.170901968813,39.583,658.1724874139318
5599,3,2772.170901968813,39.58,658.3600953376963
5600,3,2773.170901968813,39.577,658.5476672614609
5602,3,2775.170901968813,39.575,439.32065446424707
5603,3,2776.170901968813,39.572,659.1767951344019
5604,3,2777.170901968813,39.569,659.3642470581665
5605,3,2778.170901968813,39.566,659.551662981931
5606,3,2779.170901968813,39.562,879.6409405250279
5607,3,2780.170901968813,39.558,879.8684870546022
5608,3,2781.170901968813,39.554,880.0959695857391
5609,3,2782.170901968813,39.547,1540.5075036175463
5610,3,2783.170901968813,39.538,1980.9636370399069
5611,3,2784.170901968813,39.529,1981.224366352224
5612,3,2785.170901968813,39.521,1761.3420784056655
5613,3,2786.170901968813,39.511,2201.966587243554
5614,3,2787.170901968813,39.501,2202.199473064725
5615,3,2788.170901968813,39.493,1761.9901778400188
5616,3,2789.170901968813,39.485,1762.2651159661318
5617,3,2790.170901968813,39.475,2203.1189441941365
5618,3,2791.170901968813,39.467,1762.724906746365
5619,3,2792.170901968813,39.46,1542.643709457384
5620,3,2793.170901968813,39.451,1983.707181407424
5621,3,2794.170901968813,39.447,881.8179832936529
5642,3,2815.170901968813,39.446,222.09727797008603
5643,3,2816.170901968813,39.436,2221.451930890597
5644,3,2817.170901968813,39.427,1999.5349395777741
5645,3,2818.170901968813,39.416,2444.123532663817
5646,3,2819.170901968813,39.406,2222.1268883494154
5647,3,2820.170901968813,39.397,2000.141348290711
5648,3,2821.170901968813,39.392,1111.3861709750931
5649,3,2822.170901968813,39.388,889.3224946294991
5674,3,2847.170901968813,39.375,2915.272382772584
5675,3,2848.170901968813,39.363,2691.1113657507467
5676,3,2849.170901968813,39.351,2691.2356605309797
5677,3,2850.170901968813,39.341,2242.856486176852
5678,3,2851.170901968813,39.331,2243.0731719964583
5679,3,2852.170901968813,39.322,2018.986181573054
5680,3,2853.170901968813,39.31,2692.2064123634423
5681,3,2854.170901968813,39.298,2692.3279951436753
5682,3,2855.170901968813,39.283,3365.4327697142967
5683,3,2856.170901968813,39.268,3365.326207808411
5684,3,2857.170901968813,39.256,2692.277854874491
5685,3,2858.170901968813,39.242,3141.0497924791207
5686,3,2859.170901968813,39.227,3365.344222598989
5687,3,2860.170901968813,39.215,2692.2903107053594
5688,3,2861.170901968813,39.201,3141.0620842836606
5689,3,2862.170901968813,39.189,2692.3869240641247
5690,3,2863.170901968813,39.177,2692.503010844358
5691,3,2864.170901968813,39.166,2468.2651507029946
5692,3,2865.170901968813,39.154,2692.8022205048765
5693,3,2866.170901968813,39.143,2468.538414226599
5694,3,2867.170901968813,39.133,2244.3066952246613
5695,3,2868.170901968813,39.122,2468.9358532698893
5696,3,2869.170901968813,39.113,2020.2262696398473
5697,3,2870.170901968813,39.104,2020.4654169537282
5698,3,2871.170901968813,39.096,1796.204516272289
5699,3,2872.170901968813,39.089,1571.924773792549
5700,3,2873.170901968813,39.08,2021.3360661240777
5701,3,2874.170901968813,39.07,2246.1645598881805
5702,3,2875.170901968813,39.06,2246.3710257077864
5703,3,2876.170901968813,39.048,2695.8234817318626
5704,3,2877.170901968813,39.038,2246.6676705125165
5705,3,2878.170901968813,39.028,2246.872896330526
5706,3,2879.170901968813,39.02,1797.708244453899
5707,3,2880.170901968813,39.016,899.0280660252519
5708,3,2881.170901968813,39.011,1124.0456098385805
5709,3,2882.170901968813,39.01,224.86985594358248
5726,3,2899.170901968813,39.004,1357.055512477221
5727,3,2900.170901968813,38.994,2262.0753001171847
5728,3,2901.170901968813,38.985,2036.0736518817116
5729,3,2902.170901968813,38.977,1810.072382874945
5730,3,2903.170901968813,38.97,1584.0542360698653
5731,3,2904.170901968813,38.962,1810.6227738568648
5732,3,2905.170901968813,38.955,1584.5354081820603
5733,3,2906.170901968813,38.949,1358.4140276819219
5734,3,2907.170901968813,38.943,1358.6721353769801
5735,3,2908.170901968813,38.941,452.9999650568223
5736,3,2909.170901968813,38.94,226.56913901731494
5754,3,2927.170901968813,38.932,1823.5572198239124
5755,3,2928.170901968813,38.92,2735.567532721016
5756,3,2929.170901968813,38.908,2735.658155501249
5757,3,2930.170901968813,38.897,2507.8014173051533
5758,3,2931.170901968813,38.887,2279.9819743869675
5759,3,2932.170901968813,38.876,2508.158464348444
5760,3,2933.170901968813,38.867,2052.3015488859305
5761,3,2934.170901968813,38.857,2280.5549918457864
5762,3,2935.170901968813,38.845,2736.823793097472
5763,3,2936.170901968813,38.835,2280.81755664892
5764,3,2937.170901968813,38.823,2737.1378148612325
5765,3,2938.170901968813,38.812,2509.153877718472
5766,3,2939.170901968813,38.802,2281.2081038536203
5767,3,2940.170901968813,38.791,2509.503488761762
5768,3,2941.170901968813,38.783,1825.2671323936179
5769,3,2942.170901968813,38.778,1140.9885866385991
5770,3,2943.170901968813,38.777,228.2576193016593
5785,3,2958.170901968813,38.765,2752.5898569656924
5786,3,2959.170901968813,38.758,1605.8266408328154
5787,3,2960.170901968813,38.753,1147.2290339131102
5801,3,2974.170901968813,38.752,230.5131157565556
5802,3,2975.170901968813,38.742,2305.5789387728914
5803,3,2976.170901968813,38.731,2536.301771169532
5804,3,2977.170901968813,38.721,2305.8784069940643
5805,3,2978.170901968813,38.713,1844.8934849834018
5806,3,2979.170901968813,38.708,1153.2519520072274
5807,3,2980.170901968813,38.705,692.1119101023613
5847,3,3020.170901968813,38.703,467.570778358114
5848,3,3021.170901968813,38.692,2572.05874153729
5849,3,3022.170901968813,38.682,2338.3745136888842
5850,3,3023.170901968813,38.671,2572.3647265805807
5851,3,3024.170901968813,38.662,2104.8138752576674
5852,3,3025.170901968813,38.656,1403.4009827906011
5853,3,3026.170901968813,38.651,1169.7209695914512
5854,3,3027.170901968813,38.646,1169.9561460480152
5855,3,3028.170901968813,38.642,936.1650906849436
5856,3,3029.170901968813,38.638,936.3773092177438
5857,3,3030.170901968813,38.637,234.1564564490943
5858,3,3031.170901968813,38.635,468.44927587444073
5875,3,3048.170901968813,38.63,1177.5846237020305
5876,3,3049.170901968813,38.624,1413.3638931642456
5877,3,3050.170901968813,38.618,1413.607804859304
5878,3,3051.170901968813,38.613,1178.2248996503697
5879,3,3052.170901968813,38.604,2121.115324836013
5880,3,3053.170901968813,38.597,1649.9549276197645
5881,3,3054.170901968813,38.589,1885.913881915548
5882,3,3055.170901968813,38.58,2121.8803500063623
5883,3,3056.170901968813,38.57,2357.83585086847
5884,3,3057.170901968813,38.56,2357.9959166880762
5885,3,3058.170901968813,38.548,2829.713302908242
5886,3,3059.170901968813,38.536,2829.757557688475
5887,3,3060.170901968813,38.525,2594.018128643462
5888,3,3061.170901968813,38.512,3065.7044960741864
5889,3,3062.170901968813,38.501,2594.096644407223
5890,3,3063.170901968813,38.491,2358.396540843359
5891,3,3064.170901968813,38.481,2358.5536266629656
5892,3,3065.170901968813,38.47,2594.54762685208
5893,3,3066.170901968813,38.46,2358.8052748841383
5894,3,3067.170901968813,38.45,2358.9611407037446
5895,3,3068.170901968813,38.438,2830.8662917270444
5896,3,3069.170901968813,38.426,2830.9050265072774
5897,3,3070.170901968813,38.414,2830.9431852875105
5898,3,3071.170901968813,38.402,2830.980768067743
5899,3,3072.170901968813,38.39,2831.0177748479764
5900,3,3073.170901968813,38.38,2359.2733014409882
5901,3,3074.170901968813,38.369,2595.3349681079058
5902,3,3075.170901968813,38.357,2831.346751493617
5903,3,3076.170901968813,38.346,2595.4669036315095
5904,3,3077.170901968813,38.335,2595.5659612715563
5905,3,3078.170901968813,38.323,2831.5971000376103
5906,3,3079.170901968813,38.311,2831.6301948178434
5907,3,3080.170901968813,38.3,2595.724702678717
5908,3,3081.170901968813,38.288,2831.768604479956
5909,3,3082.170901968813,38.276,2831.799995258513
5910,3,3083.170901968813,38.263,3067.776629656517
5911,3,3084.170901968813,38.251,2831.787028719008
5912,3,3085.170901968813,38.238,3067.76128256856
5913,3,3086.170901968813,38.226,2831.771662177827
5914,3,3087.170901968813,38.218,1887.965539439785
5915,3,3088.170901968813,38.211,1652.1806970672014
5916,3,3089.170901968813,38.203,1888.4472424233122
5917,3,3090.170901968813,38.194,2124.718077579483
5918,3,3091.170901968813,38.185,2124.9048808933644
5919,3,3092.170901968813,38.175,2361.1817007445934
5920,3,3093.170901968813,38.165,2361.326666562522
5921,3,3094.170901968813,38.155,2361.471232382128
5922,3,3095.170901968813,38.144,2597.7428911431607
5923,3,3096.170901968813,38.132,2833.962380622985
5924,3,3097.170901968813,38.121,2597.8543006650866
5925,3,3098.170901968813,38.109,2834.0828142850987
5926,3,3099.170901968813,38.099,2361.816160973601
5927,3,3100.170901968813,38.088,2598.119925590257
5928,3,3101.170901968813,38.078,2362.037829193096
5929,3,3102.170901968813,38.07,1889.7928787456005
5930,3,3103.170901968813,38.06,2362.4440076683873
5931,3,3104.170901968813,38.051,2126.3539636778155
5932,3,3105.170901968813,38.04,2599.0311501194565
5933,3,3106.170901968813,38.029,2599.1164577595014
5934,3,3107.170901968813,38.019,2362.941327530452
5935,3,3108.170901968813,38.008,2599.3540008027912
5936,3,3109.170901968813,37.998,2363.156435751625
5937,3,3110.170901968813,37.987,2599.5896958460817
5938,3,3111.170901968813,37.978,2127.0608781126284
5939,3,3112.170901968813,37.971,1654.563874836588
5940,3,3113.170901968813,37.962,2127.531654891182
5941,3,3114.170901968813,37.953,2127.7105562067427
5942,3,3115.170901968813,37.943,2364.2901077594597
5943,3,3116.170901968813,37.932,2600.834139054699
5944,3,3117.170901968813,37.918,3310.123780801368
5945,3,3118.170901968813,37.907,2600.788395060296
5946,3,3119.170901968813,37.896,2600.8676307003398
5947,3,3120.170901968813,37.884,2837.3586114144673
5948,3,3121.170901968813,37.869,3546.5708900527866
5949,3,3122.170901968813,37.857,2837.154164669991
5950,3,3123.170901968813,37.845,2837.1634034502245
5951,3,3124.170901968813,37.834,2600.7754265900544
5952,3,3125.170901968813,37.823,2600.8516042334577
5953,3,3126.170901968813,37.816,1655.223085977636
5954,3,3127.170901968813,37.808,1891.913378324548
5955,3,3128.170901968813,37.8,1892.1179644490958
5956,3,3129.170901968813,37.793,1655.8039119472016
5957,3,3130.170901968813,37.783,2365.657960871479
5958,3,3131.170901968813,37.772,2602.331792481449
5959,3,3132.170901968813,37.761,2602.4049121214916
5960,3,3133.170901968813,37.749,2839.0288176920885
5961,3,3134.170901968813,37.739,2365.9229304794276
5962,3,3135.170901968813,37.729,2366.050776297353
5963,3,3136.170901968813,37.72,2129.588625443885
5964,3,3137.170901968813,37.71,2366.3680113546047
5965,3,3138.170901968813,37.702,1893.2459524748092
5966,3,3139.170901968813,37.696,1420.123245999921
5967,3,3140.170901968813,37.69,1420.3495416949793
5968,3,3141.170901968813,37.688,473.5503604961067
5969,3,3142.170901968813,37.684,947.3268208939312
5970,3,3143.170901968813,37.682,473.7764363944589
5979,3,3152.170901968813,37.68,475.107807028928
5980,3,3153.170901968813,37.669,2613.4710172175905
5981,3,3154.170901968813,37.66,2138.404858869759
5982,3,3155.170901968813,37.65,2376.15920627224
5983,3,3156.170901968813,37.642,1901.0753564072334
5984,3,3157.170901968813,37.636,1425.9930669505038
5985,3,3158.170901968813,37.629,1663.898130557968
5986,3,3159.170901968813,37.621,1901.8208829841712
5987,3,3160.170901968813,37.613,1902.0183811104084
5988,3,3161.170901968813,37.608,1188.9321820855885
5989,3,3162.170901968813,37.607,237.84268439102993
6018,3,3191.170901968813,37.596,2639.841878749035
6019,3,3192.170901968813,37.583,3119.7948111080236
6020,3,3193.170901968813,37.572,2639.8103505110907
6021,3,3194.170901968813,37.559,3119.7563024669003
6022,3,3195.170901968813,37.546,3119.6530377003296
6023,3,3196.170901968813,37.531,3599.383842106825
6024,3,3197.170901968813,37.514,4078.8387357492606
6025,3,3198.170901968813,37.497,4078.2659579696274
6026,3,3199.170901968813,37.479,4317.49867582841
6027,3,3200.170901968813,37.459,4796.288141033824
6028,3,3201.170901968813,37.442,4076.1053293829455
6029,3,3202.170901968813,37.426,3835.842097417195
6030,3,3203.170901968813,37.413,3116.387392723025
6031,3,3204.170901968813,37.401,2876.602102317143
6032,3,3205.170901968813,37.389,2876.576781099079
6033,3,3206.170901968813,37.376,3116.2217773153316
6034,3,3207.170901968813,37.363,3116.1096985487625
6035,3,3208.170901968813,37.348,3595.284843855016
6036,3,3209.170901968813,37.333,3594.9613819491296
6037,3,3210.170901968813,37.318,3594.637020043244
6038,3,3211.170901968813,37.306,2875.565008662357
6039,3,3212.170901968813,37.291,3594.274691612649
6040,3,3213.170901968813,37.276,3593.9477197050605
6041,3,3214.170901968813,37.263,3114.5541032053466
6042,3,3215.170901968813,37.248,3593.483986149109
6043,3,3216.170901968813,37.234,3353.655775685168
6044,3,3217.170901968813,37.221,3113.947973580396
6045,3,3218.170901968813,37.208,3113.8281468138284
6046,3,3219.170901968813,37.194,3353.1785482749633
6047,3,3220.170901968813,37.179,3592.406557382034
6048,3,3221.170901968813,37.164,3592.072625476148
6049,3,3222.170901968813,37.151,3112.9231975371113
6050,3,3223.170901968813,37.138,3112.799860773947
6051,3,3224.170901968813,37.126,2873.2779343658517
6052,3,3225.170901968813,37.116,2394.4313810392096
6053,3,3226.170901968813,37.104,2873.3568521296124
6054,3,3227.170901968813,37.093,2633.9103935461458
6055,3,3228.170901968813,37.083,2394.528048245612
6056,3,3229.170901968813,37.071,2873.471268775253
6057,3,3230.170901968813,37.06,2634.013790471316
6058,3,3231.170901968813,37.05,2394.620755450312
6059,3,3232.170901968813,37.04,2394.7154212682167
6060,3,3233.170901968813,37.033,1676.4346775502474
6061,3,3234.170901968813,37.03,718.5971985375758
6074,3,3247.170901968813,37.022,1923.6759970613987
6075,3,3248.170901968813,37.012,2404.7508455631123
6076,3,3249.170901968813,37.0,2885.7316415582986
6077,3,3250.170901968813,36.988,2885.6837363385316
6078,3,3251.170901968813,36.976,2885.6352551187647
6079,3,3252.170901968813,36.967,2164.2774570386014
6080,3,3253.170901968813,36.962,1202.5183580571681
6081,3,3254.170901968813,36.961,240.5580755873892
6096,3,3269.170901968813,36.954,1691.4853705326655
6097,3,3270.170901968813,36.947,1691.6822987842725
6098,3,3271.170901968813,36.939,1933.5498661035874
6099,3,3272.170901968813,36.931,1933.7221162281353
6100,3,3273.170901968813,36.92,2658.9963870932424
6101,3,3274.170901968813,36.911,2175.6178067694173
6102,3,3275.170901968813,36.902,2175.751708083298
6103,3,3276.170901968813,36.893,2175.8852853971794
6104,3,3277.170901968813,36.885,1934.2649184442864
6105,3,3278.170901968813,36.878,1692.6540416929702
6106,3,3279.170901968813,36.869,2176.4611485675287
6107,3,3280.170901968813,36.861,1934.7760048179307
6108,3,3281.170901968813,36.851,2418.61669525877
6109,3,3282.170901968813,36.844,1693.157092343633
6110,3,3283.170901968813,36.833,2660.836007988592
6111,3,3284.170901968813,36.822,2660.851685628597
6112,3,3285.170901968813,36.81,2902.724446245322
6113,3,3286.170901968813,36.798,2902.6616130255547
6114,3,3287.170901968813,36.788,2418.897579924008
6115,3,3288.170901968813,36.775,3144.540308799459
6116,3,3289.170901968813,36.766,2177.0002557152784
6117,3,3290.170901968813,36.757,2177.1291170291597
6118,3,3291.170901968813,36.747,2419.142259782675
6119,3,3292.170901968813,36.738,2177.3266085806863
6120,3,3293.170901968813,36.729,2177.4544798945676
6121,3,3294.170901968813,36.719,2419.5026440775723
6122,3,3295.170901968813,36.708,2661.499652008178
6123,3,3296.170901968813,36.696,2903.4255466575346
6124,3,3297.170901968813,36.681,3629.047639106621
6125,3,3298.170901968813,36.666,3628.664117200735
6126,3,3299.170901968813,36.65,3870.1122215795012
6127,3,3300.170901968813,36.636,3385.9885461025924
6128,3,3301.170901968813,36.623,3143.9262283965973
6129,3,3302.170901968813,36.61,3143.762461630013
6130,3,3303.170901968813,36.597,3143.598018865148
6131,3,3304.170901968813,36.585,2901.67001937469
6132,3,3305.170901968813,36.571,3385.1031550627276
6133,3,3306.170901968813,36.557,3384.831320067438
6134,3,3307.170901968813,36.542,3626.2632864454113
6135,3,3308.170901968813,36.527,3625.871094539525
6136,3,3309.170901968813,36.512,3625.4780026336393
6137,3,3310.170901968813,36.499,3141.825540406932
6138,3,3311.170901968813,36.485,3383.2749595307864
6139,3,3312.170901968813,36.473,2899.7923759901973
6140,3,3313.170901968813,36.459,3382.906523112436
6141,3,3314.170901968813,36.445,3382.6284161205813
6142,3,3315.170901968813,36.43,3623.896192214796
6143,3,3316.170901968813,36.416,3381.976997348182
6144,3,3317.170901968813,36.401,3623.1965035283665
6145,3,3318.170901968813,36.387,3381.322330575784
6146,3,3319.170901968813,36.372,3622.49333484537
6147,3,3320.170901968813,36.358,3380.6644158033846
6148,3,3321.170901968813,36.344,3380.380736808097
6149,3,3322.170901968813,36.33,3380.096273816241
6150,3,3323.170901968813,36.315,3621.176252603003
6151,3,3324.170901968813,36.301,3379.431919042127
6152,3,3325.170901968813,36.285,3861.7736814462214
6153,3,3326.170901968813,36.271,3378.671183484473
6154,3,3327.170901968813,36.257,3378.3827164926165
6155,3,3328.170901968813,36.241,3860.5717448145347
6156,3,3329.170901968813,36.226,3618.8254162947464
6157,3,3330.170901968813,36.212,3377.2328771544217
6158,3,3331.170901968813,36.197,3618.101307610034
6159,3,3332.170901968813,36.182,3617.6879657041477
6160,3,3333.170901968813,36.167,3617.273723798262
6161,3,3334.170901968813,36.152,3616.8585818923757
6162,3,3335.170901968813,36.137,3616.44253998649
6163,3,3336.170901968813,36.12,4098.048914681255
6164,3,3337.170901968813,36.104,3856.3812995803037
6165,3,3338.170901968813,36.088,3855.827740078496
6166,3,3339.170901968813,36.073,3614.3686718547096
6167,3,3340.170901968813,36.059,3373.0649050121
6168,3,3341.170901968813,36.045,3372.7650140168166
6169,3,3342.170901968813,36.032,3131.617477316939
6170,3,3343.170901968813,36.02,2890.585797942281
6171,3,3344.170901968813,36.008,2890.4873007242254
6172,3,3345.170901968813,35.996,2890.3882275044584
6173,3,3346.170901968813,35.985,2649.468004641459
6174,3,3347.170901968813,35.973,2890.2686851665712
6175,3,3348.170901968813,35.96,3130.9717073867423
6176,3,3349.170901968813,35.947,3130.774816621877
6177,3,3350.170901968813,35.934,3130.5772498587226
6178,3,3351.170901968813,35.921,3130.379007092146
6179,3,3352.170901968813,35.905,3852.3684352765667
6180,3,3353.170901968813,35.89,3611.1135736029005
6181,3,3354.170901968813,35.877,3129.344180580294
6182,3,3355.170901968813,35.863,3369.7994471020947
6183,3,3356.170901968813,35.851,2888.2132807656067
6184,3,3357.170901968813,35.842,2166.170881273733
6185,3,3358.170901968813,35.831,2647.5920136238783
6186,3,3359.170901968813,35.82,2647.567497267312
6187,3,3360.170901968813,35.81,2406.890417079782
6188,3,3361.170901968813,35.801,2166.27128514808
6189,3,3362.170901968813,35.792,2166.3711124619613
6190,3,3363.170901968813,35.783,2166.4706157758424
6191,3,3364.170901968813,35.776,1685.1569390173977
6192,3,3365.170901968813,35.766,2407.51056668776
6193,3,3366.170901968813,35.755,2648.270999875786
6194,3,3367.170901968813,35.743,2888.951821787704
6195,3,3368.170901968813,35.732,2648.1401674011004
6196,3,3369.170901968813,35.719,3129.498191515006
6197,3,3370.170901968813,35.707,2888.6139221284025
6198,3,3371.170901968813,35.694,3129.164656428726
6199,3,3372.170901968813,35.683,2647.649867168778
6200,3,3373.170901968813,35.668,3610.186755395788
6201,3,3374.170901968813,35.656,2887.9123849443927
6202,3,3375.170901968813,35.642,3369.0010895590017
6203,3,3376.170901968813,35.63,2887.517430301564
6204,3,3377.170901968813,35.617,3127.9728382846943
6205,3,3378.170901968813,35.605,2887.2010557603826
6206,3,3379.170901968813,35.591,3368.16832151099
6207,3,3380.170901968813,35.577,3367.840038519128
6208,3,3381.170901968813,35.562,3607.996751927527
6209,3,3382.170901968813,35.547,3607.5418600216412
6210,3,3383.170901968813,35.532,3607.086068115755
6211,3,3384.170901968813,35.519,3125.8334478247684
6212,3,3385.170901968813,35.505,3365.99729397905
6213,3,3386.170901968813,35.49,3606.018047779275
6214,3,3387.170901968813,35.475,3605.558745873389
6215,3,3388.170901968813,35.458,4085.663152019739
6216,3,3389.170901968813,35.442,3844.675471192998
6217,3,3390.170901968813,35.425,4084.271102267729
6218,3,3391.170901968813,35.409,3843.3631947205185
6219,3,3392.170901968813,35.393,3842.759747218711
6220,3,3393.170901968813,35.378,3602.071468548659
6221,3,3394.170901968813,35.361,4081.7043423850446
6222,3,3395.170901968813,35.345,3840.9432607132867
6223,3,3396.170901968813,35.326,4560.205082447325
6224,3,3397.170901968813,35.308,4319.203850814136
6225,3,3398.170901968813,35.29,4318.27324806966
6226,3,3399.170901968813,35.272,4317.341349325184
6227,3,3400.170901968813,35.255,4076.6655044526447
6228,3,3401.170901968813,35.236,4555.286822964296
6229,3,3402.170901968813,35.218,4314.537877090053
6230,3,3403.170901968813,35.199,4553.180622676127
6231,3,3404.170901968813,35.181,4312.539865450334
6232,3,3405.170901968813,35.164,4072.124700681954
6233,3,3406.170901968813,35.15,3353.021011215186
6234,3,3407.170901968813,35.134,3831.5135947831945
6235,3,3408.170901968813,35.119,3591.5134556403614
6236,3,3409.170901968813,35.102,4069.721628422305
6237,3,3410.170901968813,35.086,3829.6492042777704
6238,3,3411.170901968813,35.072,3350.492993963585
6239,3,3412.170901968813,35.059,3110.886447838924
6240,3,3413.170901968813,35.048,2632.1588966665695
6241,3,3414.170901968813,35.037,2632.1038443099933
6242,3,3415.170901968813,35.025,2871.2844448049764
6243,3,3416.170901968813,35.013,2871.141331585209
6244,3,3417.170901968813,35.0,3110.2030226736033
6245,3,3418.170901968813,34.986,3349.137522433344
6246,3,3419.170901968813,34.971,3587.9240818356193
6247,3,3420.170901968813,34.957,3348.319951659246
6248,3,3421.170901968813,34.943,3347.9578446673736
6249,3,3422.170901968813,34.928,3586.6575463720797
6250,3,3423.170901968813,34.915,3108.0988289802526
6251,3,3424.170901968813,34.901,3346.8668196849594
6252,3,3425.170901968813,34.889,2868.51212698095
6253,3,3426.170901968813,34.876,3107.348568687355
6254,3,3427.170901968813,34.865,2629.157584615244
6255,3,3428.170901968813,34.851,3345.9770764239015
6256,3,3429.170901968813,34.836,3584.529489682646
6257,3,3430.170901968813,34.822,3345.143825649805
6258,3,3431.170901968813,34.808,3344.774018657931
6259,3,3432.170901968813,34.794,3344.403427664359
6260,3,3433.170901968813,34.779,3582.839987438582
6261,3,3434.170901968813,34.764,3582.338205534393
6262,3,3435.170901968813,34.748,3820.5695958037736
6263,3,3436.170901968813,34.732,3819.922468300269
6264,3,3437.170901968813,34.718,3341.9612679832726
6265,3,3438.170901968813,34.702,3818.845184236075
6266,3,3439.170901968813,34.688,3341.016964425619
6267,3,3440.170901968813,34.674,3340.639877433743
6268,3,3441.170901968813,34.661,3101.7165983436516
6269,3,3442.170901968813,34.649,2862.9223825856097
6270,3,3443.170901968813,34.639,2385.7042545556765
6271,3,3444.170901968813,34.63,2147.168467876381
6272,3,3445.170901968813,34.62,2385.7808496146235
6273,3,3446.170901968813,34.608,2862.858230418072
6274,3,3447.170901968813,34.598,2385.649094416062
6275,3,3448.170901968813,34.585,3101.2124976413616
6276,3,3449.170901968813,34.573,2862.4531348604182
6277,3,3450.170901968813,34.56,3100.7686445550817
6278,3,3451.170901968813,34.548,2862.042224319237
6279,3,3452.170901968813,34.535,3100.3221914704964
6280,3,3453.170901968813,34.522,3100.0530987039365
6281,3,3454.170901968813,34.511,2622.9695786307134
6282,3,3455.170901968813,34.501,2384.482542867937
6283,3,3456.170901968813,34.491,2384.4814286858486
6284,3,3457.170901968813,34.48,2622.889877077265
6285,3,3458.170901968813,34.469,2622.811680717294
6286,3,3459.170901968813,34.457,2861.1217630693372
6287,3,3460.170901968813,34.446,2622.577712242592
6288,3,3461.170901968813,34.435,2622.4980418826217
6289,3,3462.170901968813,34.424,2622.4178875260395
6290,3,3463.170901968813,34.413,2622.337249167763
6291,3,3464.170901968813,34.403,2383.903847898384
6292,3,3465.170901968813,34.393,2383.89897371799
6293,3,3466.170901968813,34.384,2145.535525122463
6294,3,3467.170901968813,34.372,2860.6656304293206
6295,3,3468.170901968813,34.359,3098.821105421393
6296,3,3469.170901968813,34.344,3575.136727169586
6297,3,3470.170901968813,34.33,3336.3472313059783
6298,3,3471.170901968813,34.315,3574.1778984848725
6299,3,3472.170901968813,34.299,3811.83254828259
6300,3,3473.170901968813,34.284,3573.0071995460416
6301,3,3474.170901968813,34.27,3334.356368188978
6302,3,3475.170901968813,34.256,3333.953857197099
6303,3,3476.170901968813,34.242,3333.5505622035266
6304,3,3477.170901968813,34.226,3809.198997055591
6305,3,3478.170901968813,34.21,3808.5136615537835
6306,3,3479.170901968813,34.191,4521.596608445415
6307,3,3480.170901968813,34.174,4044.672023123381
6308,3,3481.170901968813,34.157,4043.8221113420427
6309,3,3482.170901968813,34.141,3805.2049322022363
6310,3,3483.170901968813,34.125,3804.5143167004285
6311,3,3484.170901968813,34.108,4041.5023636193623
6312,3,3485.170901968813,34.092,3803.0184882279495
6313,3,3486.170901968813,34.076,3802.324768726142
6314,3,3487.170901968813,34.059,4039.1726198966817
6315,3,3488.170901968813,34.042,4038.3147521136557
6316,3,3489.170901968813,34.026,3800.0141592829923
6317,3,3490.170901968813,34.012,3324.499469594846
6318,3,3491.170901968813,33.996,3798.8408112171023
6319,3,3492.170901968813,33.982,3323.4711100371915
6320,3,3493.170901968813,33.967,3560.3620442683177
6321,3,3494.170901968813,33.951,3797.073589118267
6322,3,3495.170901968813,33.936,3559.1500053294867
6323,3,3496.170901968813,33.92,3795.7787635835143
6324,3,3497.170901968813,33.905,3557.934246390656
6325,3,3498.170901968813,33.889,3794.4799700487615
6326,3,3499.170901968813,33.875,3319.6494380148924
6327,3,3500.170901968813,33.859,3793.2892139828714
6328,3,3501.170901968813,33.845,3318.6058464572384
6329,3,3502.170901968813,33.83,3555.1412368612255
6330,3,3503.170901968813,33.818,2843.790062116743
6331,3,3504.170901968813,33.806,2843.5926368969754
6332,3,3505.170901968813,33.795,2606.483639582907
6333,3,3506.170901968813,33.783,2843.280206559089
6334,3,3507.170901968813,33.771,2843.081077339322
6335,3,3508.170901968813,33.757,3316.5967053547865
6336,3,3509.170901968813,33.744,3079.3430856989144
6337,3,3510.170901968813,33.73,3315.8338001528978
6338,3,3511.170901968813,33.715,3552.163822247751
6339,3,3512.170901968813,33.701,3314.8711893804993
6340,3,3513.170901968813,33.686,3551.1307135647203
6341,3,3514.170901968813,33.673,3077.2434912138806
6342,3,3515.170901968813,33.66,3076.9310304506967
6343,3,3516.170901968813,33.651,2130.092816240204
6344,3,3517.170901968813,33.641,2366.774643354064
6345,3,3518.170901968813,33.633,1893.45143407135
6346,3,3519.170901968813,33.624,2130.199896183529
6347,3,3520.170901968813,33.613,2603.543040293107
6348,3,3521.170901968813,33.602,2603.4305239348305
6349,3,3522.170901968813,33.592,2366.687515868453
6350,3,3523.170901968813,33.58,2839.9012299246965
6351,3,3524.170901968813,33.569,2603.0900708583195
6352,3,3525.170901968813,33.556,3076.152258331773
6353,3,3526.170901968813,33.545,2602.70553062208
6354,3,3527.170901968813,33.535,2366.02624104189
6355,3,3528.170901968813,33.523,2839.1050121291223
6356,3,3529.170901968813,33.51,3075.4218699330177
6357,3,3530.170901968813,33.5,2365.5675214088305
6358,3,3531.170901968813,33.489,2602.0456830725357
6359,3,3532.170901968813,33.48,2128.9135782056255
6360,3,3533.170901968813,33.471,2128.943925519506
6361,3,3534.170901968813,33.462,2128.973948831707
6362,3,3535.170901968813,33.452,2365.5242573446217
6363,3,3536.170901968813,33.442,2365.4861631625467
6364,3,3537.170901968813,33.431,2601.9535270016236
6365,3,3538.170901968813,33.42,2601.832892641666
6366,3,3539.170901968813,33.409,2601.7117742850705
6367,3,3540.170901968813,33.399,2365.117376186854
6368,3,3541.170901968813,33.388,2601.5459913283607
6369,3,3542.170901968813,33.377,2601.423442968404
6370,3,3543.170901968813,33.365,2837.7397480705376
6371,3,3544.170901968813,33.352,3073.9338508677292
6372,3,3545.170901968813,33.339,3073.6029041011834
6373,3,3546.170901968813,33.327,2836.908352207942
6374,3,3547.170901968813,33.316,2600.3352146179623
6375,3,3548.170901968813,33.307,2127.5081100168945
6376,3,3549.170901968813,33.299,1891.1686167729097
6377,3,3550.170901968813,33.292,1654.8660137305394
6378,3,3551.170901968813,33.283,2127.772825187244
6379,3,3552.170901968813,33.273,2364.182865513893
6380,3,3553.170901968813,33.262,2600.512485588103
6381,3,3554.170901968813,33.251,2600.3842612298263
6382,3,3555.170901968813,33.24,2600.2555528698704
6383,3,3556.170901968813,33.229,2600.1263605132735
6384,3,3557.170901968813,33.217,2836.317333026744
6385,3,3558.170901968813,33.207,2363.479439923294
6386,3,3559.170901968813,33.196,2599.735879438444
6387,3,3560.170901968813,33.187,2127.013424868642
6388,3,3561.170901968813,33.176,2599.6298302398986
6389,3,3562.170901968813,33.167,2126.925937343933
6390,3,3563.170901968813,33.156,2599.5220210447114
6391,3,3564.170901968813,33.146,2363.1165914228923
6392,3,3565.170901968813,33.136,2363.0665772424986
6393,3,3566.170901968813,33.13,1417.895285939246
6394,3,3567.170901968813,33.122,1890.6576527785337
6395,3,3568.170901968813,33.115,1654.4145522354606
6396,3,3569.170901968813,33.108,1654.528432488747
6397,3,3570.170901968813,33.1,1890.991000619361
6398,3,3571.170901968813,33.092,1891.0635547455888
6399,3,3572.170901968813,33.083,2127.495684940156
6400,3,3573.170901968813,33.076,1654.7818959229855
6401,3,3574.170901968813,33.068,1891.2796811192327
6402,3,3575.170901968813,33.06,1891.351211242101
6403,3,3576.170901968813,33.049,2600.5879037414775
6404,3,3577.170901968813,33.041,1891.3217992895823
6405,3,3578.170901968813,33.032,2127.784374052149
6406,3,3579.170901968813,33.024,1891.4057048025668
6407,3,3580.170901968813,33.015,2127.8781557561465
6408,3,3581.170901968813,33.005,2364.28902947934
6409,3,3582.170901968813,32.995,2364.232795300626
6410,3,3583.170901968813,32.984,2600.554362349982
6411,3,3584.170901968813,32.975,2127.674956706729
6412,3,3585.170901968813,32.964,2600.4284251547956
6413,3,3586.170901968813,32.953,2600.2859007948396
6414,3,3587.170901968813,32.942,2600.1428924382426
6415,3,3588.170901968813,32.933,2127.3368235048406
6416,3,3589.170901968813,32.925,1891.0049380955281
6417,3,3590.170901968813,32.916,2127.423981208838
6418,3,3591.170901968813,32.908,1891.081867608513
6419,3,3592.170901968813,32.898,2363.863983749127
6420,3,3593.170901968813,32.89,1891.1002183904257
6421,3,3594.170901968813,32.883,1654.795819145866
6422,3,3595.170901968813,32.873,2364.040578299822
6423,3,3596.170901968813,32.862,2600.3372366490976
6424,3,3597.170901968813,32.848,3309.181399557875
6425,3,3598.170901968813,32.835,3072.4025716017845
6426,3,3599.170901968813,32.823,2835.772356977727
6427,3,3600.170901968813,32.811,2835.5234037579603
6428,3,3601.170901968813,32.8,2599.0406645404914
6429,3,3602.170901968813,32.79,2362.6638946008743
6430,3,3603.170901968813,32.778,2835.0325164036008
6431,3,3604.170901968813,32.768,2362.389859404008
6432,3,3605.170901968813,32.756,2834.7026181673614
6433,3,3606.170901968813,32.743,3070.6076428042757
6434,3,3607.170901968813,32.729,3306.361706112514
6435,3,3608.170901968813,32.714,3541.9429250633093
6436,3,3609.170901968813,32.701,3069.2208891793257
6437,3,3610.170901968813,32.689,2832.8289033569954
6438,3,3611.170901968813,32.677,2832.573566137228
6439,3,3612.170901968813,32.666,2596.3309157214867
6440,3,3613.170901968813,32.656,2360.195496583598
6441,3,3614.170901968813,32.644,2832.064318782869
6442,3,3615.170901968813,32.632,2831.8067495631017
6443,3,3616.170901968813,32.62,2831.548604343335
6444,3,3617.170901968813,32.608,2831.2898831235675
6445,3,3618.170901968813,32.597,2595.1511702906214
6446,3,3619.170901968813,32.586,2594.9925859340215
6447,3,3620.170901968813,32.577,2123.110768365024
6448,3,3621.170901968813,32.565,2830.683778752736
6449,3,3622.170901968813,32.553,2830.422297532969
6450,3,3623.170901968813,32.54,3065.9598257836847
6451,3,3624.170901968813,32.527,3065.581065018819
6452,3,3625.170901968813,32.516,2593.711900744989
6453,3,3626.170901968813,32.505,2593.5498403850374
6454,3,3627.170901968813,32.496,2121.9276221899536
6455,3,3628.170901968813,32.487,2121.924867503835
6456,3,3629.170901968813,32.475,2829.0984016044836
6457,3,3630.170901968813,32.466,2121.7223569028906
6458,3,3631.170901968813,32.455,2593.131707394547
6459,3,3632.170901968813,32.445,2357.2789153772906
6460,3,3633.170901968813,32.435,2357.201281196897
6461,3,3634.170901968813,32.425,2357.123247018178
6462,3,3635.170901968813,32.416,2121.373048091118
6463,3,3636.170901968813,32.406,2357.038702073755
6464,3,3637.170901968813,32.398,1885.6257850484506
6465,3,3638.170901968813,32.393,1178.6036545479099
6466,3,3639.170901968813,32.387,1414.4729461772918
6467,3,3640.170901968813,32.381,1414.59953387235
6468,3,3641.170901968813,32.375,1414.7259775674083
6469,3,3642.170901968813,32.368,1650.635494942672
6470,3,3643.170901968813,32.362,1414.9347149067012
6471,3,3644.170901968813,32.356,1415.0607146017594
6472,3,3645.170901968813,32.346,2358.498476993068
6473,3,3646.170901968813,32.336,2358.416262810998
6474,3,3647.170901968813,32.329,1650.910144630197
6475,3,3648.170901968813,32.32,2122.6554057725166
6476,3,3649.170901968813,32.312,1886.8257098890165
6477,3,3650.170901968813,32.303,2122.702135476514
6478,3,3651.170901968813,32.294,2122.692180790395
6479,3,3652.170901968813,32.284,2358.4989250729504
6480,3,3653.170901968813,32.277,1650.9665662135635
6481,3,3654.170901968813,32.269,1886.896920308462
6482,3,3655.170901968813,32.262,1651.10283432415
6483,3,3656.170901968813,32.254,1887.0521752919897
6484,3,3657.170901968813,32.246,1887.1001854148615
6485,3,3658.170901968813,32.239,1651.2800542953923
6486,3,3659.170901968813,32.231,1887.2539843983889
6487,3,3660.170901968813,32.223,1887.3012425246131
6488,3,3661.170901968813,32.215,1887.348244647485
6489,3,3662.170901968813,32.206,2123.2864050816765
6490,3,3663.170901968813,32.199,1651.48565359029
6491,3,3664.170901968813,32.19,2123.3907018619093
6492,3,3665.170901968813,32.18,2359.2705095968554
6493,3,3666.170901968813,32.172,1887.4034390686065
6494,3,3667.170901968813,32.163,2123.3469598035526
6495,3,3668.170901968813,32.156,1651.5315897056282
6496,3,3669.170901968813,32.149,1651.6222439572352
6497,3,3670.170901968813,32.141,1887.64229830123
6498,3,3671.170901968813,32.133,1887.6867084241017
6499,3,3672.170901968813,32.124,2123.6641708303705
6500,3,3673.170901968813,32.116,1887.7159899404428
6501,3,3674.170901968813,32.111,1179.9048726043582
6502,3,3675.170901968813,32.106,1180.042249057583
6503,3,3676.170901968813,32.1,1416.1933735909113
6504,3,3677.170901968813,32.094,1416.3138532859696
6505,3,3678.170901968813,32.088,1416.4341889810278
6506,3,3679.170901968813,32.08,1888.680307500909
6507,3,3680.170901968813,32.071,2124.779791789892
6508,3,3681.170901968813,32.063,1888.705717013896
6509,3,3682.170901968813,32.056,1652.6798124445493
6510,3,3683.170901968813,32.05,1416.68012304973
6511,3,3684.170901968813,32.04,2361.1851310713423
6512,3,3685.170901968813,32.029,2597.1573596996186
6513,3,3686.170901968813,32.02,2124.860040901885
6514,3,3687.170901968813,32.011,2124.8391602157662
6515,3,3688.170901968813,32.002,2124.8179555296474
6516,3,3689.170901968813,31.994,1888.7374483398
6517,3,3690.170901968813,31.986,1888.777074463509
6518,3,3691.170901968813,31.977,2124.885279623761
6519,3,3692.170901968813,31.969,1888.7964839781737
6520,3,3693.170901968813,31.962,1652.7567625367194
6521,3,3694.170901968813,31.96,472.27758479103915
6546,3,3719.170901968813,31.955,1188.5540409972914
6547,3,3720.170901968813,31.949,1426.4028079156994
6548,3,3721.170901968813,31.942,1664.2453106841706
6549,3,3722.170901968813,31.936,1426.588997255837
6550,3,3723.170901968813,31.931,1188.9387799799742
6552,3,3725.170901968813,31.93,237.8931389709211
6622,3,3795.170901968813,31.928,484.70404691558025
6623,3,3796.170901968813,31.924,969.5724177303744
6624,3,3797.170901968813,31.919,1212.1139094717335
6625,3,3798.170901968813,31.915,969.8097654254326
6626,3,3799.170901968813,31.914,242.4972795012022
6627,3,3800.170901968813,31.912,485.09941597871574
6678,4,3851.170901968813,31.911,245.7932804757827
6679,4,3852.170901968813,31.903,1966.5794715065592
6680,4,3853.170901968813,31.896,1720.799152622441
6681,4,3854.170901968813,31.89,1475.052870917952
6682,4,3855.170901968813,31.886,983.4695177761805
6683,4,3856.170901968813,31.881,1229.4822495289818
6684,4,3857.170901968813,31.875,1475.5067281555978
6685,4,3858.170901968813,31.87,1229.6955207297651
6686,4,3859.170901968813,31.863,1721.695773666605
6687,4,3860.170901968813,31.858,1229.8697502215289
6688,4,3861.170901968813,31.852,1475.9711889866544
6689,4,3862.170901968813,31.844,1968.0387021742274
6690,4,3863.170901968813,31.838,1476.0866962751236
6691,4,3864.170901968813,31.831,1722.195280102523
6692,4,3865.170901968813,31.825,1476.2479136144163
6693,4,3866.170901968813,31.821,984.2652529062827
6694,4,3867.170901968813,31.818,738.3086670912079
6695,4,3868.170901968813,31.814,984.5578033366468
6696,4,3869.170901968813,31.81,984.6885178677838
6697,4,3870.170901968813,31.805,1231.004609643485
6698,4,3871.170901968813,31.802,738.7007026846188
6699,4,3872.170901968813,31.799,738.8218246083834
6842,4,4015.170901968813,31.797,510.6976173629342
6843,4,4016.170901968813,31.788,2298.3140412152698
6844,4,4017.170901968813,31.781,1787.5727594711584
6845,4,4018.170901968813,31.773,2042.9666680295825
6846,4,4019.170901968813,31.764,2298.294554385619
6847,4,4020.170901968813,31.758,1532.2157762092356
6848,4,4021.170901968813,31.749,2298.3525042420874
6849,4,4022.170901968813,31.74,2298.2724755559684
6850,4,4023.170901968813,31.734,1532.2004989885613
6851,4,4024.170901968813,31.726,2042.9910835122091
6852,4,4025.170901968813,31.719,1787.6387751273421
6853,4,4026.170901968813,31.711,2043.0401624957367
6854,4,4027.170901968813,31.705,1532.3224195155833
6855,4,4028.170901968813,31.698,1787.7868378821634
6856,4,4029.170901968813,31.692,1532.4548608548764
6857,4,4030.170901968813,31.684,2043.3288886651787
6858,4,4031.170901968813,31.676,2043.3199067906341
6859,4,4032.170901968813,31.668,2043.3106689142746
6860,4,4033.170901968813,31.66,2043.3011750388227
6861,4,4034.170901968813,31.651,2298.6665457710146
6862,4,4035.170901968813,31.642,2298.5826470848956
6863,4,4036.170901968813,31.633,2298.498424398777
6864,4,4037.170901968813,31.623,2553.7528257488843
6865,4,4038.170901968813,31.615,2042.9268119903124
6866,4,4039.170901968813,31.609,1532.235246635608
6867,4,4040.170901968813,31.603,1532.3236983315737
6868,4,4041.170901968813,31.597,1532.412006026632
6869,4,4042.170901968813,31.591,1532.50016972169
6870,4,4043.170901968813,31.583,2043.3862284885047
6871,4,4044.170901968813,31.575,2043.373966612145
6872,4,4045.170901968813,31.566,2298.7452232910023
6873,4,4046.170901968813,31.56,1532.5115061461577
6874,4,4047.170901968813,31.551,2298.7890251474705
6875,4,4048.170901968813,31.543,2043.3223591103372
6876,4,4049.170901968813,31.535,2043.308817234885
6877,4,4050.170901968813,31.527,2043.2950193594331
6878,4,4051.170901968813,31.519,2043.2809654848886
6879,4,4052.170901968813,31.509,2554.0022760923953
6880,4,4053.170901968813,31.502,1787.7604619280683
6881,4,4054.170901968813,31.492,2553.884417985726
6882,4,4055.170901968813,31.482,2553.7033238062395
6883,4,4056.170901968813,31.472,2553.5218296249386
6884,4,4057.170901968813,31.462,2553.339935445452
6885,4,4058.170901968813,31.452,2553.157641264151
6886,4,4059.170901968813,31.442,2552.974947084664
6887,4,4060.170901968813,31.432,2552.7918529042704
6888,4,4061.170901968813,31.422,2552.6083587229696
6889,4,4062.170901968813,31.412,2552.424464543483
6890,4,4063.170901968813,31.404,2041.8571470243587
6891,4,4064.170901968813,31.394,2552.218043018774
6892,4,4065.170901968813,31.384,2552.0329888374736
6893,4,4066.170901968813,31.376,2041.5430864602768
6894,4,4067.170901968813,31.367,2296.67853512015
6895,4,4068.170901968813,31.358,2296.584178434031
6896,4,4069.170901968813,31.35,2041.3565513650578
6897,4,4070.170901968813,31.343,1786.1985705002853
6898,4,4071.170901968813,31.335,2041.382798348585
6899,4,4072.170901968813,31.328,1786.2211166108718
6900,4,4073.170901968813,31.32,2041.4080853321127
6901,4,4074.170901968813,31.313,1786.2428227214584
6902,4,4075.170901968813,31.304,2296.5747873173173
6903,4,4076.170901968813,31.296,2041.3463877057566
6904,4,4077.170901968813,31.287,2296.454279021315
6905,4,4078.170901968813,31.28,1786.1124317638423
6906,4,4079.170901968813,31.272,2041.282386080307
6907,4,4080.170901968813,31.263,2296.381386190758
6908,4,4081.170901968813,31.255,2041.1731395949716
6909,4,4082.170901968813,31.247,2041.150765718613
6910,4,4083.170901968813,31.239,2041.128135843161
6911,4,4084.170901968813,31.229,2551.2998790422766
6912,4,4085.170901968813,31.22,2296.0335389135403
6913,4,4086.170901968813,31.208,3061.0977248174245
6914,4,4087.170901968813,31.197,2805.6589015108057
6915,4,4088.170901968813,31.186,2805.3560191525294
6916,4,4089.170901968813,31.175,2805.052652794253
6917,4,4090.170901968813,31.164,2804.7488024359764
6918,4,4091.170901968813,31.153,2804.4444680786055
6919,4,4092.170901968813,31.141,3059.0123300070586
6920,4,4093.170901968813,31.13,2803.7442976013035
6921,4,4094.170901968813,31.121,2293.796095366232
6922,4,4095.170901968813,31.112,2293.692936680113
6923,4,4096.170901968813,31.105,1783.9602550540196
6924,4,4097.170901968813,31.095,2548.4403010250003
6925,4,4098.170901968813,31.087,2038.6597042095734
6926,4,4099.170901968813,31.076,2802.984368569765
6927,4,4100.170901968813,31.064,3057.4154381802205
6928,4,4101.170901968813,31.051,3311.674997485734
6929,4,4102.170901968813,31.038,3311.0959587199636
6930,4,4103.170901968813,31.023,3819.7033402064426
6931,4,4104.170901968813,31.009,3564.2590114728455
6932,4,4105.170901968813,30.998,2800.042653301987
6933,4,4106.170901968813,30.987,2799.7310369446145
6934,4,4107.170901968813,30.976,2799.418936585434
6935,4,4108.170901968813,30.964,3053.521268015495
6936,4,4109.170901968813,30.953,2798.702882109038
6937,4,4110.170901968813,30.942,2798.3893077507614
6938,4,4111.170901968813,30.929,3306.7093133846884
6939,4,4112.170901968813,30.918,2797.579771514522
6940,4,4113.170901968813,30.906,3051.5121341199547
6941,4,4114.170901968813,30.895,2796.8586350381256
6942,4,4115.170901968813,30.884,2796.542574679849
6943,4,4116.170901968813,30.874,2542.064825638297
6944,4,4117.170901968813,30.861,3304.256093229104
6945,4,4118.170901968813,30.848,3303.6667064651415
6946,4,4119.170901968813,30.834,3557.101794053199
6947,4,4120.170901968813,30.819,3810.313449286393
6948,4,4121.170901968813,30.805,3555.4824992808
6949,4,4122.170901968813,30.79,3808.57675060168
6950,4,4123.170901968813,30.776,3553.8599565084014
6951,4,4124.170901968813,30.763,3299.3655907708885
6952,4,4125.170901968813,30.752,2791.358768381434
6953,4,4126.170901968813,30.74,3044.7180132465105
6954,4,4127.170901968813,30.727,3297.9025798066455
6955,4,4128.170901968813,30.712,3804.460380691073
6956,4,4129.170901968813,30.7,3042.96772118062
6957,4,4130.170901968813,30.687,3296.0044150685985
6958,4,4131.170901968813,30.673,3548.841051628024
6959,4,4132.170901968813,30.661,3041.310841215477
6960,4,4133.170901968813,30.648,3294.2074727749027
6961,4,4134.170901968813,30.634,3546.903657002174
6962,4,4135.170901968813,30.622,3039.6483452521347
6963,4,4136.170901968813,30.608,3545.6084205855404
6964,4,4137.170901968813,30.596,3038.5368946093063
6965,4,4138.170901968813,30.585,2784.9517734866995
6966,4,4139.170901968813,30.573,3037.720968271419
6967,4,4140.170901968813,30.563,2531.134882628049
6968,4,4141.170901968813,30.551,3037.00222203518
6969,4,4142.170901968813,30.54,2783.54298829375
6970,4,4143.170901968813,30.528,3036.181927697293
6971,4,4144.170901968813,30.518,2529.850568815378
6972,4,4145.170901968813,30.511,1770.8294448341496
6973,4,4146.170901968813,30.504,1770.850323084858
6974,4,4147.170901968813,30.5,1011.97605481516
6975,4,4148.170901968813,30.493,1771.0657147668535
6976,4,4149.170901968813,30.486,1771.0860470175617
6977,4,4150.170901968813,30.478,2024.088150940791
6978,4,4151.170901968813,30.469,2277.012716660726
6979,4,4152.170901968813,30.457,3035.701972480338
6980,4,4153.170901968813,30.445,3035.236971260571
6981,4,4154.170901968813,30.435,2529.0592451190087
6982,4,4155.170901968813,30.424,2781.675005151926
6983,4,4156.170901968813,30.414,2528.5312533392835
6984,4,4157.170901968813,30.405,2275.5147937816578
6985,4,4158.170901968813,30.397,2022.6008574527377
6986,4,4159.170901968813,30.387,2528.1104410522203
6987,4,4160.170901968813,30.379,2022.3755602320725
6988,4,4161.170901968813,30.367,3033.2938513320855
6989,4,4162.170901968813,30.36,1769.2930665473873
6990,4,4163.170901968813,30.35,2527.4610545847636
6991,4,4164.170901968813,30.34,2527.235320405268
6992,4,4165.170901968813,30.332,2021.673991713792
6993,4,4166.170901968813,30.322,2526.949298880559
6994,4,4167.170901968813,30.312,2526.7224046992674
6995,4,4168.170901968813,30.302,2526.4951105197715
6996,4,4169.170901968813,30.294,2021.080639805395
6997,4,4170.170901968813,30.286,2021.0316259299432
6998,4,4171.170901968813,30.278,2020.9823560553887
6999,4,4172.170901968813,30.27,2020.932830179039
7000,4,4173.170901968813,30.264,1515.7123642787383
7001,4,4174.170901968813,30.26,1010.5500786824817
7002,4,4175.170901968813,30.256,1010.6585692145163
7003,4,4176.170901968813,30.251,1263.4378638268836
7004,4,4177.170901968813,30.247,1010.8419409095746
7005,4,4178.170901968813,30.242,1263.6668984457062
7006,4,4179.170901968813,30.237,1263.7603849015059
7007,4,4180.170901968813,30.232,1263.8537713555093
7008,4,4181.170901968813,30.223,2274.9541819068077
7009,4,4182.170901968813,30.218,1263.8729574292338
7010,4,4183.170901968813,30.215,758.4047013560726
7201,4,4374.170901968813,30.21,1321.5463837570649
7202,4,4375.170901968813,30.2,2643.040741879773
7203,4,4376.170901968813,30.191,2378.5320324672775
7204,4,4377.170901968813,30.181,2642.5856169360864
7205,4,4378.170901968813,30.173,2113.921012940112
7206,4,4379.170901968813,30.164,2378.034312407982
7207,4,4380.170901968813,30.156,2113.6952704547766
7208,4,4381.170901968813,30.146,2641.933677304708
7209,4,4382.170901968813,30.138,2113.398325234071
7210,4,4383.170901968813,30.129,2377.4450467406805
7211,4,4384.170901968813,30.119,2641.375285018584
7212,4,4385.170901968813,30.109,2641.1007308372514
7213,4,4386.170901968813,30.099,2640.825776657796
7214,4,4387.170901968813,30.087,3168.55521487086
7215,4,4388.170901968813,30.077,2640.0991414599916
7216,4,4389.170901968813,30.067,2639.8229472805356
7217,4,4390.170901968813,30.059,2111.7073252139826
7218,4,4391.170901968813,30.047,3167.22861880497
7219,4,4392.170901968813,30.037,2638.9919647393544
7220,4,4393.170901968813,30.024,3430.157088060441
7221,4,4394.170901968813,30.012,3165.701331247316
7222,4,4395.170901968813,30.0,3165.155954027549
7223,4,4396.170901968813,29.988,3164.610000807782
7224,4,4397.170901968813,29.976,3164.0634715880146
7225,4,4398.170901968813,29.966,2636.3516020576217
7226,4,4399.170901968813,29.954,3163.1798453517754
7227,4,4400.170901968813,29.944,2635.614366861692
7228,4,4401.170901968813,29.932,3162.2941071155356
7229,4,4402.170901968813,29.922,2634.8753716638894
7230,4,4403.170901968813,29.91,3161.406256879296
7231,4,4404.170901968813,29.9,2634.134616467959
7232,4,4405.170901968813,29.89,2633.8516822866295
7233,4,4406.170901968813,29.882,2106.925177219607
7234,4,4407.170901968813,29.874,2106.839235345091
7235,4,4408.170901968813,29.866,2106.753037468703
7236,4,4409.170901968813,29.858,2106.6665835932513
7237,4,4410.170901968813,29.849,2369.862666394757
7238,4,4411.170901968813,29.837,3159.4217574590466
7239,4,4412.170901968813,29.826,2895.676877765616
7240,4,4413.170901968813,29.815,2895.26518340734
7241,4,4414.170901968813,29.802,3421.075146615213
7242,4,4415.170901968813,29.791,2894.2460751711005
7243,4,4416.170901968813,29.78,2893.832884812824
7244,4,4417.170901968813,29.769,2893.4192104554822
7245,4,4418.170901968813,29.758,2893.005052096271
7246,4,4419.170901968813,29.747,2892.590409737995
7247,4,4420.170901968813,29.736,2892.175283379718
7248,4,4421.170901968813,29.725,2891.759673021442
7249,4,4422.170901968813,29.714,2891.3435786640994
7250,4,4423.170901968813,29.702,3153.685467735734
7251,4,4424.170901968813,29.691,2890.4126061877027
7252,4,4425.170901968813,29.677,3677.989645513011
7253,4,4426.170901968813,29.666,2889.2848581906865
7254,4,4427.170901968813,29.654,3151.4373348575996
7255,4,4428.170901968813,29.643,2888.3497497142903
7256,4,4429.170901968813,29.633,2625.435343851444
7257,4,4430.170901968813,29.622,2887.607544757581
7258,4,4431.170901968813,29.61,3149.6053783851203
7259,4,4432.170901968813,29.6,2624.2883910552123
7260,4,4433.170901968813,29.588,3148.6862321488807
7261,4,4434.170901968813,29.576,3148.119446929114
7262,4,4435.170901968813,29.564,3147.5520857093466
7263,4,4436.170901968813,29.552,3146.9841484895796
7264,4,4437.170901968813,29.543,2359.9315300667126
7265,4,4438.170901968813,29.529,3670.402841295253
7266,4,4439.170901968813,29.517,3145.3834209319257
7267,4,4440.170901968813,29.502,3930.8166969496096
7268,4,4441.170901968813,29.488,3667.7854010997926
7269,4,4442.170901968813,29.474,3666.869930106221
7270,4,4443.170901968813,29.46,3665.9536751126493
7271,4,4444.170901968813,29.448,3141.5666339182653
7272,4,4445.170901968813,29.435,3402.6849768686243
7273,4,4446.170901968813,29.421,3663.5736844876997
7274,4,4447.170901968813,29.408,3401.0940208945126
7275,4,4448.170901968813,29.392,4184.839184572728
7276,4,4449.170901968813,29.378,3660.688834721729
7277,4,4450.170901968813,29.364,3659.7671477281574
7278,4,4451.170901968813,29.353,2874.9534203597304
7279,4,4452.170901968813,29.341,3135.7886270420095
7280,4,4453.170901968813,29.329,3135.210441822242
7281,4,4454.170901968813,29.317,3134.631680602475
7282,4,4455.170901968813,29.307,2611.7993895706054
7283,4,4456.170901968813,29.295,3133.6863263653077
7284,4,4457.170901968813,29.282,3394.140099020591
7285,4,4458.170901968813,29.27,3132.417871825054
7286,4,4459.170901968813,29.256,3653.684106920604
7287,4,4460.170901968813,29.244,3131.0399731822254
7288,4,4461.170901968813,29.232,3130.4571559624583
7289,4,4462.170901968813,29.22,3129.8737627426913
7290,4,4463.170901968813,29.208,3129.2897935229244
7291,4,4464.170901968813,29.195,3389.3726514394107
7292,4,4465.170901968813,29.183,3128.012962981743
7293,4,4466.170901968813,29.169,3648.5400626034084
7294,4,4467.170901968813,29.155,3647.605859609837
7295,4,4468.170901968813,29.142,3386.2524679374237
7296,4,4469.170901968813,29.128,3645.860238407948
7297,4,4470.170901968813,29.115,3384.6301299642414
7298,4,4471.170901968813,29.101,3644.1115932060598
7299,4,4472.170901968813,29.088,3383.0049839901344
7300,4,4473.170901968813,29.074,3642.3599240041717
7301,4,4474.170901968813,29.06,3641.420317011524
7302,4,4475.170901968813,29.045,3900.4470788826925
7303,4,4476.170901968813,29.033,3119.6046437346554
7304,4,4477.170901968813,29.019,3638.722152816063
7305,4,4478.170901968813,29.007,3118.2041370909033
7306,4,4479.170901968813,28.995,3117.6104478720595
7307,4,4480.170901968813,28.983,3117.0161826522926
7308,4,4481.170901968813,28.973,2597.1074079454515
7309,4,4482.170901968813,28.961,3116.041068416053
7310,4,4483.170901968813,28.948,3375.007268906969
7311,4,4484.170901968813,28.936,3114.7409818748715
7312,4,4485.170901968813,28.926,2595.2095872976
7313,4,4486.170901968813,28.914,3113.76149963771
7314,4,4487.170901968813,28.902,3113.163274418865
7315,4,4488.170901968813,28.892,2593.8934910842613
7316,4,4489.170901968813,28.881,2852.8815757136877
7317,4,4490.170901968813,28.869,3111.6884350645055
7318,4,4491.170901968813,28.857,3111.0879778447384
7319,4,4492.170901968813,28.845,3110.4869446249713
7320,4,4493.170901968813,28.835,2591.6609762550956
7321,4,4494.170901968813,28.824,2850.4234004026193
7322,4,4495.170901968813,28.812,3109.004041270612
7323,4,4496.170901968813,28.8,3108.4007760508453
7324,4,4497.170901968813,28.787,3366.721549512249
7325,4,4498.170901968813,28.773,3624.8060396423793
7326,4,4499.170901968813,28.761,3106.263584086602
7327,4,4500.170901968813,28.748,3364.4042692167327
7328,4,4501.170901968813,28.736,3104.943697545421
7329,4,4502.170901968813,28.724,3104.336880325654
7330,4,4503.170901968813,28.71,3620.8916461713065
7331,4,4504.170901968813,28.7,2585.8445148206997
7332,4,4505.170901968813,28.69,2585.5175806393877
7333,4,4506.170901968813,28.681,2326.7117773517634
7334,4,4507.170901968813,28.673,2068.034239292845
7335,4,4508.170901968813,28.663,2584.8048683523243
7336,4,4509.170901968813,28.653,2584.476394172849
7337,4,4510.170901968813,28.644,2325.773359531052
7338,4,4511.170901968813,28.634,2583.9084692291826
7339,4,4512.170901968813,28.62,3616.757659498345
7340,4,4513.170901968813,28.607,3357.578005691034
7341,4,4514.170901968813,28.591,4131.22475601254
7342,4,4515.170901968813,28.578,3355.661468830949
7343,4,4516.170901968813,28.564,3612.8825275240583
7344,4,4517.170901968813,28.552,3096.032798842326
7345,4,4518.170901968813,28.541,2837.515244366962
7346,4,4519.170901968813,28.529,3094.9090005044395
7347,4,4520.170901968813,28.517,3094.2920312846722
7348,4,4521.170901968813,28.503,3609.1603076234956
7349,4,4522.170901968813,28.49,3350.5171208072434
7350,4,4523.170901968813,28.476,3607.3373504216074
7351,4,4524.170901968813,28.462,3606.3613994280354
7352,4,4525.170901968813,28.451,2832.951566981064
7353,4,4526.170901968813,28.437,3604.7873437966578
7354,4,4527.170901968813,28.425,3089.087901933125
7355,4,4528.170901968813,28.414,2831.1437648668616
7356,4,4529.170901968813,28.4,3602.484418743132
7357,4,4530.170901968813,28.386,3601.503987748646
7358,4,4531.170901968813,28.373,3343.40147992254
7359,4,4532.170901968813,28.359,3599.667674546758
7360,4,4533.170901968813,28.345,3598.6849195540995
7361,4,4534.170901968813,28.332,3340.7816547410416
7362,4,4535.170901968813,28.318,3596.844042351298
7363,4,4536.170901968813,28.304,3595.8589633586384
7364,4,4537.170901968813,28.291,3338.155433559543
7365,4,4538.170901968813,28.279,3080.691935092626
7366,4,4539.170901968813,28.265,3593.280312732776
7367,4,4540.170901968813,28.252,3335.7589052658586
7368,4,4541.170901968813,28.238,3591.430419530888
7369,4,4542.170901968813,28.225,3334.0397432917653
7370,4,4543.170901968813,28.211,3589.5775023299107
7371,4,4544.170901968813,28.197,3588.5862913354276
7372,4,4545.170901968813,28.184,3331.396648110267
7373,4,4546.170901968813,28.17,3586.72881013354
7374,4,4547.170901968813,28.159,2817.5134871077275
7375,4,4548.170901968813,28.145,3585.1230025021614
7376,4,4549.170901968813,28.134,2816.2506811107346
7377,4,4550.170901968813,28.122,3071.692971134007
7378,4,4551.170901968813,28.11,3071.0573059142403
7379,4,4552.170901968813,28.098,3070.421064694473
7380,4,4553.170901968813,28.088,2558.2446029796884
7381,4,4554.170901968813,28.077,2813.635095799666
7382,4,4555.170901968813,28.065,3068.836857340114
7383,4,4556.170901968813,28.054,2812.5653033241783
7384,4,4557.170901968813,28.04,3578.819224050373
7385,4,4558.170901968813,28.028,3066.8103135791653
7386,4,4559.170901968813,28.017,2810.706065209067
7387,4,4560.170901968813,28.007,2554.7901461184997
7388,4,4561.170901968813,27.995,3065.216314224806
7389,4,4562.170901968813,27.983,3064.574433005039
7390,4,4563.170901968813,27.969,3574.4595362972595
7391,4,4564.170901968813,27.957,3063.06986236221
7392,4,4565.170901968813,27.944,3317.56904168289
7393,4,4566.170901968813,27.932,3061.6723838210287
7394,4,4567.170901968813,27.92,3061.027550600356
7395,4,4568.170901968813,27.908,3060.382141381495
7396,4,4569.170901968813,27.896,3059.736156161728
7397,4,4570.170901968813,27.883,3313.954315632367
7398,4,4571.170901968813,27.871,3058.3327496205466
7399,4,4572.170901968813,27.859,3057.6850123998743
7400,4,4573.170901968813,27.849,2547.6220460691848
7401,4,4574.170901968813,27.839,2547.264291888791
7402,4,4575.170901968813,27.83,2292.2567004754037
7403,4,4576.170901968813,27.824,1528.093292268187
7404,4,4577.170901968813,27.817,1782.7485630954964
7405,4,4578.170901968813,27.811,1528.0469456083847
7406,4,4579.170901968813,27.802,2291.9528823408114
7407,4,4580.170901968813,27.794,2037.1134517266407
7408,4,4581.170901968813,27.785,2291.5520780448087
7409,4,4582.170901968813,27.775,2545.8541531342707
7410,4,4583.170901968813,27.766,2290.9850555963353
7411,4,4584.170901968813,27.759,1781.7526253221931
7412,4,4585.170901968813,27.751,2036.1826941460863
7413,4,4586.170901968813,27.742,2290.503436766685
7414,4,4587.170901968813,27.735,1781.377360900036
7415,4,4588.170901968813,27.728,1781.316059150739
7416,4,4589.170901968813,27.723,1272.3705784260142
7417,4,4590.170901968813,27.72,763.4785359535996
7418,4,4591.170901968813,27.717,763.5622238773642
7419,4,4592.170901968813,27.714,763.6458758011288
7420,4,4593.170901968813,27.708,1527.3763063735512
7421,4,4594.170901968813,27.704,1018.2887920790191
7422,4,4595.170901968813,27.699,1272.9312674086375
7423,4,4596.170901968813,27.692,1782.105517017051
7424,4,4597.170901968813,27.684,2036.5834869391758
7425,4,4598.170901968813,27.678,1527.3836248488426
7426,4,4599.170901968813,27.672,1527.3846565439007
7427,4,4600.170901968813,27.664,2036.4404562505458
7428,4,4601.170901968813,27.656,2036.2941943759981
7429,4,4602.170901968813,27.649,1781.6614321331613
7430,4,4603.170901968813,27.644,1272.615643413459
7431,4,4604.170901968813,27.639,1272.6618998674562
7432,4,4605.170901968813,27.638,254.56003194753683
7433,4,4606.170901968813,27.637,254.60609660663732
7524,4,4697.170901968813,27.631,1557.6194484601333
7525,4,4698.170901968813,27.624,1817.1820323183838
7526,4,4699.170901968813,27.616,2076.6576049978294
7527,4,4700.170901968813,27.605,2855.029511153619
7528,4,4701.170901968813,27.596,2335.5840146363125
7529,4,4702.170901968813,27.587,2335.3190719501936
7530,4,4703.170901968813,27.58,1816.2188040427707
7531,4,4704.170901968813,27.571,2334.957564729505
7532,4,4705.170901968813,27.562,2334.691686044308
7533,4,4706.170901968813,27.553,2334.425483358189
7534,4,4707.170901968813,27.544,2334.15895667207
7535,4,4708.170901968813,27.532,3111.68664716213
7536,4,4709.170901968813,27.523,2333.3706360711253
7537,4,4710.170901968813,27.516,1814.7016739146063
7538,4,4711.170901968813,27.506,2592.1804536807645
7539,4,4712.170901968813,27.499,1814.3507232399377
7540,4,4713.170901968813,27.49,2332.552992555356
7541,4,4714.170901968813,27.481,2332.2841978683164
7542,4,4715.170901968813,27.473,2072.9400139750455
7543,4,4716.170901968813,27.464,2331.8305275732346
7544,4,4717.170901968813,27.457,1813.5022017486594
7545,4,4718.170901968813,27.448,2331.460560353468
7546,4,4719.170901968813,27.44,2072.206819737886
7547,4,4720.170901968813,27.431,2331.0044780574653
7548,4,4721.170901968813,27.422,2330.733487371346
7549,4,4722.170901968813,27.413,2330.4621726852274
7550,4,4723.170901968813,27.406,1812.436539725574
7551,4,4724.170901968813,27.397,2330.08864146546
7552,4,4725.170901968813,27.389,2070.985704281879
7553,4,4726.170901968813,27.38,2329.628887169458
7554,4,4727.170901968813,27.369,2846.8866768305975
7555,4,4728.170901968813,27.359,2587.6333712289775
7556,4,4729.170901968813,27.348,2845.906277874807
7557,4,4730.170901968813,27.337,2845.3633535156114
7558,4,4731.170901968813,27.329,2069.0735082159895
7559,4,4732.170901968813,27.318,2844.5883760785887
7560,4,4733.170901968813,27.309,2327.0303417567416
7561,4,4734.170901968813,27.301,2068.264583652826
7562,4,4735.170901968813,27.29,2843.4748618029757
7563,4,4736.170901968813,27.282,2067.698547697709
7564,4,4737.170901968813,27.272,2584.3162138604703
7565,4,4738.170901968813,27.261,2842.25341176752
7566,4,4739.170901968813,27.251,2583.4168420807255
7567,4,4740.170901968813,27.241,2583.0139279012496
7568,4,4741.170901968813,27.23,2840.8195222123773
7569,4,4742.170901968813,27.22,2582.1120561224225
7570,4,4743.170901968813,27.21,2581.7079219411116
7571,4,4744.170901968813,27.199,2839.381540657235
7572,4,4745.170901968813,27.189,2580.8035501632016
7573,4,4746.170901968813,27.179,2580.398195982808
7574,4,4747.170901968813,27.168,2837.939467102092
7575,4,4748.170901968813,27.16,2063.6690300970663
7576,4,4749.170901968813,27.15,2579.2747168596657
7577,4,4750.170901968813,27.141,2321.0237559491875
7578,4,4751.170901968813,27.133,2062.9203962674155
7579,4,4752.170901968813,27.126,1804.9362867889386
7580,4,4753.170901968813,27.119,1804.8502890414618
7581,4,4754.170901968813,27.112,1804.7640952930687
7582,4,4755.170901968813,27.103,2320.214314051325
7583,4,4756.170901968813,27.094,2319.931749366122
7584,4,4757.170901968813,27.087,1804.2379364773794
7585,4,4758.170901968813,27.077,2577.2156873418753
7586,4,4759.170901968813,27.068,2319.1677763840007
7587,4,4760.170901968813,27.06,2061.268244654832
7588,4,4761.170901968813,27.051,2318.685468087998
7589,4,4762.170901968813,27.042,2318.400995400964
7590,4,4763.170901968813,27.035,1803.045950060746
7591,4,4764.170901968813,27.026,2318.002588182112
7592,4,4765.170901968813,27.017,2317.717179495993
7593,4,4766.170901968813,27.008,2317.431446809874
7594,4,4767.170901968813,26.999,2317.145390123755
7595,4,4768.170901968813,26.991,2059.468375978143
7596,4,4769.170901968813,26.984,1801.9119960358255
7597,4,4770.170901968813,26.975,2316.5428652941046
7598,4,4771.170901968813,26.966,2316.2555666079857
7599,4,4772.170901968813,26.959,1801.375211221051
7600,4,4773.170901968813,26.95,2315.8518313882187
7601,4,4774.170901968813,26.941,2315.5635967020994
7602,4,4775.170901968813,26.932,2315.2750380159805
7603,4,4776.170901968813,26.924,2057.8036807712324
7604,4,4777.170901968813,26.915,2314.7829377199782
7605,4,4778.170901968813,26.908,1800.2284471961311
7606,4,4779.170901968813,26.899,2314.375638500211
7607,4,4780.170901968813,26.892,1799.9112109150037
7608,4,4781.170901968813,26.883,2313.9671872804443
7609,4,4782.170901968813,26.876,1799.5930786320494
7610,4,4783.170901968813,26.867,2313.557584060677
7611,4,4784.170901968813,26.859,2056.274927033185
7612,4,4785.170901968813,26.85,2313.0606957646746
7613,4,4786.170901968813,26.841,2312.7687170785557
7614,4,4787.170901968813,26.83,2826.2547442759655
7615,4,4788.170901968813,26.82,2568.8536889057573
7616,4,4789.170901968813,26.807,3338.7752834788907
7617,4,4790.170901968813,26.797,2567.723210290852
7618,4,4791.170901968813,26.786,2823.978414841947
7619,4,4792.170901968813,26.777,2310.1474501994876
7620,4,4793.170901968813,26.767,2566.4554277505827
7621,4,4794.170901968813,26.756,2822.582501046648
7622,4,4795.170901968813,26.747,2309.004258912424
7623,4,4796.170901968813,26.737,2565.184045209401
7624,4,4797.170901968813,26.726,2821.1826272513485
7625,4,4798.170901968813,26.718,2051.467565478344
7626,4,4799.170901968813,26.707,2820.3527598143255
7627,4,4800.170901968813,26.696,2819.7787934560492
7628,4,4801.170901968813,26.686,2562.9610508893925
7629,4,4802.170901968813,26.676,2562.534436708999
7630,4,4803.170901968813,26.665,2818.2653299009066
7631,4,4804.170901968813,26.654,2817.68947154263
7632,4,4805.170901968813,26.645,2304.9972351364095
7633,4,4806.170901968813,26.636,2304.6983264502906
7634,4,4807.170901968813,26.625,2816.382023507174
7635,4,4808.170901968813,26.617,2047.973081300763
7636,4,4809.170901968813,26.604,3327.335499458298
7637,4,4810.170901968813,26.593,2814.753276192188
7638,4,4811.170901968813,26.582,2814.174139833912
7639,4,4812.170901968813,26.571,2813.5945194756355
7640,4,4813.170901968813,26.558,3324.3464390595427
7641,4,4814.170901968813,26.549,2300.9955668178072
7642,4,4815.170901968813,26.541,2045.0993854839692
7643,4,4816.170901968813,26.534,1789.327894354334
7644,4,4817.170901968813,26.528,1533.652334401673
7645,4,4818.170901968813,26.521,1789.1940372492675
7646,4,4819.170901968813,26.515,1533.5372877409661
7647,4,4820.170901968813,26.508,1789.059452146017
7648,4,4821.170901968813,26.5,2044.4850173722775
7649,4,4822.170901968813,26.494,1533.2767486736698
7650,4,4823.170901968813,26.485,2299.7409409387387
7651,4,4824.170901968813,26.476,2299.43623625262
7652,4,4825.170901968813,26.468,2043.7107858704696
7653,4,4826.170901968813,26.459,2298.9127259566176
7654,4,4827.170901968813,26.449,2553.9595808131517
7655,4,4828.170901968813,26.441,2042.8956720417266
7656,4,4829.170901968813,26.432,2297.9947778982605
7657,4,4830.170901968813,26.423,2297.6881472121418
7658,4,4831.170901968813,26.413,2552.5974577637344
7659,4,4832.170901968813,26.405,2041.8048216012853
7660,4,4833.170901968813,26.397,2041.60871972674
7661,4,4834.170901968813,26.39,1786.2696558150576
7662,4,4835.170901968813,26.384,1531.027855083071
7663,4,4836.170901968813,26.378,1530.9962947781291
7664,4,4837.170901968813,26.371,1786.0914953560402
7665,4,4838.170901968813,26.366,1275.7530942853928
7666,4,4839.170901968813,26.359,1786.017000643603
7667,4,4840.170901968813,26.351,2041.0032659428907
7668,4,4841.170901968813,26.342,2295.862365037071
7669,4,4842.170901968813,26.332,2550.565100902545
7670,4,4843.170901968813,26.322,2550.1232067230576
7671,4,4844.170901968813,26.309,3314.39626363929
7672,4,4845.170901968813,26.298,2803.788962039317
7673,4,4846.170901968813,26.288,2548.407430508813
7674,4,4847.170901968813,26.277,2802.706923081702
7675,4,4848.170901968813,26.266,2802.1118807243306
7676,4,4849.170901968813,26.253,3310.7568858060235
7677,4,4850.170901968813,26.242,2800.706936487186
7678,4,4851.170901968813,26.231,2800.1103981289098
7679,4,4852.170901968813,26.22,2799.5133757715375
7680,4,4853.170901968813,26.209,2798.9158694123566
7681,4,4854.170901968813,26.198,2798.3178790540805
7682,4,4855.170901968813,26.188,2543.42982870578
7683,4,4856.170901968813,26.177,2797.227282097371
7684,4,4857.170901968813,26.166,2796.6278617390944
7685,4,4858.170901968813,26.156,2541.89217932852
7686,4,4859.170901968813,26.147,2287.34294117116
7687,4,4860.170901968813,26.14,1778.8662916581688
7688,4,4861.170901968813,26.131,2286.884377951393
7689,4,4862.170901968813,26.122,2286.567145265274
7690,4,4863.170901968813,26.114,2032.2607618817196
7691,4,4864.170901968813,26.103,2793.916531868966
7692,4,4865.170901968813,26.094,2285.525930130682
7693,4,4866.170901968813,26.084,2539.0706532296845
7694,4,4867.170901968813,26.075,2284.8009036822086
7695,4,4868.170901968813,26.064,2792.0371892350768
7696,4,4869.170901968813,26.055,2283.9868641575
7697,4,4870.170901968813,26.045,2537.359039925247
7698,4,4871.170901968813,26.036,2283.2590657090263
7699,4,4872.170901968813,26.024,3043.7426058780725
7700,4,4873.170901968813,26.013,2789.437136483068
7701,4,4874.170901968813,26.003,2535.3487363684944
7702,4,4875.170901968813,25.992,2788.3296215263586
7703,4,4876.170901968813,25.98,3041.092249405593
7704,4,4877.170901968813,25.969,2787.0056630499625
7705,4,4878.170901968813,25.957,3039.6468270677065
7706,4,4879.170901968813,25.945,3038.8647378479395
7707,4,4880.170901968813,25.934,2784.9622484554466
7708,4,4881.170901968813,25.924,2531.277606343383
7709,4,4882.170901968813,25.911,3289.87527314572
7710,4,4883.170901968813,25.9,2783.021643621673
7711,4,4884.170901968813,25.889,2782.4095952624975
7712,4,4885.170901968813,25.878,2781.797062904221
7713,4,4886.170901968813,25.869,2275.602170977708
7714,4,4887.170901968813,25.862,1769.727665508607
7715,4,4888.170901968813,25.855,1769.6107417593162
7716,4,4889.170901968813,25.848,1769.4936220118213
7717,4,4890.170901968813,25.843,1263.889120468098
7718,4,4891.170901968813,25.835,2022.1274389753319
7719,4,4892.170901968813,25.83,1263.7700482517403
7720,4,4893.170901968813,25.825,1263.7837147057437
7721,4,4894.170901968813,25.821,1011.0574016117649
7722,4,4895.170901968813,25.818,758.3451906203314
7723,4,4896.170901968813,25.815,758.411976544096
7724,4,4897.170901968813,25.813,505.6622786543098
7725,4,4898.170901968813,25.808,1264.242400652409
7726,4,4899.170901968813,25.802,1517.0772615037201
7727,4,4900.170901968813,25.797,1264.2195918531925
7728,4,4901.170901968813,25.791,1517.0496269446603
7729,4,4902.170901968813,25.788,758.547218857977
7730,4,4903.170901968813,25.787,252.8810392693506
7897,4,5070.170901968813,25.783,1045.8748536575472
7898,4,5071.170901968813,25.775,2091.675434910363
7899,4,5072.170901968813,25.767,2091.438661033982
7900,4,5073.170901968813,25.761,1568.4621014199536
7901,4,5074.170901968813,25.752,2352.471891058164
7902,4,5075.170901968813,25.742,2613.4085042593006
7903,4,5076.170901968813,25.729,3396.582702438516
7904,4,5077.170901968813,25.718,2873.2573253292844
7905,4,5078.170901968813,25.706,3133.6783255542496
7906,4,5079.170901968813,25.695,2871.819098852888
7907,4,5080.170901968813,25.683,3132.108247216363
7908,4,5081.170901968813,25.673,2609.4861284155118
7909,4,5082.170901968813,25.664,2348.1306683485186
7910,4,5083.170901968813,25.656,2086.9466455130128
7911,4,5084.170901968813,25.647,2347.498978053443
7912,4,5085.170901968813,25.638,2347.1369073663977
7913,4,5086.170901968813,25.631,1825.3402718116517
7914,4,5087.170901968813,25.622,2346.5949321475573
7915,4,5088.170901968813,25.613,2346.231925461438
7916,4,5089.170901968813,25.604,2345.8685947753193
7917,4,5090.170901968813,25.592,3127.1566739664627
7918,4,5091.170901968813,25.581,2865.835374230751
7919,4,5092.170901968813,25.569,3125.5744996285757
7920,4,5093.170901968813,25.557,3124.7214664088087
7921,4,5094.170901968813,25.546,2863.601571636235
7922,4,5095.170901968813,25.535,2862.9306732779587
7923,4,5096.170901968813,25.522,3382.537570644118
7924,4,5097.170901968813,25.511,2861.363149041719
7925,4,5098.170901968813,25.5,2860.6907546834427
7926,4,5099.170901968813,25.491,2340.1064111607143
7927,4,5100.170901968813,25.483,2079.808892455437
7928,4,5101.170901968813,25.476,1819.653975954378
7929,4,5102.170901968813,25.467,2339.279030331064
7930,4,5103.170901968813,25.458,2338.9108036449447
7931,4,5104.170901968813,25.447,2858.1060174117474
7932,4,5105.170901968813,25.436,2857.430521053471
7933,4,5106.170901968813,25.424,3116.398224889724
7934,4,5107.170901968813,25.412,3115.537679669957
7935,4,5108.170901968813,25.402,2595.6659621259164
7936,4,5109.170901968813,25.393,2335.6830236896412
7937,4,5110.170901968813,25.386,1816.4255776178968
7938,4,5111.170901968813,25.379,1816.280135868582
7939,4,5112.170901968813,25.369,2594.324489331539
7940,4,5113.170901968813,25.36,2334.4744201738717
7941,4,5114.170901968813,25.351,2334.102485487753
7942,4,5115.170901968813,25.339,3111.4561562497074
7943,4,5116.170901968813,25.332,1814.6904704150868
7944,4,5117.170901968813,25.323,2332.8926283531605
7945,4,5118.170901968813,25.315,2073.3915050709456
7946,4,5119.170901968813,25.308,1814.0345199929463
7947,4,5120.170901968813,25.298,2591.1136866507427
7948,4,5121.170901968813,25.289,2331.582051760235
7949,4,5122.170901968813,25.278,2849.1409759991484
7950,4,5123.170901968813,25.269,2330.6482762364467
7951,4,5124.170901968813,25.258,2847.9988148013617
7952,4,5125.170901968813,25.249,2329.713060711738
7953,4,5126.170901968813,25.24,2329.337184025619
7954,4,5127.170901968813,25.231,2328.9609833385807
7955,4,5128.170901968813,25.22,2845.9348519282353
7956,4,5129.170901968813,25.209,2845.2485535690394
7957,4,5130.170901968813,25.2,2327.461064976201
7958,4,5131.170901968813,25.187,3361.0760070870488
7959,4,5132.170901968813,25.176,2843.1867544951288
7960,4,5133.170901968813,25.165,2842.498520135934
7961,4,5134.170901968813,25.151,3616.6332034483103
7962,4,5135.170901968813,25.14,2840.7816781398515
7963,4,5136.170901968813,25.129,2840.091925781575
7964,4,5137.170901968813,25.118,2839.4016894242154
7965,4,5138.170901968813,25.108,2580.697717222343
7966,4,5139.170901968813,25.096,3096.083231549425
7967,4,5140.170901968813,25.084,3095.205310329658
7968,4,5141.170901968813,25.072,3094.3268131098907
7969,4,5142.170901968813,25.062,2577.975959992532
7970,4,5143.170901968813,25.053,2319.7500877695916
7971,4,5144.170901968813,25.048,1288.6405317983567
7972,4,5145.170901968813,25.043,1288.6337782523426
7973,4,5146.170901968813,25.042,257.7459696245073
7974,4,5147.170901968813,25.039,773.3263978245297
8027,4,5200.170901968813,25.031,2082.9804564933233
8028,4,5201.170901968813,25.019,3123.8232437225874
8029,4,5202.170901968813,25.006,3383.10179182238
8030,4,5203.170901968813,24.993,3381.993445058439
8031,4,5204.170901968813,24.98,3380.8844222926496
8032,4,5205.170901968813,24.966,3639.684522176111
8033,4,5206.170901968813,24.955,2858.8698335697604
8034,4,5207.170901968813,24.942,3377.688684441505
8035,4,5208.170901968813,24.93,3116.902790675982
8036,4,5209.170901968813,24.917,3375.6000453552256
8037,4,5210.170901968813,24.904,3374.487018591283
8038,4,5211.170901968813,24.891,3373.3733158264167
8039,4,5212.170901968813,24.878,3372.2589370606297
8040,4,5213.170901968813,24.863,3889.6250075226085
8041,4,5214.170901968813,24.848,3888.024745616722
8042,4,5215.170901968813,24.833,3886.4235837108363
8043,4,5216.170901968813,24.818,3884.8215218040305
8044,4,5217.170901968813,24.803,3883.2185598990645
8045,4,5218.170901968813,24.788,3881.6146979931787
8046,4,5219.170901968813,24.773,3880.0099360872923
8047,4,5220.170901968813,24.76,3361.419428733391
8048,4,5221.170901968813,24.747,3360.298601969444
8049,4,5222.170901968813,24.734,3359.1770992036604
8050,4,5223.170901968813,24.72,3616.2937130042687
8051,4,5224.170901968813,24.705,3873.0697024472756
8052,4,5225.170901968813,24.692,3355.400971578711
8053,4,5226.170901968813,24.677,3870.162468889622
8054,4,5227.170901968813,24.662,3868.550776983736
8055,4,5228.170901968813,24.649,3351.4823595103103
8056,4,5229.170901968813,24.635,3608.002422256666
8057,4,5230.170901968813,24.622,3349.092865538044
8058,4,5231.170901968813,24.608,3605.4276090547773
8059,4,5232.170901968813,24.595,3346.7005635648616
8060,4,5233.170901968813,24.581,3602.849771852889
8061,4,5234.170901968813,24.568,3344.305453590765
8062,4,5235.170901968813,24.554,3600.268910651914
8063,4,5236.170901968813,24.543,2827.8831105133936
8064,4,5237.170901968813,24.529,3597.978307019622
8065,4,5238.170901968813,24.518,2826.082250517311
8066,4,5239.170901968813,24.506,3082.141371577546
8067,4,5240.170901968813,24.494,3081.220490357779
8068,4,5241.170901968813,24.482,3080.299033138012
8069,4,5242.170901968813,24.47,3079.3769999182446
8070,4,5243.170901968813,24.458,3078.4543906984777
8071,4,5244.170901968813,24.447,2821.127957568436
8072,4,5245.170901968813,24.435,3076.733328360591
8073,4,5246.170901968813,24.425,2563.2791027014523
8074,4,5247.170901968813,24.415,2562.718268521969
8075,4,5248.170901968813,24.403,3074.462485107879
8076,4,5249.170901968813,24.391,3073.5365398881117
8077,4,5250.170901968813,24.379,3072.610018667435
8078,4,5251.170901968813,24.365,3583.4830422386917
8079,4,5252.170901968813,24.353,3070.503144024607
8080,4,5253.170901968813,24.341,3069.574846805749
8081,4,5254.170901968813,24.33,2812.9832716676774
8082,4,5255.170901968813,24.319,2812.2469013084924
8083,4,5256.170901968813,24.307,3067.038795349742
8084,4,5257.170901968813,24.295,3066.1082421290675
8085,4,5258.170901968813,24.282,3320.540182764636
8086,4,5259.170901968813,24.27,3064.119187588794
8087,4,5260.170901968813,24.257,3318.384073677449
8088,4,5261.170901968813,24.245,3062.1277330476128
8089,4,5262.170901968813,24.233,3061.1942518278456
8090,4,5263.170901968813,24.222,2805.2964066036916
8091,4,5264.170901968813,24.212,2549.648534659974
8092,4,5265.170901968813,24.202,2549.079840478674
8093,4,5266.170901968813,24.191,2803.3038930494545
8094,4,5267.170901968813,24.178,3311.981261644806
8095,4,5268.170901968813,24.166,3056.2134490174794
8096,4,5269.170901968813,24.153,3309.813894559431
8097,4,5270.170901968813,24.142,2799.7519408162266
8098,4,5271.170901968813,24.135,1781.3342234399036
8099,4,5272.170901968813,24.127,2035.5640965672308
8100,4,5273.170901968813,24.122,1272.1261142452133
8101,4,5274.170901968813,24.115,1780.8712725882563
8102,4,5275.170901968813,24.108,1780.6919648389596
8103,4,5276.170901968813,24.1,2034.8291747366764
8104,4,5277.170901968813,24.093,1780.2588809504498
8105,4,5278.170901968813,24.087,1525.8136443412025
8106,4,5279.170901968813,24.08,1779.9727738462914
8107,4,5280.170901968813,24.075,1271.333148921288
8108,4,5281.170901968813,24.069,1525.540151426377
8109,4,5282.170901968813,24.064,1271.2336601220716
8110,4,5283.170901968813,24.059,1271.210166576973
8111,4,5284.170901968813,24.058,254.25845129034414
8326,4,5499.170901968813,24.05,2116.432910015092
8327,4,5500.170901968813,24.038,3173.906620006636
8328,4,5501.170901968813,24.026,3172.8993387868686
8329,4,5502.170901968813,24.015,2907.6277153161186
8330,4,5503.170901968813,24.005,2642.6226671258373
8331,4,5504.170901968813,23.995,2642.0020329445047
8332,4,5505.170901968813,23.987,2113.1928817468465
8333,4,5506.170901968813,23.98,1848.8014975826109
8334,4,5507.170901968813,23.972,2112.6388727294357
8335,4,5508.170901968813,23.962,2640.2866401501437
8336,4,5509.170901968813,23.952,2639.664145968812
8337,4,5510.170901968813,23.94,3166.717258045205
8338,4,5511.170901968813,23.929,2901.956638970531
8339,4,5512.170901968813,23.917,3164.823947706381
8340,4,5513.170901968813,23.905,3163.8103064875513
8341,4,5514.170901968813,23.895,2635.773691141505
8342,4,5515.170901968813,23.884,2898.602855776645
8343,4,5516.170901968813,23.874,2634.4128993626778
8344,4,5517.170901968813,23.863,2897.1050608199353
8345,4,5518.170901968813,23.853,2633.0504275829153
8346,4,5519.170901968813,23.841,3158.776043982127
8347,4,5520.170901968813,23.831,2631.575872386984
8348,4,5521.170901968813,23.82,2893.9824611466734
8349,4,5522.170901968813,23.808,3156.119468627767
8350,4,5523.170901968813,23.796,3155.1003314080003
8351,4,5524.170901968813,23.785,2891.3013325521574
8352,4,5525.170901968813,23.773,3153.192933070113
8353,4,5526.170901968813,23.762,2889.5518720757614
8354,4,5527.170901968813,23.752,2626.1799823618726
8355,4,5528.170901968813,23.74,3150.526709715754
8356,4,5529.170901968813,23.729,2887.106349000932
8357,4,5530.170901968813,23.715,3673.2279958219456
8358,4,5531.170901968813,23.702,3409.529898562026
8359,4,5532.170901968813,23.689,3408.276445798092
8360,4,5533.170901968813,23.677,3145.010075311977
8361,4,5534.170901968813,23.664,3405.9114007108815
8362,4,5535.170901968813,23.652,3142.8257567707956
8363,4,5536.170901968813,23.641,2880.043435135651
8364,4,5537.170901968813,23.629,3140.9048224319786
8365,4,5538.170901968813,23.616,3401.461495426154
8366,4,5539.170901968813,23.604,3138.7157998917273
8367,4,5540.170901968813,23.593,2876.273906662242
8368,4,5541.170901968813,23.583,2614.102784713216
8369,4,5542.170901968813,23.571,3136.0263205364395
8370,4,5543.170901968813,23.559,3134.995735317601
8371,4,5544.170901968813,23.546,3395.0562143845705
8372,4,5545.170901968813,23.534,3132.799752776419
8373,4,5546.170901968813,23.52,3653.573358697197
8374,4,5547.170901968813,23.508,3130.4682381335906
8375,4,5548.170901968813,23.495,3390.1487997676327
8376,4,5549.170901968813,23.483,3128.2674075924097
8377,4,5550.170901968813,23.47,3387.7632666822788
8378,4,5551.170901968813,23.458,3126.064177051228
8379,4,5552.170901968813,23.444,3645.7108750178077
8380,4,5553.170901968813,23.432,3123.7252704083994
8381,4,5554.170901968813,23.42,3122.688181187708
8382,4,5555.170901968813,23.409,2861.574079851998
8383,4,5556.170901968813,23.397,3120.7456228507453
8384,4,5557.170901968813,23.385,3119.706829630055
8385,4,5558.170901968813,23.373,3118.667460411212
8386,4,5559.170901968813,23.361,3117.6275151914447
8387,4,5560.170901968813,23.35,2856.9325730203186
8388,4,5561.170901968813,23.338,3115.6793648535577
8389,4,5562.170901968813,23.327,2855.1457565439223
8390,4,5563.170901968813,23.315,3113.729006515671
8391,4,5564.170901968813,23.305,2594.0164744982662
8392,4,5565.170901968813,23.293,3111.910004279431
8393,4,5566.170901968813,23.283,2592.4997593004787
8394,4,5567.170901968813,23.275,2073.5707428316045
8395,4,5568.170901968813,23.265,2591.42673777577
8396,4,5569.170901968813,23.255,2590.778303596297
8397,4,5570.170901968813,23.245,2590.129469414983
8398,4,5571.170901968813,23.235,2589.480235235509
8399,4,5572.170901968813,23.225,2588.8306010541955
8400,4,5573.170901968813,23.215,2588.1805668747215
8401,4,5574.170901968813,23.205,2587.5301326943277
8402,4,5575.170901968813,23.194,2845.505901484762
8403,4,5576.170901968813,23.184,2586.1165409145815
8404,4,5577.170901968813,23.172,3102.4240119801134
8405,4,5578.170901968813,23.162,2584.589705718634
8406,4,5579.170901968813,23.15,3100.5907537438734
8407,4,5580.170901968813,23.136,3615.97306515923
8408,4,5581.170901968813,23.124,3098.219591101045
8409,4,5582.170901968813,23.112,3097.1670458812778
8410,4,5583.170901968813,23.1,3096.1139246605944
8411,4,5584.170901968813,23.089,2837.1999677021313
8412,4,5585.170901968813,23.079,2578.5617020204486
8413,4,5586.170901968813,23.067,3093.3533093071514
8414,4,5587.170901968813,23.055,3092.2979560873846
8415,4,5588.170901968813,23.044,2833.6999945082657
8416,4,5589.170901968813,23.032,3090.3196617494978
8417,4,5590.170901968813,23.02,3089.2626045297307
8418,4,5591.170901968813,23.007,3345.4827003634587
8419,4,5592.170901968813,22.995,3087.0125499885494
8420,4,5593.170901968813,22.981,3600.1227554446864
8421,4,5594.170901968813,22.969,3084.6258353457206
8422,4,5595.170901968813,22.956,3340.4569077483616
8423,4,5596.170901968813,22.944,3082.3709328045393
8424,4,5597.170901968813,22.931,3338.0127966611694
8425,4,5598.170901968813,22.919,3080.1136302633577
8426,4,5599.170901968813,22.906,3335.5660855758015
8427,4,5600.170901968813,22.894,3077.853927722176
8428,4,5601.170901968813,22.885,2307.744024490249
8429,4,5602.170901968813,22.875,2563.55340474133
8430,4,5603.170901968813,22.868,1794.1409259816874
8431,4,5604.170901968813,22.86,2050.1402160416133
8432,4,5605.170901968813,22.853,1793.6042420913636
8433,4,5606.170901968813,22.844,2305.6667253655073
8434,4,5607.170901968813,22.834,2561.243524601715
8435,4,5608.170901968813,22.823,2816.5748475828946
8436,4,5609.170901968813,22.814,2303.871592078444
8437,4,5610.170901968813,22.805,2303.3734773923247
8438,4,5611.170901968813,22.797,2047.0449237724292
8439,4,5612.170901968813,22.79,1790.8942443567369
8440,4,5613.170901968813,22.784,1534.8879041180182
8441,4,5614.170901968813,22.779,1278.9923440317707
8442,4,5615.170901968813,22.773,1534.6935895589584
8443,4,5616.170901968813,22.765,2045.9935242706213
8444,4,5617.170901968813,22.758,1789.9732967926545
8445,4,5618.170901968813,22.75,2045.3737712541488
8446,4,5619.170901968813,22.742,2045.0185813786968
8447,4,5620.170901968813,22.736,1533.5647936784842
8448,4,5621.170901968813,22.731,1277.888886998826
8449,4,5622.170901968813,22.725,1533.3684031194246
8450,4,5623.170901968813,22.717,2044.225057018817
8451,4,5624.170901968813,22.711,1532.9690144078934
8452,4,5625.170901968813,22.705,1532.8365701029518
8453,4,5626.170901968813,22.699,1532.7039817971024
8454,4,5627.170901968813,22.693,1532.5712494930683
8455,4,5628.170901968813,22.685,2043.1611135170087
8456,4,5629.170901968813,22.681,1021.4918685543026
8457,4,5630.170901968813,22.675,1532.172188578243
8458,4,5631.170901968813,22.671,1021.4043028830523
8459,4,5632.170901968813,22.67,255.3682608655728
8460,4,5633.170901968813,22.668,510.7934047075484
8463,4,5636.170901968813,22.665,766.5136064968857
8464,4,5637.170901968813,22.663,511.0433652886015
8467,4,5640.170901968813,22.662,255.6407461320489
8469,4,5642.170901968813,22.66,511.4289392377776
8470,4,5643.170901968813,22.656,1022.9037303748165
8471,4,5644.170901968813,22.652,1022.9043809050451
8472,4,5645.170901968813,22.647,1278.6029834420804
8473,4,5646.170901968813,22.639,2045.539963732252
8474,4,5647.170901968813,22.632,1789.5715173206734
8475,4,5648.170901968813,22.624,2044.908978716688
8476,4,5649.170901968813,22.615,2300.0655819075914
8477,4,5650.170901968813,22.607,2044.0962282304442
8478,4,5651.170901968813,22.6,1788.3073807565918
8479,4,5652.170901968813,22.592,2043.4632592148794
8480,4,5653.170901968813,22.587,1277.023040899991
8481,4,5654.170901968813,22.581,1532.3255478008223
8482,4,5655.170901968813,22.574,1787.5146945482752
8483,4,5656.170901968813,22.569,1276.682615138544
8484,4,5657.170901968813,22.567,510.68413166224565
8513,4,5686.170901968813,22.556,2822.3479857047296
8514,4,5687.170901968813,22.546,2565.027820206375
8515,4,5688.170901968813,22.535,2820.71275674802
8516,4,5689.170901968813,22.524,2819.8318683897437
8517,4,5690.170901968813,22.515,2306.516465284048
8518,4,5691.170901968813,22.502,3330.5927264215206
8519,4,5692.170901968813,22.491,2817.1862993149143
8520,4,5693.170901968813,22.48,2816.303474956638
8521,4,5694.170901968813,22.468,3071.2991244204472
8522,4,5695.170901968813,22.457,2814.411080480242
8523,4,5696.170901968813,22.446,2813.526782121966
8524,4,5697.170901968813,22.435,2812.6419997645976
8525,4,5698.170901968813,22.424,2811.756733405413
8526,4,5699.170901968813,22.413,2810.870983047136
8527,4,5700.170901968813,22.404,2299.181033821914
8528,4,5701.170901968813,22.393,2809.34888185027
8529,4,5702.170901968813,22.384,2297.934958297205
8530,4,5703.170901968813,22.373,2807.825020653404
8531,4,5704.170901968813,22.364,2296.6874427724965
8532,4,5705.170901968813,22.353,2806.299399456538
8533,4,5706.170901968813,22.342,2805.410393099168
8534,4,5707.170901968813,22.333,2294.7107404091976
8535,4,5708.170901968813,22.324,2294.188091722173
8536,4,5709.170901968813,22.313,2803.242877063711
8537,4,5710.170901968813,22.302,2802.352022704529
8538,4,5711.170901968813,22.289,3310.66868196551
8539,4,5712.170901968813,22.278,2800.317526469194
8540,4,5713.170901968813,22.266,3053.8498158877014
8541,4,5714.170901968813,22.253,3307.0592670012675
8542,4,5715.170901968813,22.24,3305.7062862373054
8543,4,5716.170901968813,22.228,3050.2402520242026
8544,4,5717.170901968813,22.215,3303.146943151026
8545,4,5718.170901968813,22.201,3555.6959029456893
8546,4,5719.170901968813,22.186,3807.85258238549
8547,4,5720.170901968813,22.173,3298.633793526075
8548,4,5721.170901968813,22.159,3550.833277964974
8549,4,5722.170901968813,22.146,3295.770163551992
8550,4,5723.170901968813,22.134,3041.064090470264
8551,4,5724.170901968813,22.123,2786.6809476925773
8552,4,5725.170901968813,22.114,2279.379466713636
8553,4,5726.170901968813,22.105,2278.849960027517
8554,4,5727.170901968813,22.096,2278.320129341398
8555,4,5728.170901968813,22.085,2783.839504818531
8556,4,5729.170901968813,22.074,2782.939036460255
8557,4,5730.170901968813,22.061,3287.7142058595405
8558,4,5731.170901968813,22.05,2780.8844762240155
8559,4,5732.170901968813,22.037,3285.284841216712
8560,4,5733.170901968813,22.027,2526.2644262430354
8561,4,5734.170901968813,22.016,2778.05097939024
8562,4,5735.170901968813,22.005,2777.1475410310663
8563,4,5736.170901968813,21.996,2271.575302717854
8564,4,5737.170901968813,21.983,3280.0955082694504
8565,4,5738.170901968813,21.972,2774.4343219562375
8566,4,5739.170901968813,21.96,3025.5990727836415
8567,4,5740.170901968813,21.949,2772.4968054798414
8568,4,5741.170901968813,21.938,2771.59044112246
8569,4,5742.170901968813,21.929,2267.0262986100793
8570,4,5743.170901968813,21.92,2266.4907079230657
8571,4,5744.170901968813,21.909,2769.3739310870037
8572,4,5745.170901968813,21.9,2265.2117283992516
8573,4,5746.170901968813,21.889,2767.8098538892427
8574,4,5747.170901968813,21.877,3018.3681803469194
8575,4,5748.170901968813,21.866,2765.8646374128466
8576,4,5749.170901968813,21.855,2764.9545110545705
8577,4,5750.170901968813,21.846,2261.5939672825375
8578,4,5751.170901968813,21.835,2763.385857857704
8579,4,5752.170901968813,21.826,2260.309803757829
8580,4,5753.170901968813,21.818,2008.7311267639939
8581,4,5754.170901968813,21.807,2761.2827615829833
8582,4,5755.170901968813,21.796,2760.369885223815
8583,4,5756.170901968813,21.785,2759.456524865539
8584,4,5757.170901968813,21.773,3009.2502017756046
8585,4,5758.170901968813,21.762,2757.5016723891426
8586,4,5759.170901968813,21.751,2756.5868380308666
8587,4,5760.170901968813,21.74,2755.67151967348
8588,4,5761.170901968813,21.731,2253.9947425145724
8589,4,5762.170901968813,21.722,2253.452509829343
8590,4,5763.170901968813,21.713,2252.9099531432244
8591,4,5764.170901968813,21.702,2752.7662767985444
8592,4,5765.170901968813,21.692,2501.738261200738
8593,4,5766.170901968813,21.681,2751.057435841835
8594,4,5767.170901968813,21.67,2750.1388834835584
8595,4,5768.170901968813,21.659,2749.21984712617
8596,4,5769.170901968813,21.65,2248.713203340391
8597,4,5770.170901968813,21.64,2497.906983461802
8598,4,5771.170901968813,21.631,2247.519024891918
8599,4,5772.170901968813,21.62,2746.173800491393
8600,4,5773.170901968813,21.609,2745.2524541331168
8601,4,5774.170901968813,21.6,2245.465354528619
8602,4,5775.170901968813,21.589,2743.6624169371366
8603,4,5776.170901968813,21.578,2742.739662577974
8604,4,5777.170901968813,21.57,1994.1869606249832
8605,4,5778.170901968813,21.559,2741.2740611409513
8606,4,5779.170901968813,21.55,2242.2085057168474
8607,4,5780.170901968813,21.539,2739.679623944085
8608,4,5781.170901968813,21.529,2489.8346840603176
8609,4,5782.170901968813,21.518,2737.9562189873755
8610,4,5783.170901968813,21.507,2737.0302086290994
8611,4,5784.170901968813,21.498,2238.734426752604
8612,4,5785.170901968813,21.488,2486.813563920703
8613,4,5786.170901968813,21.477,2734.6311608338
8614,4,5787.170901968813,21.468,2236.770489465541
8615,4,5788.170901968813,21.457,2733.0295956369337
8616,4,5789.170901968813,21.448,2235.4593979408323
8617,4,5790.170901968813,21.44,1986.630797148889
8618,4,5791.170901968813,21.431,2234.4595896448295
8619,4,5792.170901968813,21.422,2233.9070969587106
8620,4,5793.170901968813,21.413,2233.354280272592
8621,4,5794.170901968813,21.405,1984.7584774437867
8622,4,5795.170901968813,21.396,2232.3519879765895
8623,4,5796.170901968813,21.386,2479.7178352806854
8624,4,5797.170901968813,21.375,2726.8210743297823
8625,4,5798.170901968813,21.367,1982.60336553539
8626,4,5799.170901968813,21.358,2229.9261910796426
8627,4,5800.170901968813,21.348,2477.0209853951887
8628,4,5801.170901968813,21.337,2723.8527794557367
8629,4,5802.170901968813,21.327,2475.4381936154823
8630,4,5803.170901968813,21.316,2722.1107844999065
8631,4,5804.170901968813,21.304,2968.485166103042
8632,4,5805.170901968813,21.295,2225.650277275931
8633,4,5806.170901968813,21.287,1977.9069547817487
8634,4,5807.170901968813,21.279,1977.5042929054182
8635,4,5808.170901968813,21.274,1235.7754819571487
8636,4,5809.170901968813,21.267,1729.8955753849452
8637,4,5810.170901968813,21.263,988.4262738423868
8638,4,5811.170901968813,21.259,988.4104363744017
8639,4,5812.170901968813,21.253,1482.5220563070454
8640,4,5813.170901968813,21.245,1976.3850959347474
8641,4,5814.170901968813,21.24,1235.075253851357
8642,4,5815.170901968813,21.234,1481.961413340519
8643,4,5816.170901968813,21.228,1481.7974930364549
8644,4,5817.170901968813,21.22,1975.4181635748373
8645,4,5818.170901968813,21.214,1481.3295843249239
8646,4,5819.170901968813,21.206,1974.7938372919189
8647,4,5820.170901968813,21.199,1727.6304296853937
8648,4,5821.170901968813,21.191,1974.0754762763233
8649,4,5822.170901968813,21.187,986.9278339339905
8650,4,5823.170901968813,21.182,1233.6096397282142
8651,4,5824.170901968813,21.18,493.4470554981322
8652,4,5825.170901968813,21.176,986.9237548954937
8653,4,5826.170901968813,21.174,493.47667539648495
8654,4,5827.170901968813,21.172,493.5147580292692
8655,4,5828.170901968813,21.17,493.55282466205347
8656,4,5829.170901968813,21.168,493.59087529571445
8669,4,5842.170901968813,21.167,247.3283051342733
8670,4,5843.170901968813,21.165,494.7062212448922
8682,4,5855.170901968813,21.164,247.84352910886028
8683,4,5856.170901968813,21.157,1734.8730611959143
8684,4,5857.170901968813,21.148,2230.0885350702
8685,4,5858.170901968813,21.14,1981.842648819439
8686,4,5859.170901968813,21.131,2229.057118774198
8687,4,5860.170901968813,21.123,1980.9252903341037
8688,4,5861.170901968813,21.118,1237.9086003509565
8689,4,5862.170901968813,21.113,1237.8266968049784
8690,4,5863.170901968813,21.109,990.2192072911602
8691,4,5864.170901968813,21.104,1237.7212314246808
8692,4,5865.170901968813,21.101,742.6186137528094
8693,4,5866.170901968813,21.097,990.1627188845712
8694,4,5867.170901968813,21.094,742.6254225749268
8695,4,5868.170901968813,21.089,1237.6852657893855
8696,4,5869.170901968813,21.087,495.0763039225989
8697,4,5870.170901968813,21.085,495.1136945553832
8698,4,5871.170901968813,21.081,990.2551690099987
8699,4,5872.170901968813,21.075,1485.28341926044
8700,4,5873.170901968813,21.07,1237.623938317132
8701,4,5874.170901968813,21.065,1237.5409547720335
8702,4,5875.170901968813,21.061,989.9897976656836
8703,4,5876.170901968813,21.057,989.9702641968205
8704,4,5877.170901968813,21.053,989.9506667270782
8705,4,5878.170901968813,21.049,989.9310052590945
8706,4,5879.170901968813,21.046,742.4510973551597
8707,4,5880.170901968813,21.04,1484.837235481613
8708,4,5881.170901968813,21.036,989.8245874844106
8709,4,5882.170901968813,21.033,742.3711430248062
8710,4,5883.170901968813,21.031,494.9394016414372
8711,4,5884.170901968813,21.029,494.97645627334225
8712,4,5885.170901968813,21.026,742.5025868469235
8713,4,5886.170901968813,21.023,742.522800770688
8714,4,5887.170901968813,21.02,742.5429786944526
8715,4,5888.170901968813,21.015,1237.5463193210492
8716,4,5889.170901968813,21.012,742.5125564911581
8717,4,5890.170901968813,21.011,247.52265181373795
8718,4,5891.170901968813,21.009,495.0940026011847
8719,4,5892.170901968813,21.007,495.1309052339689
8720,4,5893.170901968813,21.004,742.7340082878636
8721,4,5894.170901968813,21.001,742.7539462116282
8722,4,5895.170901968813,20.998,742.7738481353928
8723,4,5896.170901968813,20.995,742.7937140591573
8724,4,5897.170901968813,20.992,742.8135439829218
8725,4,5898.170901968813,20.989,742.8333379066864
8726,4,5899.170901968813,20.986,742.853095830451
8727,4,5900.170901968813,20.985,247.6360729268357
8728,4,5901.170901968813,20.982,742.9633177288036
8729,4,5902.170901968813,20.981,247.6727975587401
8730,4,5903.170901968813,20.978,743.0734436271565
8731,4,5904.170901968813,20.975,743.093045550921
8732,4,5905.170901968813,20.971,990.7931946162663
8733,4,5906.170901968813,20.968,743.0967043730384
8734,4,5907.170901968813,20.965,743.1161922968029
8735,4,5908.170901968813,20.962,743.1356442205674
8736,4,5909.170901968813,20.96,495.4485251043986
8737,4,5910.170901968813,20.957,743.2099010935084
8738,4,5911.170901968813,20.954,743.229251017273
8739,4,5912.170901968813,20.951,743.2485649410376
8740,4,5913.170901968813,20.948,743.2678428648021
8741,4,5914.170901968813,20.944,991.025789701441
8742,4,5915.170901968813,20.94,991.0040722316978
8743,4,5916.170901968813,20.935,1238.6982826003539
8744,4,5917.170901968813,20.931,990.9131079267562
8745,4,5918.170901968813,20.925,1486.2657676368963
8746,4,5919.170901968813,20.92,1238.4385319641785
8747,4,5920.170901968813,20.915,1238.3517484199601
8748,4,5921.170901968813,20.91,1238.2648648739817
8749,4,5922.170901968813,20.907,742.9422618229178
8750,4,5923.170901968813,20.902,1238.2092612018243
8751,4,5924.170901968813,20.897,1238.1220976576055
8752,4,5925.170901968813,20.891,1485.6062499088928
8753,4,5926.170901968813,20.886,1237.8882088575092
8754,4,5927.170901968813,20.881,1237.8007353124108
8755,4,5928.170901968813,20.877,990.1942420979855
8756,4,5929.170901968813,20.871,1485.1861608924203
8757,4,5930.170901968813,20.866,1237.5377146771154
8758,4,5931.170901968813,20.86,1484.9042223333604
8759,4,5932.170901968813,20.855,1237.302545877899
8760,4,5933.170901968813,20.849,1484.6217557743007
8761,4,5934.170901968813,20.844,1237.0669370786825
8762,4,5935.170901968813,20.841,742.2227971457381
8763,4,5936.170901968813,20.838,742.2410010695027
8764,4,5937.170901968813,20.834,989.655143307708
8765,4,5938.170901968813,20.829,1237.0100714433872
8766,4,5939.170901968813,20.826,742.1884917645609
8767,4,5940.170901968813,20.821,1236.9514877712297
8768,4,5941.170901968813,20.818,742.1532455612664
8769,4,5942.170901968813,20.814,989.537835963393
8770,4,5943.170901968813,20.811,742.1534663833837
8771,4,5944.170901968813,20.806,1236.8928021359345
8772,4,5945.170901968813,20.802,989.466683556804
8773,4,5946.170901968813,20.8,494.74520372713897
8774,4,5947.170901968813,20.795,1236.8628683367178
8775,4,5948.170901968813,20.791,989.4425405174308
8776,4,5949.170901968813,20.787,989.4185110485677
8777,4,5950.170901968813,20.781,1484.020224318294
8778,4,5951.170901968813,20.775,1483.8411480133523
8779,4,5952.170901968813,20.77,1236.4147006112257
8780,4,5953.170901968813,20.766,989.0836263370368
8781,4,5954.170901968813,20.76,1483.5174052501195
8782,4,5955.170901968813,20.756,988.9395006648793
8783,4,5956.170901968813,20.751,1236.1139281398519
8784,4,5957.170901968813,20.746,1236.0236045956315
8785,4,5958.170901968813,20.743,741.5956576553804
8786,4,5959.170901968813,20.738,1235.9618409225957
8787,4,5960.170901968813,20.735,741.5585034520859
8788,4,5961.170901968813,20.733,494.3956699254115
8789,4,5962.170901968813,20.73,741.6284763250268
8791,4,5964.170901968813,20.727,741.7698992487914
9193,4,6366.170901968813,20.724,791.6524501725578
9194,4,6367.170901968813,20.712,3165.961121927877
9195,4,6368.170901968813,20.699,3428.2602278781023
9196,4,6369.170901968813,20.688,2899.6096373183505
9197,4,6370.170901968813,20.676,3161.9489902685755
9198,4,6371.170901968813,20.665,2897.2963388410176
9199,4,6372.170901968813,20.653,3159.4242879306885
9200,4,6373.170901968813,20.641,3158.0846307109214
9201,4,6374.170901968813,20.631,2630.747814660045
9202,4,6375.170901968813,20.621,2629.885500480586
9203,4,6376.170901968813,20.612,2366.17789320801
9204,4,6377.170901968813,20.604,2102.731807164141
9205,4,6378.170901968813,20.596,2102.2451292886894
9206,4,6379.170901968813,20.586,2627.0701608492072
9207,4,6380.170901968813,20.576,2626.20594666788
9208,4,6381.170901968813,20.566,2625.3413324884195
9209,4,6382.170901968813,20.556,2624.476318307093
9210,4,6383.170901968813,20.546,2623.610904127632
9211,4,6384.170901968813,20.534,3147.140887834665
9212,4,6385.170901968813,20.525,2359.518588575527
9213,4,6386.170901968813,20.514,2882.9027441046783
9214,4,6387.170901968813,20.503,2881.808477746402
9215,4,6388.170901968813,20.492,2880.713727388126
9216,4,6389.170901968813,20.482,2617.8988853731107
9217,4,6390.170901968813,20.472,2617.030591191787
9218,4,6391.170901968813,20.462,2616.161897012323
9219,4,6392.170901968813,20.451,2876.75176923455
9220,4,6393.170901968813,20.44,2875.6546648762737
9221,4,6394.170901968813,20.429,2874.5570765189254
9222,4,6395.170901968813,20.417,3134.6058079410086
9223,4,6396.170901968813,20.406,2872.219732042529
9224,4,6397.170901968813,20.395,2871.1206696833246
9225,4,6398.170901968813,20.385,2609.174093822363
9226,4,6399.170901968813,20.374,2869.061874727542
9227,4,6400.170901968813,20.363,2867.961382368339
9228,4,6401.170901968813,20.351,3127.4072652332175
9229,4,6402.170901968813,20.341,2605.171383428631
9230,4,6403.170901968813,20.331,2604.297669249163
9231,4,6404.170901968813,20.321,2603.423555067844
9232,4,6405.170901968813,20.31,2862.733488097568
9233,4,6406.170901968813,20.299,2861.6301357383672
9234,4,6407.170901968813,20.287,3120.497258727793
9235,4,6408.170901968813,20.275,3119.138737508026
9236,4,6409.170901968813,20.265,2598.27788365764
9237,4,6410.170901968813,20.254,2857.0708625454185
9238,4,6411.170901968813,20.243,2855.9650681880644
9239,4,6412.170901968813,20.234,2335.9089743900913
9240,4,6413.170901968813,20.223,2854.0342069911976
9241,4,6414.170901968813,20.21,3371.474237030479
9242,4,6415.170901968813,20.2,2592.3705614860028
9243,4,6416.170901968813,20.19,2591.491427304688
9244,4,6417.170901968813,20.18,2590.611893125215
9245,4,6418.170901968813,20.171,2330.8165265881807
9246,4,6419.170901968813,20.161,2588.9800081815465
9247,4,6420.170901968813,20.151,2588.099294002073
9248,4,6421.170901968813,20.14,2845.8693649232814
9249,4,6422.170901968813,20.127,3361.8202242249504
9250,4,6423.170901968813,20.116,2843.364332687042
9251,4,6424.170901968813,20.106,2583.930020189382
9252,4,6425.170901968813,20.098,2066.5405675427237
9253,4,6426.170901968813,20.09,2066.039649666354
9254,4,6427.170901968813,20.084,1549.2309828942293
9255,4,6428.170901968813,20.078,1549.0091985892875
9256,4,6429.170901968813,20.072,1548.7872702843458
9257,4,6430.170901968813,20.066,1548.565197979404
9258,4,6431.170901968813,20.062,1032.280103816246
9259,4,6432.170901968813,20.058,1032.2347863482998
9260,4,6433.170901968813,20.054,1032.1894048794368
9261,4,6434.170901968813,20.051,774.127272070407
9292,4,6465.170901968813,20.046,1296.1697882809597
9293,4,6466.170901968813,20.039,1814.3752242373941
9294,4,6467.170901968813,20.032,1814.022036489922
9295,4,6468.170901968813,20.025,1813.6686527415288
9296,4,6469.170901968813,20.017,2072.3083300528533
9297,4,6470.170901968813,20.009,2071.8004841774014
9298,4,6471.170901968813,20.002,1812.4261327110946
9299,4,6472.170901968813,19.994,2070.887579160929
9300,4,6473.170901968813,19.986,2070.378981285477
9301,4,6474.170901968813,19.978,2069.8701274100254
9302,4,6475.170901968813,19.969,2327.972868188622
9303,4,6476.170901968813,19.957,3102.8111931842
9304,4,6477.170901968813,19.946,2843.044055513679
9305,4,6478.170901968813,19.936,2583.624119123606
9306,4,6479.170901968813,19.925,2840.9285445569694
9307,4,6480.170901968813,19.914,2839.798814198693
9308,4,6481.170901968813,19.903,2838.6685998413336
9309,4,6482.170901968813,19.891,3095.4181064754807
9310,4,6483.170901968813,19.88,2836.2640893640205
9311,4,6484.170901968813,19.866,3608.077993374966
9312,4,6485.170901968813,19.856,2576.0395856795394
9313,4,6486.170901968813,19.846,2575.139571500061
9314,4,6487.170901968813,19.835,2831.591714171072
9315,4,6488.170901968813,19.827,2058.67067451087
9316,4,6489.170901968813,19.817,2572.5669123769185
9317,4,6490.170901968813,19.808,2314.5571979147157
9318,4,6491.170901968813,19.798,2570.89314743417
9319,4,6492.170901968813,19.788,2569.990773252863
9320,4,6493.170901968813,19.778,2569.087999073382
9321,4,6494.170901968813,19.767,2824.9318715017266
9322,4,6495.170901968813,19.756,2823.7950351434506
9323,4,6496.170901968813,19.745,2822.657714785174
9324,4,6497.170901968813,19.736,2308.6332394257643
9325,4,6498.170901968813,19.728,2051.5505318021524
9326,4,6499.170901968813,19.718,2563.662953991019
9327,4,6500.170901968813,19.707,2818.9616159111283
9328,4,6501.170901968813,19.696,2817.822007552852
9329,4,6502.170901968813,19.686,2560.6849446137585
9330,4,6503.170901968813,19.676,2559.7781304333644
9331,4,6504.170901968813,19.667,2303.042362164609
9332,4,6505.170901968813,19.658,2302.3426114793997
9333,4,6506.170901968813,19.648,2557.3155347282614
9334,4,6507.170901968813,19.639,2300.825009030926
9335,4,6508.170901968813,19.629,2555.628549784605
9336,4,6509.170901968813,19.619,2554.719395605119
9337,4,6510.170901968813,19.611,2043.1520358736673
9338,4,6511.170901968813,19.604,1787.348968445319
9339,4,6512.170901968813,19.596,2042.2167948571948
9340,4,6513.170901968813,19.59,1531.3506897873576
9341,4,6514.170901968813,19.582,2041.384820575154
9342,4,6515.170901968813,19.573,2295.913649999387
9343,4,6516.170901968813,19.563,2550.168644194913
9344,4,6517.170901968813,19.553,2549.256570013614
9345,4,6518.170901968813,19.541,3057.8564788989415
9346,4,6519.170901968813,19.529,3056.4480856791743
9347,4,6520.170901968813,19.517,3055.039116459407
9348,4,6521.170901968813,19.505,3053.62957123964
9349,4,6522.170901968813,19.491,3560.7400709042954
9350,4,6523.170901968813,19.479,3050.4956405968114
9351,4,6524.170901968813,19.468,2795.065725308578
9352,4,6525.170901968813,19.455,3301.729951225743
9353,4,6526.170901968813,19.442,3300.030104459976
9354,4,6527.170901968813,19.431,2791.037859194376
9355,4,6528.170901968813,19.421,2536.3249588333197
9356,4,6529.170901968813,19.41,2788.876588237666
9357,4,6530.170901968813,19.401,2280.982165886891
9358,4,6531.170901968813,19.39,2786.8571550408
9359,4,6532.170901968813,19.379,2785.703070682524
9360,4,6533.170901968813,19.368,2784.5485023251467
9361,4,6534.170901968813,19.357,2783.393449965971
9362,4,6535.170901968813,19.347,2529.3725458975064
9363,4,6536.170901968813,19.336,2781.22568901016
9364,4,6537.170901968813,19.325,2780.069206650985
9365,4,6538.170901968813,19.314,2778.9122402927087
9366,4,6539.170901968813,19.303,2777.7547899344327
9367,4,6540.170901968813,19.292,2776.5968555761565
9368,4,6541.170901968813,19.282,2523.1912637258447
9369,4,6542.170901968813,19.272,2522.2685695454506
9370,4,6543.170901968813,19.261,2773.4080480210137
9371,4,6544.170901968813,19.251,2520.291097765728
9372,4,6545.170901968813,19.239,3023.08353620147
9373,4,6546.170901968813,19.228,2769.9271169461845
9374,4,6547.170901968813,19.216,3020.393257863583
9375,4,6548.170901968813,19.206,2515.938223954851
9376,4,6549.170901968813,19.194,3017.8579516273435
9377,4,6550.170901968813,19.183,2765.1349957532357
9378,4,6551.170901968813,19.17,3266.3417488412574
9379,4,6552.170901968813,19.159,2762.519743517889
9380,4,6553.170901968813,19.147,3012.3091748499223
9381,4,6554.170901968813,19.136,2760.0465710406
9382,4,6555.170901968813,19.126,2508.139490510808
9383,4,6556.170901968813,19.115,2757.8598460847816
9384,4,6557.170901968813,19.104,2756.693661725614
9385,4,6558.170901968813,19.093,2755.526993367338
9386,4,6559.170901968813,19.084,2253.6852077202557
9387,4,6560.170901968813,19.072,3003.718571226378
9388,4,6561.170901968813,19.061,2752.168430052352
9389,4,6562.170901968813,19.047,3500.996922251022
9390,4,6563.170901968813,19.034,3249.117444532786
9391,4,6564.170901968813,19.018,3996.4772985870363
9392,4,6565.170901968813,19.005,3245.157411672701
9393,4,6566.170901968813,18.992,3243.432344906949
9394,4,6567.170901968813,18.978,3490.976708068419
9395,4,6568.170901968813,18.963,3738.044582874123
9396,4,6569.170901968813,18.951,2988.7625469270606
9397,4,6570.170901968813,18.937,3485.028891872959
9398,4,6571.170901968813,18.926,2736.84668247439
9399,4,6572.170901968813,18.917,2238.3959709880533
9400,4,6573.170901968813,18.906,2734.787473277523
9401,4,6574.170901968813,18.895,2733.612576918363
9402,4,6575.170901968813,18.885,2484.0995667633233
9403,4,6576.170901968813,18.872,3227.8543016936906
9404,4,6577.170901968813,18.861,2729.9402860836913
9405,4,6578.170901968813,18.85,2728.7634317254146
9406,4,6579.170901968813,18.839,2727.586093368019
9407,4,6580.170901968813,18.83,2230.8161193564533
9408,4,6581.170901968813,18.819,2725.519536170272
9409,4,6582.170901968813,18.808,2724.340789811996
9410,4,6583.170901968813,18.798,2475.667249394779
9411,4,6584.170901968813,18.786,2969.513750154384
9412,4,6585.170901968813,18.775,2720.8016467380453
9413,4,6586.170901968813,18.763,2966.7801998164978
9414,4,6587.170901968813,18.752,2718.294880261649
9415,4,6588.170901968813,18.74,2964.0444414794893
9416,4,6589.170901968813,18.729,2715.7860897843743
9417,4,6590.170901968813,18.718,2714.6034274260983
9418,4,6591.170901968813,18.706,2960.0157580234827
9419,4,6592.170901968813,18.693,3205.027794315049
9420,4,6593.170901968813,18.68,3203.285489551059
9421,4,6594.170901968813,18.669,2709.1425791937763
9422,4,6595.170901968813,18.656,3200.14180090823
9423,4,6596.170901968813,18.644,2952.4460957213523
9424,4,6597.170901968813,18.631,3196.824089821076
9425,4,6598.170901968813,18.618,3195.078483057084
9426,4,6599.170901968813,18.605,3193.332200291346
9427,4,6600.170901968813,18.592,3191.585241527353
9428,4,6601.170901968813,18.58,2944.544697215928
9429,4,6602.170901968813,18.566,3433.419364543309
9430,4,6603.170901968813,18.555,2696.279377571639
9431,4,6604.170901968813,18.541,3429.836532911931
9432,4,6605.170901968813,18.529,2938.2442240319183
9433,4,6606.170901968813,18.516,3181.432813825061
9434,4,6607.170901968813,18.505,2690.644813579474
9435,4,6608.170901968813,18.492,3178.2724851813637
9436,4,6609.170901968813,18.479,3176.5195464173667
9437,4,6610.170901968813,18.466,3174.7659316516333
9438,4,6611.170901968813,18.453,3173.011640887635
9439,4,6612.170901968813,18.439,3415.1069248159088
9440,4,6613.170901968813,18.427,2925.613901663898
9441,4,6614.170901968813,18.414,3167.7447125921726
9442,4,6615.170901968813,18.402,2922.5295831227168
9443,4,6616.170901968813,18.391,2677.716535958202
9444,4,6617.170901968813,18.379,2919.7604887839652
9445,4,6618.170901968813,18.367,2918.295695565063
9446,4,6619.170901968813,18.355,2916.830326345296
9447,4,6620.170901968813,18.344,2672.4901712447017
9448,4,6621.170901968813,18.331,3156.808756786588
9449,4,6622.170901968813,18.318,3155.0472380208603
9450,4,6623.170901968813,18.305,3153.285043256857
9451,4,6624.170901968813,18.291,3393.854216598151
9452,4,6625.170901968813,18.277,3391.7694936045796
9453,4,6626.170901968813,18.263,3389.683986611008
9454,4,6627.170901968813,18.248,3629.469552026888
9455,4,6628.170901968813,18.234,3385.3250318386094
9456,4,6629.170901968813,18.221,3141.6635280069554
9457,4,6630.170901968813,18.207,3381.334118636721
9458,4,6631.170901968813,18.194,3137.9562760337726
9459,4,6632.170901968813,18.181,3136.18781526805
9460,4,6633.170901968813,18.168,3134.4186785040415
9461,4,6634.170901968813,18.155,3132.6488657383197
9462,4,6635.170901968813,18.142,3130.87837697431
9463,4,6636.170901968813,18.127,3610.30923665274
9464,4,6637.170901968813,18.111,3848.28478632831
9465,4,6638.170901968813,18.097,3364.968488258658
9466,4,6639.170901968813,18.084,3122.7539512541402
9467,4,6640.170901968813,18.07,3360.96234305677
9468,4,6641.170901968813,18.056,3358.8651600631983
9469,4,6642.170901968813,18.044,2877.388434732999
9470,4,6643.170901968813,18.03,3355.040459646565
9471,4,6644.170901968813,18.017,3113.5315705429093
9472,4,6645.170901968813,18.003,3351.0267824446764
9473,4,6646.170901968813,17.989,3348.925763451105
9474,4,6647.170901968813,17.977,2868.865783922633
9475,4,6648.170901968813,17.963,3345.093671034472
9476,4,6649.170901968813,17.95,3104.2917698316783
9477,4,6650.170901968813,17.936,3341.0724618325835
9478,4,6651.170901968813,17.924,2862.1318625353283
9479,4,6652.170901968813,17.911,3098.9470755362345
9480,4,6653.170901968813,17.897,3335.3144112084806
9481,4,6654.170901968813,17.885,2857.1945185702393
9482,4,6655.170901968813,17.871,3331.4720707918464
9483,4,6656.170901968813,17.856,3567.0752672188873
9484,4,6657.170901968813,17.843,3089.5064723823994
9485,4,6658.170901968813,17.833,2375.369050986765
9486,4,6659.170901968813,17.82,3086.452462182178
9487,4,6660.170901968813,17.809,2610.2475197285335
9488,4,6661.170901968813,17.799,2371.909734773426
9489,4,6662.170901968813,17.789,2370.9333805921897
9490,4,6663.170901968813,17.779,2369.956626412638
9491,4,6664.170901968813,17.769,2368.979472232244
9492,4,6665.170901968813,17.757,2841.442337559395
9493,4,6666.170901968813,17.747,2366.7573170353776
9494,4,6667.170901968813,17.733,3311.7171304257945
9495,4,6668.170901968813,17.72,3073.2866188379007
9496,4,6669.170901968813,17.706,3307.668677223906
9497,4,6670.170901968813,17.694,2833.4885991564593
9498,4,6671.170901968813,17.682,2831.992101936692
9499,4,6672.170901968813,17.672,2358.879300681585
9500,4,6673.170901968813,17.66,2829.3176917004525
9501,4,6674.170901968813,17.648,2827.8195144806855
9502,4,6675.170901968813,17.636,2826.3207612609185
9503,4,6676.170901968813,17.623,3060.1364278222977
9504,4,6677.170901968813,17.611,2823.1612747197373
9505,4,6678.170901968813,17.599,2821.66076949997
9506,4,6679.170901968813,17.586,3055.086166415439
9507,4,6680.170901968813,17.576,2348.8816925498068
9508,4,6681.170901968813,17.563,3052.0056362160612
9509,4,6682.170901968813,17.551,2815.6529886209014
9510,4,6683.170901968813,17.539,2814.149603400301
9511,4,6684.170901968813,17.528,2578.332031213397
9512,4,6685.170901968813,17.517,2577.099956854288
9513,4,6686.170901968813,17.504,3044.0330850516084
9514,4,6687.170901968813,17.492,2808.2907946237137
9515,4,6688.170901968813,17.48,2806.7845534039466
9516,4,6689.170901968813,17.467,3038.9639216447454
9517,4,6690.170901968813,17.456,2570.049222503846
9518,4,6691.170901968813,17.445,2568.8141121455697
9519,4,6692.170901968813,17.433,2800.9144406265254
9520,4,6693.170901968813,17.421,2799.405343406758
9521,4,6694.170901968813,17.408,3030.966618480296
9522,4,6695.170901968813,17.397,2563.279655673919
9523,4,6696.170901968813,17.384,3027.6937618374677
9524,4,6697.170901968813,17.371,3025.8822710734294
9525,4,6698.170901968813,17.359,2791.529705103802
9526,4,6699.170901968813,17.348,2557.5893694415954
9527,4,6700.170901968813,17.335,3020.9663561083607
9528,4,6701.170901968813,17.324,2554.81470520453
9529,4,6702.170901968813,17.312,2785.6366963272076
9530,4,6703.170901968813,17.301,2552.1853987289583
9531,4,6704.170901968813,17.289,2782.7672579884966
9532,4,6705.170901968813,17.276,3012.935018945565
9533,4,6706.170901968813,17.265,2548.0163403737747
9534,4,6707.170901968813,17.252,3009.648434302736
9535,4,6708.170901968813,17.239,3007.8297935370483
9536,4,6709.170901968813,17.227,2774.8594116871905
9537,4,6710.170901968813,17.214,3004.36494845159
9538,4,6711.170901968813,17.202,2771.6598931451886
9539,4,6712.170901968813,17.191,2539.3686321461905
9540,4,6713.170901968813,17.181,2307.4511024242615
9541,4,6714.170901968813,17.169,2767.58124579165
9542,4,6715.170901968813,17.158,2535.628387070541
9543,4,6716.170901968813,17.147,2534.3806707130834
9544,4,6717.170901968813,17.137,2302.9148720305298
9545,4,6718.170901968813,17.128,2071.783133603731
9546,4,6719.170901968813,17.12,1840.9453204048207
9547,4,6720.170901968813,17.113,1610.3612734100222
9548,4,6721.170901968813,17.108,1150.025947181145
9549,4,6722.170901968813,17.103,1149.8609436360466
9550,4,6723.170901968813,17.099,919.7835647568567
9551,4,6724.170901968813,17.096,689.7990719784968
9552,5,6725.170901968813,17.06,8269.377743795598
9559,5,6732.170901968813,17.059,229.69493900373863
9560,5,6733.170901968813,17.046,2985.252316951788
9561,5,6734.170901968813,17.032,3212.819063961955
9562,5,6735.170901968813,17.019,2981.410956978605
9563,5,6736.170901968813,17.007,2750.45941332398
9564,5,6737.170901968813,16.996,2519.924243976739
9565,5,6738.170901968813,16.984,2747.556566986094
9566,5,6739.170901968813,16.973,2517.2622895003424
9567,5,6740.170901968813,16.961,2744.6515126490203
9568,5,6741.170901968813,16.948,2971.6227334927576
9569,5,6742.170901968813,16.938,2284.652031841509
9570,5,6743.170901968813,16.926,2740.2088730913665
9571,5,6744.170901968813,16.916,2282.3623166438315
9572,5,6745.170901968813,16.906,2281.351702464249
9573,5,6746.170901968813,16.895,2508.300549231751
9574,5,6747.170901968813,16.884,2507.0395448734753
9575,5,6748.170901968813,16.873,2505.778056515199
9576,5,6749.170901968813,16.864,2049.2710084775745
9577,5,6750.170901968813,16.852,2731.0651455694697
9578,5,6751.170901968813,16.841,2502.139213200213
9579,5,6752.170901968813,16.83,2500.875810842744
9580,5,6753.170901968813,16.817,2953.911237400654
9581,5,6754.170901968813,16.806,2498.0503706056975
9582,5,6755.170901968813,16.795,2496.7854722474212
9583,5,6756.170901968813,16.783,2722.304478555809
9584,5,6757.170901968813,16.772,2494.1055657718302
9585,5,6758.170901968813,16.76,2719.379840217117
9586,5,6759.170901968813,16.749,2491.4236352954335
9587,5,6760.170901968813,16.737,2716.4529938800347
9588,5,6761.170901968813,16.723,3167.2028973181227
9589,5,6762.170901968813,16.712,2487.0250251804264
9590,5,6763.170901968813,16.697,3389.2616499582696
9591,5,6764.170901968813,16.683,3161.032345907918
9592,5,6765.170901968813,16.67,2933.3036862133326
9593,5,6766.170901968813,16.661,2029.7091810017798
9594,5,6767.170901968813,16.65,2479.6335290709426
9595,5,6768.170901968813,16.642,1802.6075653465673
9596,5,6769.170901968813,16.632,2252.373925920655
9597,5,6770.170901968813,16.624,1801.1904281276004
9598,5,6771.170901968813,16.615,2025.6025464949491
9599,5,6772.170901968813,16.607,1799.880493641465
9600,5,6773.170901968813,16.599,1799.279303766013
9601,5,6774.170901968813,16.594,1124.2752737450305
9602,5,6775.170901968813,16.592,449.68164310602367
9603,5,6776.170901968813,16.59,449.6938057380091
9623,5,6796.170901968813,16.586,901.8790633751705
9624,5,6797.170901968813,16.577,2028.7312075972018
9625,5,6798.170901968813,16.569,1802.6573817338683
9626,5,6799.170901968813,16.561,1802.0522558576158
9627,5,6800.170901968813,16.552,2026.5665316921165
9628,5,6801.170901968813,16.544,1800.7324173722805
9629,5,6802.170901968813,16.537,1575.1583092565384
9630,5,6803.170901968813,16.531,1349.8035323178794
9631,5,6804.170901968813,16.526,1124.6273875316915
9632,5,6805.170901968813,16.522,899.5891518733617
9706,5,6879.170901968813,16.52,454.6031298854551
9707,5,6880.170901968813,16.515,1136.4322287324726
9708,5,6881.170901968813,16.508,1590.6583468703423
9709,5,6882.170901968813,16.502,1363.0827688439947
9710,5,6883.170901968813,16.5,454.31681221329774
9711,5,6884.170901968813,16.499,227.1707555943465
9731,5,6904.170901968813,16.497,455.6200461624734
9732,5,6905.170901968813,16.488,2049.9035598130495
9733,5,6906.170901968813,16.477,2504.2811616172467
9734,5,6907.170901968813,16.469,1820.5092202899157
9735,5,6908.170901968813,16.462,1592.4508318094747
9736,5,6909.170901968813,16.455,1592.0042500610816
9737,5,6910.170901968813,16.45,1136.8958676461928
9738,5,6911.170901968813,16.446,909.3995119641603
9739,5,6912.170901968813,16.444,454.68260193206424
9778,5,6951.170901968813,16.44,914.3292157608631
9779,5,6952.170901968813,16.433,1599.770998423277
9780,5,6953.170901968813,16.425,1827.7383159749288
9781,5,6954.170901968813,16.416,2055.437339324098
9782,5,6955.170901968813,16.408,1826.3722374895935
9783,5,6956.170901968813,16.399,2053.8998890280955
9784,5,6957.170901968813,16.391,1825.0050710050684
9785,5,6958.170901968813,16.382,2052.361214731283
9786,5,6959.170901968813,16.374,1823.6368165197325
9787,5,6960.170901968813,16.365,2050.8213164360905
9788,5,6961.170901968813,16.356,2049.988257749162
9789,5,6962.170901968813,16.347,2049.1548750638526
9790,5,6963.170901968813,16.337,2275.842777599843
9791,5,6964.170901968813,16.327,2274.7767834186407
9792,5,6965.170901968813,16.318,2046.402036853025
9793,5,6966.170901968813,16.306,2727.17231407007
9794,5,6967.170901968813,16.296,2271.4370574602276
9795,5,6968.170901968813,16.284,2724.2760958338304
9796,5,6969.170901968813,16.272,2722.6599346140633
9797,5,6970.170901968813,16.261,2494.3662694910913
9798,5,6971.170901968813,16.249,2719.5931922761765
9799,5,6972.170901968813,16.237,2717.9753270564092
9800,5,6973.170901968813,16.225,2716.356885835838
9801,5,6974.170901968813,16.215,2262.4210405990366
9802,5,6975.170901968813,16.203,2713.453083600403
9803,5,6976.170901968813,16.191,2711.8329623806353
9804,5,6977.170901968813,16.179,2710.2122651608684
9805,5,6978.170901968813,16.166,2934.216191713933
9806,5,6979.170901968813,16.154,2706.8016426196873
9807,5,6980.170901968813,16.143,2479.8243758295816
9808,5,6981.170901968813,16.131,2703.7237162818
9809,5,6982.170901968813,16.119,2702.100139062033
9810,5,6983.170901968813,16.107,2700.475985842266
9811,5,6984.170901968813,16.094,2923.664733785449
9812,5,6985.170901968813,16.082,2697.058307301085
9813,5,6986.170901968813,16.072,2246.3333918194035
9814,5,6987.170901968813,16.061,2469.70638852243
9815,5,6988.170901968813,16.051,2244.041440040576
9816,5,6989.170901968813,16.041,2242.964725859385
9817,5,6990.170901968813,16.029,2690.09736991378
9818,5,6991.170901968813,16.018,2464.506592849168
9819,5,6992.170901968813,16.008,2239.3126530648824
9820,5,6993.170901968813,15.996,2685.713298559023
9821,5,6994.170901968813,15.987,2013.2511116190933
9822,5,6995.170901968813,15.976,2459.4531229357494
9823,5,6996.170901968813,15.965,2458.11164257787
9824,5,6997.170901968813,15.954,2456.7696782191965
9825,5,6998.170901968813,15.943,2455.427229861317
9826,5,6999.170901968813,15.933,2231.055716711531
9827,5,7000.170901968813,15.923,2229.974442531138
9828,5,7001.170901968813,15.916,1560.3719624344226
9829,5,7002.170901968813,15.906,2228.230824424468
9830,5,7003.170901968813,15.897,2004.4965977579036
9831,5,7004.170901968813,15.888,2003.6481490717845
9832,5,7005.170901968813,15.877,2447.711790711262
9833,5,7006.170901968813,15.868,2001.6980575470757
9834,5,7007.170901968813,15.858,2223.0950403585784
9835,5,7008.170901968813,15.849,1999.8726730986023
9836,5,7009.170901968813,15.839,2221.0660754158303
9837,5,7010.170901968813,15.829,2219.9809212354367
9838,5,7011.170901968813,15.819,2218.8953670550427
9839,5,7012.170901968813,15.808,2439.513220282468
9840,5,7013.170901968813,15.796,2659.7310382299693
9841,5,7014.170901968813,15.785,2436.659843805678
9842,5,7015.170901968813,15.775,2213.9879366613104
9843,5,7016.170901968813,15.764,2434.1131548493618
9844,5,7017.170901968813,15.754,2211.6719248824834
9845,5,7018.170901968813,15.743,2431.5646178922593
9846,5,7019.170901968813,15.734,1988.4819823315263
9847,5,7020.170901968813,15.726,1766.8366126073163
9848,5,7021.170901968813,15.716,2207.5965549973794
9849,5,7022.170901968813,15.705,2427.0799510182137
9850,5,7023.170901968813,15.697,1764.3329013091948
9851,5,7024.170901968813,15.687,2204.4657958738453
9852,5,7025.170901968813,15.679,1762.8120840890363
9853,5,7026.170901968813,15.671,1762.1636622139756
9854,5,7027.170901968813,15.662,1981.6411128421835
9855,5,7028.170901968813,15.653,1980.7845461564557
9856,5,7029.170901968813,15.642,2419.756937148476
9857,5,7030.170901968813,15.631,2418.399880789809
9858,5,7031.170901968813,15.622,1977.7066577931569
9859,5,7032.170901968813,15.613,1976.8487231070378
9860,5,7033.170901968813,15.604,1975.990464420919
9861,5,7034.170901968813,15.593,2413.8953259157634
9862,5,7035.170901968813,15.582,2412.535981557487
9863,5,7036.170901968813,15.571,2411.1761531996
9864,5,7037.170901968813,15.561,2190.8120452008843
9865,5,7038.170901968813,15.552,1970.807501456676
9866,5,7039.170901968813,15.543,1969.9471727705568
9867,5,7040.170901968813,15.534,1969.0865200840492
9868,5,7041.170901968813,15.524,2186.8468587338157
9869,5,7042.170901968813,15.513,2404.246441128299
9870,5,7043.170901968813,15.503,2184.5098869546005
9871,5,7044.170901968813,15.492,2401.6748481715895
9872,5,7045.170901968813,15.481,2400.3108618137007
9873,5,7046.170901968813,15.471,2180.930817577341
9874,5,7047.170901968813,15.46,2397.7364748566038
9875,5,7048.170901968813,15.451,1960.7940967568964
9876,5,7049.170901968813,15.444,1524.4889451142142
9877,5,7050.170901968813,15.439,1088.6521398276846
9878,5,7051.170901968813,15.433,1306.1024885135366
9879,5,7052.170901968813,15.427,1305.779964208595
9880,5,7053.170901968813,15.421,1305.4572959036532
9881,5,7054.170901968813,15.414,1522.6075183353873
9882,5,7055.170901968813,15.405,1956.899808250066
9883,5,7056.170901968813,15.396,1956.034079563561
9884,5,7057.170901968813,15.39,1303.5723803281207
9885,5,7058.170901968813,15.387,651.6879775497072
9886,5,7059.170901968813,15.385,434.44961399091375
9887,5,7060.170901968813,15.384,217.23439848255802
9888,5,7061.170901968813,15.38,868.9194465125786
9889,5,7062.170901968813,15.376,868.8165130441014
9890,5,7063.170901968813,15.371,1085.8565786139595
9891,5,7064.170901968813,15.364,1519.8210487040094
9892,5,7065.170901968813,15.356,1736.3364008680499
9893,5,7066.170901968813,15.347,1952.5738068284102
9894,5,7067.170901968813,15.339,1734.905650382329
9895,5,7068.170901968813,15.329,2167.6666522157493
9896,5,7069.170901968813,15.318,2383.137686959239
9897,5,7070.170901968813,15.31,1732.3615550838158
9898,5,7071.170901968813,15.307,649.4941185167621
9899,5,7072.170901968813,15.306,216.50036782223586
9938,5,7111.170901968813,15.298,1741.0421942706366
9939,5,7112.170901968813,15.29,1740.3766683955712
9940,5,7113.170901968813,15.281,1957.110728796485
9941,5,7114.170901968813,15.273,1738.9310219102356
9942,5,7115.170901968813,15.265,1738.2647120343975
9943,5,7116.170901968813,15.259,1303.2840036702257
9944,5,7117.170901968813,15.252,1520.0640097297223
9945,5,7118.170901968813,15.249,651.3339920428771
9946,5,7119.170901968813,15.244,1085.4243915688448
9947,5,7120.170901968813,15.237,1519.209504840309
9948,5,7121.170901968813,15.231,1301.807010247164
9949,5,7122.170901968813,15.225,1301.4770219422223
9950,5,7123.170901968813,15.217,1734.748548781686
9951,5,7124.170901968813,15.21,1517.3700362393647
9952,5,7125.170901968813,15.204,1300.2296868749263
9953,5,7126.170901968813,15.197,1516.4990511355913
9954,5,7127.170901968813,15.19,1516.0133953868135
9955,5,7128.170901968813,15.183,1515.5275436384206
9956,5,7129.170901968813,15.176,1515.0414958900276
9957,5,7130.170901968813,15.169,1514.5552521416348
9958,5,7131.170901968813,15.162,1514.0688123932418
9959,5,7132.170901968813,15.156,1297.3989444353922
9960,5,7133.170901968813,15.147,1945.4083005813222
9961,5,7134.170901968813,15.138,1944.5252918952033
9962,5,7135.170901968813,15.129,1943.6419592090842
9963,5,7136.170901968813,15.121,1726.9533582762626
9964,5,7137.170901968813,15.111,2157.7095070831656
9965,5,7138.170901968813,15.102,1940.9900171507275
9966,5,7139.170901968813,15.091,2371.0828574748057
9967,5,7140.170901968813,15.081,2154.332364541984
9968,5,7141.170901968813,15.069,2583.675632332032
9969,5,7142.170901968813,15.056,2797.0526794838975
9970,5,7143.170901968813,15.043,2795.0299127186495
9971,5,7144.170901968813,15.03,2793.0064699537843
9972,5,7145.170901968813,15.016,3005.573268887629
9973,5,7146.170901968813,15.005,2359.8871631278985
9974,5,7147.170901968813,14.991,3001.411537256632
9975,5,7148.170901968813,14.978,2784.9059388943224
9976,5,7149.170901968813,14.967,2354.901149253853
9977,5,7150.170901968813,14.955,2567.368964744627
9978,5,7151.170901968813,14.944,2351.941446777457
9979,5,7152.170901968813,14.933,2350.5395104195604
9980,5,7153.170901968813,14.921,2562.6091692886203
9981,5,7154.170901968813,14.909,2560.907016068474
9982,5,7155.170901968813,14.898,2346.0159698250436
9983,5,7156.170901968813,14.888,2131.5370648603853
9984,5,7157.170901968813,14.879,1917.4275561502236
9985,5,7158.170901968813,14.87,1916.5358354641046
9986,5,7159.170901968813,14.86,2128.421509155283
9987,5,7160.170901968813,14.85,2127.286774974889
9988,5,7161.170901968813,14.839,2338.68803199391
9989,5,7162.170901968813,14.829,2124.872863196062
9990,5,7163.170901968813,14.82,1911.4276866523326
9991,5,7164.170901968813,14.809,2334.9394161989876
9992,5,7165.170901968813,14.801,1697.2856832581856
9993,5,7166.170901968813,14.792,1908.6164595177402
9994,5,7167.170901968813,14.784,1695.8099727728502
9995,5,7168.170901968813,14.779,1059.5631818746858
9996,5,7169.170901968813,14.773,1271.1800309699424
9997,5,7170.170901968813,14.769,847.2847551437574
9998,5,7171.170901968813,14.765,847.1734456748944
9999,5,7172.170901968813,14.761,847.0620722064076
10000,5,7173.170901968813,14.757,846.9506347371685
10001,5,7174.170901968813,14.749,1693.4486930677479
10002,5,7175.170901968813,14.741,1692.766319192672
10003,5,7176.170901968813,14.732,1903.5295649436137
10004,5,7177.170901968813,14.723,1902.6321202571191
10005,5,7178.170901968813,14.711,2535.387387942697
10006,5,7179.170901968813,14.7,2322.6125493760655
10007,5,7180.170901968813,14.688,2532.1303496044347
10008,5,7181.170901968813,14.677,2319.625918899669
10009,5,7182.170901968813,14.665,2528.8711032669225
10010,5,7183.170901968813,14.655,2106.105708457211
10011,5,7184.170901968813,14.647,1684.0846061557359
10012,5,7185.170901968813,14.639,1683.3993202806578
10013,5,7186.170901968813,14.635,841.4718679368475
10014,5,7187.170901968813,14.632,631.0407923637877
10037,5,7210.170901968813,14.63,421.968041866589
10038,5,7211.170901968813,14.619,2320.114914828757
10039,5,7212.170901968813,14.608,2318.691308470106
10040,5,7213.170901968813,14.597,2317.267218112204
10041,5,7214.170901968813,14.588,1894.91019996571
10042,5,7215.170901968813,14.579,1894.0040072792174
10043,5,7216.170901968813,14.572,1472.5101857433551
10044,5,7217.170901968813,14.566,1261.763554449078
10045,5,7218.170901968813,14.563,630.7743006103726
10046,5,7219.170901968813,14.562,210.25835252009864
10061,5,7234.170901968813,14.56,421.347050014038
10062,5,7235.170901968813,14.547,2737.7235527668604
10063,5,7236.170901968813,14.537,2104.567945128565
10064,5,7237.170901968813,14.529,1682.8448754931926
10065,5,7238.170901968813,14.522,1471.9327201116032
10066,5,7239.170901968813,14.517,1051.0914191115262
10067,5,7240.170901968813,14.513,840.728645136526
10068,5,7241.170901968813,14.511,420.33548851762606
10083,5,7256.170901968813,14.507,842.2382689332313
10084,5,7257.170901968813,14.494,2736.0477732639474
10085,5,7258.170901968813,14.484,2103.272763972478
10086,5,7259.170901968813,14.474,2102.110709792084
10087,5,7260.170901968813,14.467,1470.8162425170874
10088,5,7261.170901968813,14.458,1890.264315055103
10089,5,7262.170901968813,14.452,1259.696164655558
10090,5,7263.170901968813,14.448,839.6225562675023
10091,5,7264.170901968813,14.446,419.781908083114
10168,5,7341.170901968813,14.44,1272.342376045675
10169,5,7342.170901968813,14.429,2331.572449458152
10170,5,7343.170901968813,14.418,2330.1129611002516
10171,5,7344.170901968813,14.408,2117.0307042014847
10172,5,7345.170901968813,14.397,2327.354126143166
10173,5,7346.170901968813,14.39,1480.3195522847645
10174,5,7347.170901968813,14.384,1268.444973199552
10175,5,7348.170901968813,14.377,1479.3852031806061
10176,5,7349.170901968813,14.371,1267.6437905388448
10177,5,7350.170901968813,14.363,1689.5984855775641
10178,5,7351.170901968813,14.353,2110.962236209319
10179,5,7352.170901968813,14.341,2531.5583023332133
10180,5,7353.170901968813,14.326,3161.900253700845
10181,5,7354.170901968813,14.312,2948.522448068397
10182,5,7355.170901968813,14.3,2525.353798165302
10183,5,7356.170901968813,14.292,1682.6211074329267
10184,5,7357.170901968813,14.284,1681.9081255571014
10185,5,7358.170901968813,14.28,840.7151745756295
10186,5,7359.170901968813,14.275,1050.7056255283883
10187,5,7360.170901968813,14.272,630.332396215535
10209,5,7382.170901968813,14.262,2106.4286451677362
10210,5,7383.170901968813,14.25,2526.1076250833135
10211,5,7384.170901968813,14.239,2314.0440930879236
10212,5,7385.170901968813,14.225,2942.9610637512
10213,5,7386.170901968813,14.212,2730.527045210712
10214,5,7387.170901968813,14.197,3147.9320723105993
10215,5,7388.170901968813,14.181,3354.5842216971387
10216,5,7389.170901968813,14.165,3351.2550141953307
10217,5,7390.170901968813,14.146,3975.2394397067974
10218,5,7391.170901968813,14.129,3552.7510733041177
10219,5,7392.170901968813,14.111,3757.588312888559
10220,5,7393.170901968813,14.094,3544.9145499307742
10221,5,7394.170901968813,14.079,3124.7396523172592
10222,5,7395.170901968813,14.064,3121.834420411743
10223,5,7396.170901968813,14.047,3534.533923829058
10224,5,7397.170901968813,14.029,3738.293464386317
10225,5,7398.170901968813,14.009,4148.598314987943
10226,5,7399.170901968813,13.993,3315.0653375508946
10227,5,7400.170901968813,13.976,3518.581459271706
10228,5,7401.170901968813,13.961,3101.4976723246587
10229,5,7402.170901968813,13.948,2685.6334401395984
10230,5,7403.170901968813,13.932,3302.406475950251
10231,5,7404.170901968813,13.916,3299.061620448443
10232,5,7405.170901968813,13.901,3089.8445847011144
10233,5,7406.170901968813,13.885,3292.60583491369
10234,5,7407.170901968813,13.87,3083.790425762283
10235,5,7408.170901968813,13.854,3286.1460813789367
10236,5,7409.170901968813,13.838,3282.7961698771287
10237,5,7410.170901968813,13.821,3484.284588618331
10238,5,7411.170901968813,13.804,3480.4711348369933
10239,5,7412.170901968813,13.787,3476.6565250556555
10240,5,7413.170901968813,13.77,3472.8407592746807
10241,5,7414.170901968813,13.753,3469.02383749298
10242,5,7415.170901968813,13.739,2854.0102981168393
10243,5,7416.170901968813,13.723,3258.6061649578837
10244,5,7417.170901968813,13.707,3255.2479654560757
10245,5,7418.170901968813,13.691,3251.888741954268
10246,5,7419.170901968813,13.676,3045.606751112823
10247,5,7420.170901968813,13.658,3650.813125819618
10248,5,7421.170901968813,13.641,3444.0392556982833
10249,5,7422.170901968813,13.626,3035.7050097598694
10250,5,7423.170901968813,13.609,3436.8910117569417
10251,5,7424.170901968813,13.594,3029.3958156939793
10252,5,7425.170901968813,13.579,3026.4625337877346
10253,5,7426.170901968813,13.565,2822.063761482807
10254,5,7427.170901968813,13.548,3423.3390393062587
10255,5,7428.170901968813,13.532,3218.47788840505
10256,5,7429.170901968813,13.515,3415.92535155425
10257,5,7430.170901968813,13.497,3612.6679752718055
10258,5,7431.170901968813,13.481,3207.650057493037
10259,5,7432.170901968813,13.464,3404.4173642102364
10260,5,7433.170901968813,13.446,3600.4793214957904
10261,5,7434.170901968813,13.431,2997.12316998335
10262,5,7435.170901968813,13.412,3792.063557909099
10263,5,7436.170901968813,13.398,2791.092386345198
10264,5,7437.170901968813,13.381,3385.719992924881
10265,5,7438.170901968813,13.366,2984.231356724511
10266,5,7439.170901968813,13.353,2583.9736952861417
10267,5,7440.170901968813,13.337,3177.250581976765
10268,5,7441.170901968813,13.322,2975.6126261339114
10269,5,7442.170901968813,13.308,2774.590155671883
10270,5,7443.170901968813,13.294,2772.045252678312
10271,5,7444.170901968813,13.278,3164.9041473138477
10272,5,7445.170901968813,13.263,2964.0342136374265
10273,5,7446.170901968813,13.248,2961.0815517315405
10274,5,7447.170901968813,13.233,2958.1279898253038
10275,5,7448.170901968813,13.218,2955.1735279197683
10276,5,7449.170901968813,13.202,3148.9135236802595
10277,5,7450.170901968813,13.188,2752.5401414412695
10278,5,7451.170901968813,13.173,2946.30474220211
10279,5,7452.170901968813,13.16,2551.0942127000626
10280,5,7453.170901968813,13.148,2352.9362410680355
10281,5,7454.170901968813,13.135,2546.9336596137828
10282,5,7455.170901968813,13.123,2349.094530526854
10283,5,7456.170901968813,13.11,2542.7705065275027
10284,5,7457.170901968813,13.097,2540.591011762637
10285,5,7458.170901968813,13.082,2928.7118406393874
10286,5,7459.170901968813,13.066,3120.6784119148915
10287,5,7460.170901968813,13.053,2533.0786492507855
10288,5,7461.170901968813,13.039,2725.4761964386025
10289,5,7462.170901968813,13.025,2722.916313444685
10290,5,7463.170901968813,13.012,2526.1415500692865
10291,5,7464.170901968813,12.997,2912.0343148397133
10292,5,7465.170901968813,12.983,2715.23196046397
10293,5,7466.170901968813,12.971,2325.323995076471
10294,5,7467.170901968813,12.956,2904.0200996302915
10295,5,7468.170901968813,12.942,2707.74966026851
10296,5,7469.170901968813,12.927,2898.299730945578
10297,5,7470.170901968813,12.913,2702.4090254961116
10298,5,7471.170901968813,12.898,2892.575882260865
10299,5,7472.170901968813,12.884,2697.0651427237135
10300,5,7473.170901968813,12.87,2694.4966077304834
10301,5,7474.170901968813,12.857,2499.7439323343524
10302,5,7475.170901968813,12.843,2689.5664905282533
10303,5,7476.170901968813,12.828,2878.81174836673
10304,5,7477.170901968813,12.813,2875.8320864605034
10305,5,7478.170901968813,12.798,2872.851524554958
10306,5,7479.170901968813,12.785,2487.415179405867
10307,5,7480.170901968813,12.769,3058.3725956625794
10308,5,7481.170901968813,12.756,2482.4395345457824
10309,5,7482.170901968813,12.741,2861.593672312591
10310,5,7483.170901968813,12.726,2858.6087004063666
10311,5,7484.170901968813,12.711,2855.6228285008187
10312,5,7485.170901968813,12.696,2852.6360565949326
10313,5,7486.170901968813,12.681,2849.6483846890465
10314,5,7487.170901968813,12.666,2846.6598127828233
10315,5,7488.170901968813,12.651,2843.6703408772746
10316,5,7489.170901968813,12.637,2651.406152765699
10317,5,7490.170901968813,12.623,2648.8240377724637
10318,5,7491.170901968813,12.607,3024.035869706773
10319,5,7492.170901968813,12.593,2643.2378942144737
10320,5,7493.170901968813,12.577,3017.6497856408832
10321,5,7494.170901968813,12.562,2825.939434569017
10322,5,7495.170901968813,12.549,2446.7460747513865
10323,5,7496.170901968813,12.533,3008.303337010911
10324,5,7497.170901968813,12.519,2629.467756105595
10325,5,7498.170901968813,12.505,2626.8792011120236
10326,5,7499.170901968813,12.491,2624.289862118785
10327,5,7500.170901968813,12.475,2995.988267816857
10328,5,7501.170901968813,12.461,2618.6887665607983
10329,5,7502.170901968813,12.445,2989.585095750967
10330,5,7503.170901968813,12.428,3172.6482873592945
10331,5,7504.170901968813,12.41,3354.9947435359522
10332,5,7505.170901968813,12.394,2978.5321448389536
10333,5,7506.170901968813,12.378,2975.0858493371456
10334,5,7507.170901968813,12.363,2786.0237292842617
10335,5,7508.170901968813,12.347,2968.4304478023923
10336,5,7509.170901968813,12.332,2779.782430345101
10337,5,7510.170901968813,12.317,2776.7730384395445
10338,5,7511.170901968813,12.301,2958.5600842346944
10339,5,7512.170901968813,12.286,2770.526189500713
10340,5,7513.170901968813,12.269,3136.260495463252
10341,5,7514.170901968813,12.254,2764.050195434823
10342,5,7515.170901968813,12.239,2761.03621352861
10343,5,7516.170901968813,12.222,3125.501959362233
10344,5,7517.170901968813,12.205,3121.572871580568
10345,5,7518.170901968813,12.19,2751.0866873030423
10346,5,7519.170901968813,12.173,3114.2225316392264
10347,5,7520.170901968813,12.156,3110.2900438578886
10348,5,7521.170901968813,12.143,2375.8401127102043
10349,5,7522.170901968813,12.127,2921.0094046525323
10350,5,7523.170901968813,12.112,2735.312092392435
10351,5,7524.170901968813,12.096,2914.322067117779
10352,5,7525.170901968813,12.082,2547.2101489491088
10353,5,7526.170901968813,12.066,2907.871599051889
10354,5,7527.170901968813,12.05,2904.404055550081
10355,5,7528.170901968813,12.034,2900.9354880482733
10356,5,7529.170901968813,12.02,2535.493476263613
10357,5,7530.170901968813,12.004,2894.477211982383
10358,5,7531.170901968813,11.989,2710.4307517638476
10359,5,7532.170901968813,11.973,2887.77406644763
10360,5,7533.170901968813,11.957,2884.300474945822
10361,5,7534.170901968813,11.941,2880.825859444014
10362,5,7535.170901968813,11.925,2877.350219942206
10363,5,7536.170901968813,11.909,2873.873556440398
10364,5,7537.170901968813,11.894,2691.109184693557
10365,5,7538.170901968813,11.878,2867.1583789056444
10366,5,7539.170901968813,11.864,2505.929937763493
10367,5,7540.170901968813,11.848,2860.6805188397548
10368,5,7541.170901968813,11.831,3035.6455583914526
10369,5,7542.170901968813,11.816,2675.2457297826327
10370,5,7543.170901968813,11.802,2494.164545077992
10371,5,7544.170901968813,11.786,2847.2304517702482
10372,5,7545.170901968813,11.772,2488.487905520022
10373,5,7546.170901968813,11.755,3018.1589677804486
10374,5,7547.170901968813,11.741,2482.5965851774286
10375,5,7548.170901968813,11.725,2834.0060541696052
10376,5,7549.170901968813,11.712,2300.088939582742
10377,5,7550.170901968813,11.697,2651.1292596629196
10378,5,7551.170901968813,11.681,2824.500373539633
10379,5,7552.170901968813,11.667,2468.5932070682347
10380,5,7553.170901968813,11.653,2465.959236074663
10381,5,7554.170901968813,11.637,2814.9862449096613
10382,5,7555.170901968813,11.624,2284.630794559038
10383,5,7556.170901968813,11.609,2633.2877784817215
10384,5,7557.170901968813,11.593,2805.463668279689
10385,5,7558.170901968813,11.579,2451.9311059657844
10386,5,7559.170901968813,11.563,2798.949328213799
10387,5,7560.170901968813,11.547,2795.4487927119912
10388,5,7561.170901968813,11.531,2791.947233210183
10389,5,7562.170901968813,11.516,2614.2802916652277
10390,5,7563.170901968813,11.5,2785.18306367543
10391,5,7564.170901968813,11.485,2607.937022726396
10392,5,7565.170901968813,11.47,2604.877470820202
10393,5,7566.170901968813,11.455,2601.8170189146244
10394,5,7567.170901968813,11.44,2598.7556670087383
10395,5,7568.170901968813,11.424,2768.6185520418417
10396,5,7569.170901968813,11.408,2765.1089605400334
10397,5,7570.170901968813,11.394,2416.610516693587
10398,5,7571.170901968813,11.378,2758.5712604741434
10399,5,7572.170901968813,11.363,2582.9810772251894
10400,5,7573.170901968813,11.348,2579.914265318998
10401,5,7574.170901968813,11.334,2405.1628215785854
10402,5,7575.170901968813,11.319,2574.0051966342858
10403,5,7576.170901968813,11.304,2570.9357147287046
10404,5,7577.170901968813,11.29,2396.780391027359
10405,5,7578.170901968813,11.276,2394.1260640334835
10406,5,7579.170901968813,11.261,2562.176619265164
10407,5,7580.170901968813,11.245,2729.589221115364
10408,5,7581.170901968813,11.23,2555.80224032603
10409,5,7582.170901968813,11.215,2552.727388420447
10410,5,7583.170901968813,11.199,2719.507081547666
10411,5,7584.170901968813,11.184,2546.3474594816157
10412,5,7585.170901968813,11.17,2373.824744796441
10413,5,7586.170901968813,11.155,2540.4189807969024
10414,5,7587.170901968813,11.141,2368.2898740240425
10415,5,7588.170901968813,11.126,2534.4870221121896
10416,5,7589.170901968813,11.11,2700.0448668188587
10417,5,7590.170901968813,11.095,2528.096173173059
10418,5,7591.170901968813,11.079,2693.225977284106
10419,5,7592.170901968813,11.063,2689.693569782298
10420,5,7593.170901968813,11.047,2686.1601382804897
10421,5,7594.170901968813,11.032,2515.075490168637
10422,5,7595.170901968813,11.019,2177.254476271069
10423,5,7596.170901968813,11.004,2509.357076610983
10424,5,7597.170901968813,10.987,2840.179550188245
10425,5,7598.170901968813,10.97,2836.161654406907
10426,5,7599.170901968813,10.954,2665.667565676231
10427,5,7600.170901968813,10.938,2662.1270621744225
10428,5,7601.170901968813,10.921,2824.6179106845225
10429,5,7602.170901968813,10.905,2654.7997137019433
10430,5,7603.170901968813,10.89,2485.666647125954
10431,5,7604.170901968813,10.874,2647.9548081671905
10432,5,7605.170901968813,10.857,2809.555470801837
10433,5,7606.170901968813,10.843,2310.7547200180175
10434,5,7607.170901968813,10.826,2802.276366670869
10435,5,7608.170901968813,10.811,2469.269907088582
10436,5,7609.170901968813,10.796,2466.1703351826955
10437,5,7610.170901968813,10.782,2298.9717481174553
10438,5,7611.170901968813,10.769,2132.368473408272
10439,5,7612.170901968813,10.756,2130.075722643407
10440,5,7613.170901968813,10.742,2291.3512727072507
10441,5,7614.170901968813,10.73,1961.8977312849668
10442,5,7615.170901968813,10.716,2286.409372290908
10443,5,7616.170901968813,10.703,2120.699939140494
10444,5,7617.170901968813,10.693,1629.7698861852125
10445,5,7618.170901968813,10.683,1628.4602120048187
10446,5,7619.170901968813,10.673,1627.150137824425
10447,5,7620.170901968813,10.663,1625.8396636440314
10448,5,7621.170901968813,10.652,1786.8978355302816
10449,5,7622.170901968813,10.64,1947.495154136425
10450,5,7623.170901968813,10.63,1621.4484508487321
10451,5,7624.170901968813,10.621,1458.1913025397087
10452,5,7625.170901968813,10.611,1618.976285905984
10453,5,7626.170901968813,10.6,1779.3458210184288
10454,5,7627.170901968813,10.59,1616.197514127157
10455,5,7628.170901968813,10.578,1937.6774598345835
10456,5,7629.170901968813,10.567,1774.5070059433124
10457,5,7630.170901968813,10.556,1772.8930995853223
10458,5,7631.170901968813,10.546,1610.3296837334246
10459,5,7632.170901968813,10.536,1609.0142695530308
10460,5,7633.170901968813,10.526,1607.6984553726372
10461,5,7634.170901968813,10.515,1766.9364894314606
10462,5,7635.170901968813,10.504,1765.3202290734694
10463,5,7636.170901968813,10.494,1603.4431659953773
10464,5,7637.170901968813,10.484,1602.1257118149836
10465,5,7638.170901968813,10.475,1440.7958154093337
10466,5,7639.170901968813,10.466,1439.7469007232148
10467,5,7640.170901968813,10.455,1758.2401698408623
10468,5,7641.170901968813,10.446,1437.373017198506
10469,5,7642.170901968813,10.436,1595.8381277490935
10470,5,7643.170901968813,10.424,1913.2385401809058
10471,5,7644.170901968813,10.411,2070.461909652747
10472,5,7645.170901968813,10.4,1750.1401680494805
10473,5,7646.170901968813,10.389,1748.5187156914867
10474,5,7647.170901968813,10.378,1746.896779332928
10475,5,7648.170901968813,10.368,1586.6895353224163
10476,5,7649.170901968813,10.356,1902.2570132688923
10477,5,7650.170901968813,10.344,1900.3024520491251
10478,5,7651.170901968813,10.331,2056.443459176652
10479,5,7652.170901968813,10.32,1738.2747942620163
10480,5,7653.170901968813,10.309,1736.6498879040205
10481,5,7654.170901968813,10.299,1577.3715394776993
10482,5,7655.170901968813,10.287,1891.0721782549517
10483,5,7656.170901968813,10.273,2203.75223242288
10484,5,7657.170901968813,10.261,1886.7881676124027
10485,5,7658.170901968813,10.247,2198.752764005967
10486,5,7659.170901968813,10.235,1882.501660969574
10487,5,7660.170901968813,10.223,1880.5413157495286
10488,5,7661.170901968813,10.213,1565.6368855265914
10489,5,7662.170901968813,10.201,1876.9866815132896
10490,5,7663.170901968813,10.189,1875.0246562938003
10491,5,7664.170901968813,10.178,1717.0578563642673
10492,5,7665.170901968813,10.166,1871.2828419559135
10493,5,7666.170901968813,10.155,1713.626847888148
10494,5,7667.170901968813,10.142,2023.0673813643775
10495,5,7668.170901968813,10.131,1710.025115651632
10496,5,7669.170901968813,10.12,1708.3921792936314
10497,5,7670.170901968813,10.109,1706.7587589350792
10498,5,7671.170901968813,10.099,1550.1902158698247
10499,5,7672.170901968813,10.086,2013.216005531111
10500,5,7673.170901968813,10.073,2010.8848787662457
10501,5,7674.170901968813,10.061,1854.1410832829513
10502,5,7675.170901968813,10.048,2006.420151679966
10503,5,7676.170901968813,10.035,2004.0870229151005
10504,5,7677.170901968813,10.023,1847.8643274203555
10505,5,7678.170901968813,10.008,2307.0216200601467
10506,5,7679.170901968813,9.994,2150.382869336422
10507,5,7680.170901968813,9.979,2300.9408013754337
10508,5,7681.170901968813,9.965,2144.705814564024
10509,5,7682.170901968813,9.951,2141.9736195704522
10510,5,7683.170901968813,9.938,1986.5376189003355
10511,5,7684.170901968813,9.925,1984.19892613547
10512,5,7685.170901968813,9.916,1372.333282793721
10513,5,7686.170901968813,9.906,1523.5527961882258
10514,5,7687.170901968813,9.898,1217.8938603408594
10515,5,7688.170901968813,9.89,1217.0682064651369
10516,5,7689.170901968813,9.881,1368.2033811254805
10517,5,7690.170901968813,9.872,1367.1355124393615
10518,5,7691.170901968813,9.863,1366.0673197532426
10519,5,7692.170901968813,9.852,1668.1626426553503
10520,5,7693.170901968813,9.844,1212.1975526815577
10521,5,7694.170901968813,9.838,908.6200301553355
10522,5,7695.170901968813,9.831,1059.4942152957226
10523,5,7696.170901968813,9.822,1361.2756206275892
10524,5,7697.170901968813,9.813,1360.205555941202
10525,5,7698.170901968813,9.803,1510.0732041301703
10526,5,7699.170901968813,9.793,1508.7295299500445
10527,5,7700.170901968813,9.784,1356.7162117303747
10528,5,7701.170901968813,9.775,1355.6448150445235
10529,5,7702.170901968813,9.765,1505.0041942446742
10530,5,7703.170901968813,9.756,1353.36239259605
10531,5,7704.170901968813,9.747,1352.290005909931
10532,5,7705.170901968813,9.736,1651.3182915135271
10533,5,7706.170901968813,9.727,1349.8668383852223
10534,5,7707.170901968813,9.719,1198.9891628776186
10535,5,7708.170901968813,9.71,1347.8584720889537
10536,5,7709.170901968813,9.704,897.9950633449694
10537,5,7710.170901968813,9.697,1047.0951796838954
10538,5,7711.170901968813,9.69,1046.4752919352368
10539,5,7712.170901968813,9.686,597.724093586125
10540,5,7713.170901968813,9.68,896.2396061252022
10541,5,7714.170901968813,9.676,597.2619679139676
10542,5,7715.170901968813,9.67,895.5461776169659
10543,5,7716.170901968813,9.665,745.9608219479516
10544,5,7717.170901968813,9.662,447.44928606680577
10545,6,7718.170901968813,9.597,9661.87647106632
10556,6,7729.170901968813,9.59,1038.0972146724807
10557,6,7730.170901968813,9.581,1333.7559572548475
10558,6,7731.170901968813,9.573,1184.6627796503547
10559,6,7732.170901968813,9.563,1479.6282238007207
10560,6,7733.170901968813,9.553,1478.272949620327
10561,6,7734.170901968813,9.543,1476.9172754401955
10562,6,7735.170901968813,9.534,1328.0746976715197
10563,6,7736.170901968813,9.527,1032.2140749372065
10564,6,7737.170901968813,9.519,1178.8972559910542
10565,6,7738.170901968813,9.51,1325.246886842131
10566,6,7739.170901968813,9.502,1177.096937505719
10567,6,7740.170901968813,9.493,1323.2209165461286
10568,6,7741.170901968813,9.484,1322.1378018600096
10569,6,7742.170901968813,9.475,1321.0543631738906
10570,6,7743.170901968813,9.467,1173.369145800617
10571,6,7744.170901968813,9.456,1611.9724057576623
10572,6,7745.170901968813,9.447,1317.6626900392982
10573,6,7746.170901968813,9.437,1462.7869131277594
10574,6,7747.170901968813,9.425,1753.5256506350358
10575,6,7748.170901968813,9.414,1605.6457078442425
10576,6,7749.170901968813,9.403,1603.977637485707
10577,6,7750.170901968813,9.392,1602.3090831276893
10578,6,7751.170901968813,9.382,1455.2048251355939
10579,6,7752.170901968813,9.374,1163.1977394984883
10580,6,7753.170901968813,9.366,1162.3553816232945
10581,6,7754.170901968813,9.358,1161.5127677475846
10582,6,7755.170901968813,9.352,870.595485455052
10583,6,7756.170901968813,9.344,1160.0749694658014
10584,6,7757.170901968813,9.335,1304.0657575006712
10585,6,7758.170901968813,9.327,1158.2638829804657
10586,6,7759.170901968813,9.321,868.1581138795194
10587,6,7760.170901968813,9.314,1012.2754933072746
10588,6,7761.170901968813,9.308,867.1711472188123
10589,6,7762.170901968813,9.3,1155.5078091505582
10590,6,7763.170901968813,9.291,1298.9259921465691
10591,6,7764.170901968813,9.282,1297.83551546045
10592,6,7765.170901968813,9.274,1152.7240900555953
10593,6,7766.170901968813,9.267,1007.9480228537792
10594,6,7767.170901968813,9.261,863.4608548301017
10595,6,7768.170901968813,9.256,719.2161029586395
10596,6,7769.170901968813,9.249,1006.3795527864833
10597,6,7770.170901968813,9.242,1005.7476110380904
10598,6,7771.170901968813,9.235,1005.1154732899524
10599,6,7772.170901968813,9.228,1004.4831395413045
10600,6,7773.170901968813,9.222,860.4900188479802
10601,6,7774.170901968813,9.215,1003.3267224371461
10602,6,7775.170901968813,9.209,859.4984921872731
10603,6,7776.170901968813,9.201,1145.2744504418406
10604,6,7777.170901968813,9.193,1144.426252566643
10605,6,7778.170901968813,9.186,1000.685021050947
10606,6,7779.170901968813,9.179,1000.0513153025541
10607,6,7780.170901968813,9.172,999.4174135541613
10608,6,7781.170901968813,9.166,856.146672001857
10609,6,7782.170901968813,9.159,998.257972450003
10610,6,7783.170901968813,9.151,1140.0788737205194
10611,6,7784.170901968813,9.143,1139.2289798448144
10612,6,7785.170901968813,9.135,1138.3788299696153
10613,6,7786.170901968813,9.126,1279.649401567721
10614,6,7787.170901968813,9.116,1420.5357159371206
10615,6,7788.170901968813,9.106,1419.160501756727
10616,6,7789.170901968813,9.095,1559.4776954539693
10617,6,7790.170901968813,9.084,1557.7926850959445
10618,6,7791.170901968813,9.073,1556.1071907374167
10619,6,7792.170901968813,9.061,1695.6387256356938
10620,6,7793.170901968813,9.05,1552.5633002610207
10621,6,7794.170901968813,9.037,1832.651198350815
10622,6,7795.170901968813,9.025,1689.5565219763926
10623,6,7796.170901968813,9.011,1968.564337430891
10624,6,7797.170901968813,8.999,1685.1245753333144
10625,6,7798.170901968813,8.987,1683.0948221137967
10626,6,7799.170901968813,8.975,1681.0644928940296
10627,6,7800.170901968813,8.964,1539.1999239144966
10628,6,7801.170901968813,8.955,1258.1026325314601
10629,6,7802.170901968813,8.947,1117.3957078964906
10630,6,7803.170901968813,8.939,1116.5401180207905
10631,6,7804.170901968813,8.933,836.8568541599515
10632,6,7805.170901968813,8.925,1115.0779357387498
10633,6,7806.170901968813,8.918,974.9985518270087
10634,6,7807.170901968813,8.911,974.3583500783683
10635,6,7808.170901968813,8.904,973.7179523299753
10636,6,7809.170901968813,8.897,973.0773585815825
10637,6,7810.170901968813,8.892,694.6756508757247
10638,6,7811.170901968813,8.886,833.2019777712409
10639,6,7812.170901968813,8.88,832.7461694660526
10640,6,7813.170901968813,8.877,416.21542711879647
10641,6,7814.170901968813,8.875,277.4343237035934
10642,6,7815.170901968813,8.872,416.08751399173735
10643,6,7816.170901968813,8.869,416.0000639155019
10644,6,7817.170901968813,8.862,970.2438008396178
10645,6,7818.170901968813,8.853,1246.4900777554449
10646,6,7819.170901968813,8.843,1383.6804828123718
10647,6,7820.170901968813,8.834,1244.1344493069714
10648,6,7821.170901968813,8.825,1243.0265126208526
10649,6,7822.170901968813,8.818,966.0459285640053
10650,6,7823.170901968813,8.81,1103.2548532791284
10651,6,7824.170901968813,8.802,1102.3943834039212
10652,6,7825.170901968813,8.796,826.2441451971143
10653,6,7826.170901968813,8.791,688.1943382644906
10654,6,7827.170901968813,8.788,412.78151185714495
10947,6,8120.170901968813,8.785,428.0872897809101
10948,6,8121.170901968813,8.776,1283.5429398853175
10949,6,8122.170901968813,8.768,1139.9629304330015
10950,6,8123.170901968813,8.76,1139.0635165578024
10951,6,8124.170901968813,8.752,1138.1638466820975
10952,6,8125.170901968813,8.743,1279.348784369548
10953,6,8126.170901968813,8.733,1420.1296268280396
10954,6,8127.170901968813,8.724,1276.8842019210747
10955,6,8128.170901968813,8.711,1842.2905757857272
10956,6,8129.170901968813,8.701,1415.4512374507797
10957,6,8130.170901968813,8.69,1555.3098237176787
10958,6,8131.170901968813,8.68,1412.3843856719527
10959,6,8132.170901968813,8.668,1692.9228096883237
10960,6,8133.170901968813,8.658,1409.1531904750864
10961,6,8134.170901968813,8.647,1548.3801020441654
10962,6,8135.170901968813,8.635,1687.1042823339644
10963,6,8136.170901968813,8.624,1544.6439095677695
10964,6,8137.170901968813,8.612,1683.0273319960775
10965,6,8138.170901968813,8.6,1680.8903707763102
10966,6,8139.170901968813,8.588,1678.752833556543
10967,6,8140.170901968813,8.575,1816.2267914763656
10968,6,8141.170901968813,8.563,1674.2806430151138
10969,6,8142.170901968813,8.551,1672.1413537955948
10970,6,8143.170901968813,8.539,1670.0014885758276
10971,6,8144.170901968813,8.527,1667.8610473560602
10972,6,8145.170901968813,8.515,1665.7200301360467
10973,6,8146.170901968813,8.502,1802.1040731044293
10974,6,8147.170901968813,8.49,1661.240735595112
10975,6,8148.170901968813,8.478,1659.0979663753446
10976,6,8149.170901968813,8.466,1656.9546211555776
10977,6,8150.170901968813,8.454,1654.8106999355655
10978,6,8151.170901968813,8.443,1515.0336820363764
10979,6,8152.170901968813,8.432,1513.2467236778555
10980,6,8153.170901968813,8.421,1511.459281319823
10981,6,8154.170901968813,8.408,1783.9450474200173
10982,6,8155.170901968813,8.398,1370.5580217848494
10983,6,8156.170901968813,8.387,1505.914614484907
10984,6,8157.170901968813,8.376,1504.1252141268733
10985,6,8158.170901968813,8.365,1502.335329768354
10986,6,8159.170901968813,8.354,1500.54496141032
10987,6,8160.170901968813,8.344,1362.5853372107233
10988,6,8161.170901968813,8.333,1497.1423184533685
10989,6,8162.170901968813,8.322,1495.3505200953336
10990,6,8163.170901968813,8.309,1764.9020385183496
10991,6,8164.170901968813,8.295,1897.8105111879738
10992,6,8165.170901968813,8.283,1624.3464385541292
10993,6,8166.170901968813,8.269,1892.3304507713408
10994,6,8167.170901968813,8.256,1754.5124890154368
10995,6,8168.170901968813,8.244,1617.2978385898864
10996,6,8169.170901968813,8.232,1615.1431173701192
10997,6,8170.170901968813,8.22,1612.9878201501133
10998,6,8171.170901968813,8.208,1610.831946930585
10999,6,8172.170901968813,8.195,1742.6255509649145
11000,6,8173.170901968813,8.182,1740.076258200049
11001,6,8174.170901968813,8.168,1871.0677194608113
11002,6,8175.170901968813,8.156,1601.4178776446904
11003,6,8176.170901968813,8.142,1865.5732670441776
11004,6,8177.170901968813,8.128,1862.5959880503692
11005,6,8178.170901968813,8.114,1859.6179250567977
11006,6,8179.170901968813,8.101,1724.128330280503
11007,6,8180.170901968813,8.087,1853.8884918551448
11008,6,8181.170901968813,8.073,1850.908104861338
11009,6,8182.170901968813,8.059,1847.9269338680008
11010,6,8183.170901968813,8.046,1713.2695758906873
11011,6,8184.170901968813,8.034,1579.2176172437282
11012,6,8185.170901968813,8.02,1839.6662712430502
11013,6,8186.170901968813,8.006,1836.682048249245
11014,6,8187.170901968813,7.994,1571.9368131780718
11015,6,8188.170901968813,7.98,1831.169787832612
11016,6,8189.170901968813,7.966,1828.1832688391564
11017,6,8190.170901968813,7.951,1955.444253699638
11018,6,8191.170901968813,7.935,2081.999055178827
11019,6,8192.170901968813,7.921,1818.5308655025601
11020,6,8193.170901968813,7.907,1815.5411265091036
11021,6,8194.170901968813,7.894,1683.189227486107
11022,6,8195.170901968813,7.881,1680.6246727212415
11023,6,8196.170901968813,7.869,1549.0763004721643
11024,6,8197.170901968813,7.856,1675.7066616349618
11025,6,8198.170901968813,7.842,1801.72841546752
11026,6,8199.170901968813,7.83,1541.9688765078072
11027,6,8200.170901968813,7.815,1924.3751064194903
11028,6,8201.170901968813,7.801,1792.97278727206
11029,6,8202.170901968813,7.788,1662.227348480281
11030,6,8203.170901968813,7.774,1787.2084380701713
11031,6,8204.170901968813,7.761,1656.8733345070991
11032,6,8205.170901968813,7.749,1527.1464082744933
11033,6,8206.170901968813,7.736,1651.9432334208193
11034,6,8207.170901968813,7.723,1649.370514655954
11035,6,8208.170901968813,7.709,1773.3589070285877
11036,6,8209.170901968813,7.696,1644.0096106827718
11037,6,8210.170901968813,7.683,1641.4348379179064
11038,6,8211.170901968813,7.67,1638.8593891530409
11039,6,8212.170901968813,7.657,1636.2832643881754
11040,6,8213.170901968813,7.645,1508.1352937031784
11041,6,8214.170901968813,7.632,1631.3425553018958
11042,6,8215.170901968813,7.619,1628.7644285370302
11043,6,8216.170901968813,7.606,1626.185625772165
11044,6,8217.170901968813,7.592,1748.3838871537375
11045,6,8218.170901968813,7.579,1620.8123197989828
11046,6,8219.170901968813,7.566,1618.2314630341173
11047,6,8220.170901968813,7.553,1615.6499302692519
11048,6,8221.170901968813,7.54,1613.0677215043866
11049,6,8222.170901968813,7.526,1734.253175326899
11050,6,8223.170901968813,7.511,1854.777312793536
11051,6,8224.170901968813,7.497,1727.9969965545001
11052,6,8225.170901968813,7.484,1601.87670867112
11053,6,8226.170901968813,7.469,1845.0890024570556
11054,6,8227.170901968813,7.455,1718.9521795737849
11055,6,8228.170901968813,7.441,1715.935672580213
11056,6,8229.170901968813,7.427,1712.918381586641
11057,6,8230.170901968813,7.412,1831.912590214689
11058,6,8231.170901968813,7.399,1584.854338977769
11059,6,8232.170901968813,7.385,1703.8618046059255
11060,6,8233.170901968813,7.371,1700.8413776122459
11061,6,8234.170901968813,7.358,1576.654341796378
11062,6,8235.170901968813,7.344,1695.0287564103578
11063,6,8236.170901968813,7.33,1692.0060054168935
11064,6,8237.170901968813,7.316,1688.9824704233217
11065,6,8238.170901968813,7.302,1685.9581514297497
11066,6,8239.170901968813,7.288,1682.9330484360712
11067,6,8240.170901968813,7.275,1560.020914989822
11068,6,8241.170901968813,7.26,1796.7812859018186
11069,6,8242.170901968813,7.246,1673.8530354553563
11070,6,8243.170901968813,7.231,1790.0457772171055
11071,6,8244.170901968813,7.216,1786.5530553111137
11072,6,8245.170901968813,7.201,1783.0594334053333
11073,6,8246.170901968813,7.187,1661.0426971253044
11074,6,8247.170901968813,7.175,1421.350421928967
11075,6,8248.170901968813,7.162,1537.3023408798376
11076,6,8249.170901968813,7.149,1534.700502114972
11077,6,8250.170901968813,7.136,1532.0979873501067
11078,6,8251.170901968813,7.124,1411.940364744957
11079,6,8252.170901968813,7.113,1292.3477284445398
11080,6,8253.170901968813,7.1,1524.9301343859681
11081,6,8254.170901968813,7.087,1522.3249936209984
11082,6,8255.170901968813,7.074,1519.7191768561331
11083,6,8256.170901968813,7.059,1750.2669503628413
11084,6,8257.170901968813,7.045,1630.4279376191814
11085,6,8258.170901968813,7.031,1627.3881906256095
11086,6,8259.170901968813,7.017,1624.3476596319347
11087,6,8260.170901968813,7.003,1621.3063446384658
11088,6,8261.170901968813,6.99,1502.7813376062334
11089,6,8262.170901968813,6.977,1500.170632841368
11090,6,8263.170901968813,6.965,1382.4615445830427
11091,6,8264.170901968813,6.953,1380.2487673631736
11092,6,8265.170901968813,6.941,1378.0354141435084
11093,6,8266.170901968813,6.93,1261.2606223933174
11094,6,8267.170901968813,6.918,1373.8053918055198
11095,6,8268.170901968813,6.906,1371.5903345858544
11096,6,8269.170901968813,6.896,1141.3109678897113
11097,6,8270.170901968813,6.882,1595.249805622595
11098,6,8271.170901968813,6.867,1705.8049309675018
11099,6,8272.170901968813,6.851,1815.6422469313325
11100,6,8273.170901968813,6.835,1811.6258714295245
11101,6,8274.170901968813,6.819,1807.6084719277164
11102,6,8275.170901968813,6.806,1465.7396460112147
11103,6,8276.170901968813,6.794,1350.6710912013614
11104,6,8277.170901968813,6.782,1348.4504659814945
11105,6,8278.170901968813,6.77,1346.2292647618272
11106,6,8279.170901968813,6.757,1455.9004822821066
11107,6,8280.170901968813,6.745,1341.5864102205464
11108,6,8281.170901968813,6.733,1339.3634570008787
11109,6,8282.170901968813,6.721,1337.1399277810126
11110,6,8283.170901968813,6.71,1223.763952227788
11111,6,8284.170901968813,6.699,1221.9069238695115
11112,6,8285.170901968813,6.69,998.3713788580833
11113,6,8286.170901968813,6.679,1218.5560066726453
11114,6,8287.170901968813,6.67,995.628999333473
11115,6,8288.170901968813,6.66,1104.8131812324193
11116,6,8289.170901968813,6.649,1213.5263308773456
11117,6,8290.170901968813,6.638,1211.666508519069
11118,6,8291.170901968813,6.627,1209.8062021607927
11119,6,8292.170901968813,6.615,1317.6591250064048
11120,6,8293.170901968813,6.602,1424.9409175471726
11121,6,8294.170901968813,6.589,1422.3093087823072
11122,6,8295.170901968813,6.576,1419.6770240175388
11123,6,8296.170901968813,6.562,1525.9313063408565
11124,6,8297.170901968813,6.547,1631.5142003086994
11125,6,8298.170901968813,6.531,1736.3756648951717
11126,6,8299.170901968813,6.518,1407.8464542972727
11127,6,8300.170901968813,6.504,1513.1875567961556
11128,6,8301.170901968813,6.491,1402.3583063240906
11129,6,8302.170901968813,6.478,1399.7211075592252
11130,6,8303.170901968813,6.466,1289.7149298609652
11131,6,8304.170901968813,6.454,1287.4786566412936
11132,6,8305.170901968813,6.439,1606.1785265862243
11133,6,8306.170901968813,6.424,1602.6341446803385
11134,6,8307.170901968813,6.409,1599.0888627745474
11135,6,8308.170901968813,6.395,1489.2894832033464
11136,6,8309.170901968813,6.383,1274.0950294242439
11137,6,8310.170901968813,6.369,1483.598190786713
11138,6,8311.170901968813,6.356,1374.8754464581805
11139,6,8312.170901968813,6.341,1583.0945091344365
11140,6,8313.170901968813,6.327,1474.3574858059976
11141,6,8314.170901968813,6.314,1366.2926468332305
11142,6,8315.170901968813,6.3,1468.425920604109
11143,6,8316.170901968813,6.286,1465.3425776105373
11144,6,8317.170901968813,6.272,1462.2584506168728
11145,6,8318.170901968813,6.257,1563.2754484615682
11146,6,8319.170901968813,6.242,1559.7197565555896
11147,6,8320.170901968813,6.226,1659.7742528919562
11148,6,8321.170901968813,6.21,1655.713301390148
11149,6,8322.170901968813,6.194,1651.6513258883401
11150,6,8323.170901968813,6.18,1441.8728343734933
11151,6,8324.170901968813,6.166,1438.7829953798305
11152,6,8325.170901968813,6.152,1435.69237238635
11153,6,8326.170901968813,6.138,1432.600965392778
11154,6,8327.170901968813,6.124,1429.5087743992062
11155,6,8328.170901968813,6.107,1731.6515911336144
11156,6,8329.170901968813,6.091,1625.587626595451
11157,6,8330.170901968813,6.078,1317.8080461787504
11158,6,8331.170901968813,6.063,1517.231188812108
11159,6,8332.170901968813,6.048,1513.6638269061323
11160,6,8333.170901968813,6.034,1409.5391917262443
11161,6,8334.170901968813,6.02,1406.4413447326726
11162,6,8335.170901968813,6.005,1503.4564514425927
11163,6,8336.170901968813,5.991,1400.0098859602738
11164,6,8337.170901968813,5.976,1496.5638627578799
11165,6,8338.170901968813,5.962,1393.575179187875
11166,6,8339.170901968813,5.946,1588.8455536103154
11167,6,8340.170901968813,5.932,1386.9036996301331
11168,6,8341.170901968813,5.918,1383.8002526366492
11169,6,8342.170901968813,5.907,1085.1078800736054
11170,6,8343.170901968813,5.894,1279.9508775837319
11171,6,8344.170901968813,5.881,1277.2839608188663
11172,6,8345.170901968813,5.869,1176.6690971776472
11173,6,8346.170901968813,5.855,1369.9071071654892
11174,6,8347.170901968813,5.841,1366.7991521720044
11175,6,8348.170901968813,5.827,1363.6904131784324
11176,6,8349.170901968813,5.815,1166.412571688609
11177,6,8350.170901968813,5.801,1357.9381927617992
11178,6,8351.170901968813,5.787,1354.8271577682272
11179,6,8352.170901968813,5.776,1062.337673534131
11180,6,8353.170901968813,5.763,1253.0341074916262
11181,6,8354.170901968813,5.751,1154.2790851831853
11182,6,8355.170901968813,5.737,1343.7788465054707
11183,6,8356.170901968813,5.724,1245.01097119703
11184,6,8357.170901968813,5.709,1433.2130238331958
11185,6,8358.170901968813,5.694,1429.623341927225
11186,6,8359.170901968813,5.678,1520.967863955031
11187,6,8360.170901968813,5.665,1232.78244103341
11188,6,8361.170901968813,5.65,1419.0997313366265
11189,6,8362.170901968813,5.634,1509.7397833250589
11190,6,8363.170901968813,5.619,1411.6614323978793
11191,6,8364.170901968813,5.604,1408.0663504919098
11192,6,8365.170901968813,5.589,1404.470368586024
11193,6,8366.170901968813,5.573,1494.1311937244157
11194,6,8367.170901968813,5.558,1397.0246896472759
11195,6,8368.170901968813,5.542,1486.1871521896626
11196,6,8369.170901968813,5.528,1297.0541063871483
11197,6,8370.170901968813,5.514,1293.9279793934945
11198,6,8371.170901968813,5.5,1290.8010684000049
11199,6,8372.170901968813,5.485,1379.5244603718818
11200,6,8373.170901968813,5.47,1375.9213084660773
11201,6,8374.170901968813,5.456,1280.9466778486978
11202,6,8375.170901968813,5.441,1368.9635597813642
11203,6,8376.170901968813,5.425,1456.2475683326913
11204,6,8377.170901968813,5.41,1361.4997008424523
11205,6,8378.170901968813,5.395,1357.892048936647
11206,6,8379.170901968813,5.381,1264.115238954564
11207,6,8380.170901968813,5.366,1350.9254502519336
11208,6,8381.170901968813,5.353,1167.8910216766392
11209,6,8382.170901968813,5.338,1344.2068366942
11210,6,8383.170901968813,5.324,1251.3391541951019
11211,6,8384.170901968813,5.308,1426.24808047572
11212,6,8385.170901968813,5.293,1333.3679509765425
11213,6,8386.170901968813,5.278,1329.7531890707353
11214,6,8387.170901968813,5.263,1326.1375271647705
11215,6,8388.170901968813,5.249,1234.470335300967
11216,6,8389.170901968813,5.233,1406.9646303109948
11217,6,8390.170901968813,5.217,1402.8365748091867
11218,6,8391.170901968813,5.203,1224.1040111791533
11219,6,8392.170901968813,5.188,1308.0457176354187
11220,6,8393.170901968813,5.174,1217.580516406755
11221,6,8394.170901968813,5.16,1214.4350694132604
11222,6,8395.170901968813,5.145,1297.6835421718783
11223,6,8396.170901968813,5.131,1207.9067306407849
11224,6,8397.170901968813,5.118,1118.8138594656102
11225,6,8398.170901968813,5.105,1116.1085147007448
11226,6,8399.170901968813,5.092,1113.4024939359554
11227,6,8400.170901968813,5.081,940.0043244429505
11228,6,8401.170901968813,5.067,1193.5711523845332
11229,6,8402.170901968813,5.055,1020.5612864367786
11230,6,8403.170901968813,5.041,1187.7377879678245
11231,6,8404.170901968813,5.028,1100.0807585550785
11232,6,8405.170901968813,5.015,1097.3707077901379
11233,6,8406.170901968813,5.001,1178.74690855762
11234,6,8407.170901968813,4.987,1175.5915215641228
11235,6,8408.170901968813,4.973,1172.435350570551
11236,6,8409.170901968813,4.959,1169.2783955769792
11237,6,8410.170901968813,4.943,1332.440196340724
11238,6,8411.170901968813,4.928,1245.4000195999856
11239,6,8412.170901968813,4.913,1241.7626076940999
11240,6,8413.170901968813,4.898,1238.1242957882873
11241,6,8414.170901968813,4.884,1152.3038766827713
11242,6,8415.170901968813,4.87,1149.1420776892726
11243,6,8416.170901968813,4.858,982.4701264122685
11244,6,8417.170901968813,4.845,1061.733520403436
11245,6,8418.170901968813,4.833,977.6526958710148
11246,6,8419.170901968813,4.819,1137.665725641261
11247,6,8420.170901968813,4.805,1134.500146647689
11248,6,8421.170901968813,4.792,1050.633702900523
11249,6,8422.170901968813,4.777,1208.8763004140678
11250,6,8423.170901968813,4.763,1124.9987056669736
11251,6,8424.170901968813,4.751,961.7707435359407
11252,6,8425.170901968813,4.738,1039.303806954159
11253,6,8426.170901968813,4.725,1036.5791181893644
11254,6,8427.170901968813,4.712,1033.853753424428
11255,6,8428.170901968813,4.7,951.9113343519313
11256,6,8429.170901968813,4.689,870.5563415844466
11257,6,8430.170901968813,4.677,947.4837680141147
11258,6,8431.170901968813,4.665,945.1679827942777
11259,6,8432.170901968813,4.653,942.8516215745805
11260,6,8433.170901968813,4.641,940.5346843547438
11261,6,8434.170901968813,4.629,938.2171711350463
11262,6,8435.170901968813,4.616,1013.781014853114
11263,6,8436.170901968813,4.606,777.9836805795474
11264,6,8437.170901968813,4.597,698.8255542973284
11265,6,8438.170901968813,4.586,852.3649573205852
11266,6,8439.170901968813,4.578,618.6924971651382
11267,6,8440.170901968813,4.569,694.8201891628049
11268,6,8441.170901968813,4.561,616.5431226798027
11269,6,8442.170901968813,4.555,461.7529796541037
11270,6,8443.170901968813,4.551,307.5340569332782
11271,6,8444.170901968813,4.547,307.30026746448345
11272,6,8445.170901968813,4.543,307.06641399555224
11273,6,8446.170901968813,4.539,306.8324965267574
11274,6,8447.170901968813,4.534,383.20590796780704
11275,6,8448.170901968813,4.526,612.3234269747
11276,6,8449.170901968813,4.518,611.3144130992481
11277,6,8450.170901968813,4.509,686.5172345886106
11278,6,8451.170901968813,4.498,837.3166594543734
11279,6,8452.170901968813,4.487,835.3703110960969
11280,6,8453.170901968813,4.478,682.0440942253796
11281,6,8454.170901968813,4.469,680.7552035391934
11282,6,8455.170901968813,4.461,604.0374092366526
11283,6,8456.170901968813,4.454,527.7073451374062
11284,6,8457.170901968813,4.451,225.9333206461054
11285,6,8458.170901968813,4.449,150.5554420550283
11310,6,8483.170901968813,4.447,150.9325766878125
11311,6,8484.170901968813,4.441,452.44386586021
11312,6,8485.170901968813,4.433,602.3792526725705
11313,6,8486.170901968813,4.423,751.5352950783421
11314,6,8487.170901968813,4.411,899.708012975944
11315,6,8488.170901968813,4.401,747.9776198814758
11316,6,8489.170901968813,4.391,746.3679057010821
11317,6,8490.170901968813,4.387,298.1068807099623
11318,6,8491.170901968813,4.385,148.96910230412445
11343,6,8516.170901968813,4.38,373.2211897787753
11344,6,8517.170901968813,4.371,670.803863068121
11345,6,8518.170901968813,4.362,669.5026783820682
11346,6,8519.170901968813,4.352,742.3605523975466
11347,6,8520.170901968813,4.343,666.7459739335948
11348,6,8521.170901968813,4.333,739.2967874547985
11349,6,8522.170901968813,4.325,590.2796453539685
11350,6,8523.170901968813,4.318,515.6603627400565
11351,6,8524.170901968813,4.315,220.7675021900333
11352,6,8525.170901968813,4.313,147.11034908442298
11370,6,8543.170901968813,4.312,73.68484902944017
11371,6,8544.170901968813,4.303,662.472290884177
11372,6,8545.170901968813,4.297,440.93081854160744
11373,6,8546.170901968813,4.292,367.0153093850428
11374,6,8547.170901968813,4.287,366.6308958399444
11375,6,8548.170901968813,4.284,219.79911840233243
11376,6,8549.170901968813,4.28,292.86039841781144
11377,6,8550.170901968813,4.279,73.18091274997552
11378,6,8551.170901968813,4.278,73.17236940817156
11496,6,8669.170901968813,4.27,592.8325829602358
11497,6,8670.170901968813,4.259,813.4267638517554
11498,6,8671.170901968813,4.248,811.4221594935447
11499,6,8672.170901968813,4.234,1029.80295026701
11500,6,8673.170901968813,4.22,1026.521815273438
11501,6,8674.170901968813,4.207,950.2640964815781
11502,6,8675.170901968813,4.193,1020.2000980715495
11503,6,8676.170901968813,4.183,726.7160747488923
11504,6,8677.170901968813,4.172,797.4753917454525
11505,6,8678.170901968813,4.162,723.2387629700654
11506,6,8679.170901968813,4.151,793.6494247887429
11507,6,8680.170901968813,4.138,935.3491758834463
11508,6,8681.170901968813,4.124,1004.1336758889455
11509,6,8682.170901968813,4.11,1000.8459328953102
11510,6,8683.170901968813,4.095,1068.6812587598522
11511,6,8684.170901968813,4.081,994.0249381229119
11512,6,8685.170901968813,4.069,849.4097142125821
11513,6,8686.170901968813,4.054,1058.3664935503675
11514,6,8687.170901968813,4.04,984.3954579275146
11515,6,8688.170901968813,4.025,1051.0514748656549
11516,6,8689.170901968813,4.01,1047.262322959831
11517,6,8690.170901968813,3.995,1043.472271053883
11518,6,8691.170901968813,3.978,1178.0099952237483
11519,6,8692.170901968813,3.961,1173.121461442441
11520,6,8693.170901968813,3.945,1099.651346415448
11521,6,8694.170901968813,3.93,1026.9989377950442
11522,6,8695.170901968813,3.916,955.1123525558784
11523,6,8696.170901968813,3.902,951.8132975622763
11524,6,8697.170901968813,3.886,1083.737071752531
11525,6,8698.170901968813,3.871,1012.0756752985897
11526,6,8699.170901968813,3.855,1075.3567102177778
11527,6,8700.170901968813,3.839,1071.0258387159697
11528,6,8701.170901968813,3.823,1066.6939432141617
11529,6,8702.170901968813,3.807,1062.3610237123537
11530,6,8703.170901968813,3.792,992.0309352609233
11531,6,8704.170901968813,3.777,988.2280433550081
11532,6,8705.170901968813,3.762,984.4242514491515
11533,6,8706.170901968813,3.746,1045.8548981117106
11534,6,8707.170901968813,3.728,1171.393115783655
11535,6,8708.170901968813,3.711,1101.2614167757047
11536,6,8709.170901968813,3.695,1032.0019151996974
11537,6,8710.170901968813,3.679,1027.6608036978894
11538,6,8711.170901968813,3.663,1023.3186681960813
11539,6,8712.170901968813,3.647,1018.9755086942732
11540,6,8713.170901968813,3.631,1014.6313251924652
11541,6,8714.170901968813,3.615,1010.2861176906292
11542,6,8715.170901968813,3.599,1005.9398861888493
11543,6,8716.170901968813,3.584,939.1238338326376
11544,6,8717.170901968813,3.567,1059.7203150396367
11545,6,8718.170901968813,3.552,930.9698797667475
11546,6,8719.170901968813,3.536,988.8237336504801
11547,6,8720.170901968813,3.52,984.472414148672
11548,6,8721.170901968813,3.505,918.9933837949714
11549,6,8722.170901968813,3.489,976.0458126139189
11550,6,8723.170901968813,3.472,1032.2738750262777
11551,6,8724.170901968813,3.456,967.0568961414399
11552,6,8725.170901968813,3.44,962.7004566396319
11553,6,8726.170901968813,3.424,958.3429931378238
11554,6,8727.170901968813,3.408,953.9845056360158
11555,6,8728.170901968813,3.392,949.6249941342077
11556,6,8729.170901968813,3.375,1004.1950913915846
11557,6,8730.170901968813,3.359,940.6235336617286
11558,6,8731.170901968813,3.343,936.2609181599206
11559,6,8732.170901968813,3.328,873.7846813055165
11560,6,8733.170901968813,3.312,927.8120766251675
11561,6,8734.170901968813,3.297,865.8620323666598
11562,6,8735.170901968813,3.281,919.3592670904145
11563,6,8736.170901968813,3.265,914.9915955886065
11564,6,8737.170901968813,3.248,967.3882994368836
11565,6,8738.170901968813,3.232,905.9735591161274
11566,6,8739.170901968813,3.215,957.8043916848995
11567,6,8740.170901968813,3.198,952.8621719035366
11568,6,8741.170901968813,3.182,892.2987256729772
11569,6,8742.170901968813,3.167,832.5606458490068
11570,6,8743.170901968813,3.152,828.7214539430963
11571,6,8744.170901968813,3.138,770.0116896273865
11572,6,8745.170901968813,3.124,766.6716426337905
11573,6,8746.170901968813,3.108,872.0981929771151
11574,6,8747.170901968813,3.092,867.7193534753071
11575,6,8748.170901968813,3.076,863.339489973499
11576,6,8749.170901968813,3.06,858.9586024716909
11577,6,8750.170901968813,3.045,801.2969003478007
11578,6,8751.170901968813,3.03,797.4504484419147
11579,6,8752.170901968813,3.016,740.8187538262371
11580,6,8753.170901968813,3.003,684.9093635663485
11581,6,8754.170901968813,2.988,786.6935681054339
11582,6,8755.170901968813,2.972,834.8930972117467
11583,6,8756.170901968813,2.957,778.7300591666028
11584,6,8757.170901968813,2.941,826.3967036769936
11585,6,8758.170901968813,2.926,770.762830227749
11586,6,8759.170901968813,2.912,715.904556159727
11587,6,8760.170901968813,2.898,712.5523011661326
11588,6,8761.170901968813,2.883,759.724934764232
11589,6,8762.170901968813,2.868,755.8686728583459
11590,6,8763.170901968813,2.854,702.0000946149072
11591,6,8764.170901968813,2.837,847.907242252772
11592,6,8765.170901968813,2.821,793.4933914134335
11593,6,8766.170901968813,2.805,789.0956399116254
11594,6,8767.170901968813,2.789,784.6968644098174
11595,6,8768.170901968813,2.773,780.2970649080094
11596,6,8769.170901968813,2.757,775.8962414062013
11597,6,8770.170901968813,2.742,723.4075468489036
11598,6,8771.170901968813,2.727,719.5430049430175
11599,6,8772.170901968813,2.712,715.6775630371104
11600,6,8773.170901968813,2.696,759.1249318055582
11601,6,8774.170901968813,2.68,754.7190843037502
11602,6,8775.170901968813,2.664,750.3122128019421
11603,6,8776.170901968813,2.647,792.3741422260745
11604,6,8777.170901968813,2.631,741.214528329463
11605,6,8778.170901968813,2.613,828.5891077786307
11606,6,8779.170901968813,2.598,686.223893552398
11607,6,8780.170901968813,2.582,727.7005643551759
11608,6,8781.170901968813,2.566,723.2874848533678
11609,6,8782.170901968813,2.55,718.8733813515597
11610,6,8783.170901968813,2.535,669.9363605476569
11611,6,8784.170901968813,2.518,754.5690646500385
11612,6,8785.170901968813,2.501,749.5771368686808
11613,6,8786.170901968813,2.484,744.5840530873429
11614,6,8787.170901968813,2.467,739.589813306005
11615,6,8788.170901968813,2.45,734.594417524667
11616,6,8789.170901968813,2.433,729.597865743348
11617,6,8790.170901968813,2.416,724.600157961991
11618,6,8791.170901968813,2.399,719.6012941806531
11619,6,8792.170901968813,2.384,630.7943013617577
11620,6,8793.170901968813,2.369,626.9091194558532
11621,6,8794.170901968813,2.354,623.0230375499858
11622,6,8795.170901968813,2.338,660.2710699526034
11623,6,8796.170901968813,2.322,655.8425024507953
11624,6,8797.170901968813,2.306,651.4129109489872
11625,6,8798.170901968813,2.288,727.5383482256148
11626,6,8799.170901968813,2.271,681.962142415285
11627,6,8800.170901968813,2.253,716.6155168891162
11628,6,8801.170901968813,2.235,710.993790144658
11629,6,8802.170901968813,2.218,666.3331394499373
11630,6,8803.170901968813,2.201,661.3206076685995
11631,6,8804.170901968813,2.183,694.7547342161722
11632,6,8805.170901968813,2.166,650.9927002952566
11633,6,8806.170901968813,2.149,645.9766665139186
11634,6,8807.170901968813,2.132,640.9594767325807
11635,6,8808.170901968813,2.113,710.4230240982994
11636,6,8809.170901968813,2.095,667.2418407987182
11637,6,8810.170901968813,2.076,698.1972338101313
11638,6,8811.170901968813,2.058,655.656849157312
11639,6,8812.170901968813,2.041,614.0585049618893
11640,6,8813.170901968813,2.023,644.7010778208153
11641,6,8814.170901968813,2.004,674.3986582223444
11642,6,8815.170901968813,1.985,668.1106178311151
11643,6,8816.170901968813,1.967,627.1471332824541
11644,6,8817.170901968813,1.947,690.2081382061193
11645,6,8818.170901968813,1.93,581.1968259778669
11646,6,8819.170901968813,1.913,576.1652541965212
11647,6,8820.170901968813,1.897,537.6776181840194
11648,6,8821.170901968813,1.88,566.3985624445197
11649,6,8822.170901968813,1.863,561.3635566631743
11650,6,8823.170901968813,1.845,588.893718681007
11651,6,8824.170901968813,1.826,615.4770962414198
11652,6,8825.170901968813,1.808,577.2720790395846
11653,6,8826.170901968813,1.789,603.2069979532587
11654,6,8827.170901968813,1.771,565.645111398162
11655,6,8828.170901968813,1.754,529.0281413004782
11656,6,8829.170901968813,1.736,554.6485160616813
11657,6,8830.170901968813,1.721,457.8885121215898
11658,6,8831.170901968813,1.707,423.8255539272877
11659,6,8832.170901968813,1.693,420.4113349337159
11660,6,8833.170901968813,1.679,416.9963319401441
11661,6,8834.170901968813,1.663,472.3807864700768
11662,6,8835.170901968813,1.647,467.9106509682688
11663,6,8836.170901968813,1.63,492.25424477778427
11664,6,8837.170901968813,1.613,487.2020689964399
11665,6,8838.170901968813,1.596,482.14873721510196
11666,6,8839.170901968813,1.583,365.2964158656686
11667,6,8840.170901968813,1.57,362.3497651007969
11668,6,8841.170901968813,1.559,304.30426127486794
11669,6,8842.170901968813,1.549,274.8146716331909
11670,6,8843.170901968813,1.537,327.48030484170937
11671,6,8844.170901968813,1.525,324.9702156219424
11672,6,8845.170901968813,1.509,429.37997626517443
11673,6,8846.170901968813,1.493,424.89928076336054
11674,6,8847.170901968813,1.476,446.54325693507525
11675,6,8848.170901968813,1.461,389.8061690862335
11676,6,8849.170901968813,1.445,411.4510502579423
11677,6,8850.170901968813,1.431,356.3432811968726
11678,6,8851.170901968813,1.415,403.04691819205226
11679,6,8852.170901968813,1.4,373.78291633563623
11680,6,8853.170901968813,1.385,369.84121442974475
11681,6,8854.170901968813,1.37,365.89861252385884
11682,6,8855.170901968813,1.355,361.9551106179783
11683,6,8856.170901968813,1.339,381.73639055846405
11684,6,8857.170901968813,1.322,400.6718400923609
11685,6,8858.170901968813,1.305,395.59705431102816
11686,6,8859.170901968813,1.288,390.52111252968507
11687,6,8860.170901968813,1.272,362.9126001446429
11688,6,8861.170901968813,1.256,358.41664064283486
11689,6,8862.170901968813,1.241,331.93261113323973
11690,6,8863.170901968813,1.226,327.98163922735864
11691,6,8864.170901968813,1.211,324.0297673214679
11692,6,8865.170901968813,1.197,298.8626414471729
11693,6,8866.170901968813,1.182,316.3893086367597
11694,6,8867.170901968813,1.167,312.4347667308691
11695,6,8868.170901968813,1.15,349.30838365765214
11696,6,8869.170901968813,1.134,324.1149814415486
11697,6,8870.170901968813,1.119,299.7674256320341
11698,6,8871.170901968813,1.102,334.94879974563463
11699,6,8872.170901968813,1.087,291.3177315661484
11700,6,8873.170901968813,1.071,306.37284490317944
11701,6,8874.170901968813,1.056,283.1304226273131
11702,6,8875.170901968813,1.039,316.0892116736216
11703,6,8876.170901968813,1.025,256.48583438329104
11704,6,8877.170901968813,1.009,288.8986498336733
11705,6,8878.170901968813,0.995,249.08596282563525
11706,6,8879.170901968813,0.98,263.0454379708263
11707,6,8880.170901968813,0.964,276.2088357348382
11708,6,8881.170901968813,0.948,271.6927802330302
11709,6,8882.170901968813,0.931,283.7231851215882
11710,6,8883.170901968813,0.914,278.6206553402521
11711,6,8884.170901968813,0.898,257.56988278988007
11712,6,8885.170901968813,0.882,253.04966728807204
11713,6,8886.170901968813,0.866,248.528427786264
11714,6,8887.170901968813,0.85,244.00616428445596
11715,6,8888.170901968813,0.835,224.64851954726194
11716,6,8889.170901968813,0.819,235.24301874970288
11717,6,8890.170901968813,0.804,216.43121060842935
11718,6,8891.170901968813,0.788,226.47590521494982
11719,6,8892.170901968813,0.775,180.68002055710448
11720,6,8893.170901968813,0.758,231.76492687620944
11721,6,8894.170901968813,0.742,213.46010164725172
11722,6,8895.170901968813,0.726,208.92977414544367
11723,6,8896.170901968813,0.711,191.75696379193792
11724,6,8897.170901968813,0.696,187.77479188605196
11725,6,8898.170901968813,0.681,183.79171998016463
11726,6,8899.170901968813,0.665,191.65254454480055
11727,6,8900.170901968813,0.651,163.97674869787357
11728,6,8901.170901968813,0.636,171.8371042625081
11729,6,8902.170901968813,0.62,178.89802644596543
11730,6,8903.170901968813,0.605,163.59576532367709
11731,6,8904.170901968813,0.589,170.10528091121236
11732,6,8905.170901968813,0.573,165.5649374094043
11733,6,8906.170901968813,0.556,170.93613812148647
11734,6,8907.170901968813,0.542,136.92103110506474
11735,6,8908.170901968813,0.527,142.84252041307005
11736,6,8909.170901968813,0.512,138.8494285071841
11737,6,8910.170901968813,0.496,143.70323630695316
11738,6,8911.170901968813,0.48,139.1568448051451
11739,6,8912.170901968813,0.464,134.6094293033366
11740,6,8913.170901968813,0.447,138.03827775879114
11741,6,8914.170901968813,0.433,109.82258551225588
11742,6,8915.170901968813,0.418,113.802156563632
11743,6,8916.170901968813,0.402,116.98016223383053
11744,6,8917.170901968813,0.387,105.534717624801
11745,6,8918.170901968813,0.372,101.53337571891502
11746,6,8919.170901968813,0.355,110.23203317743265
11747,6,8920.170901968813,0.338,105.08853339609433
11748,6,8921.170901968813,0.322,94.20756472479076
11749,6,8922.170901968813,0.305,95.10141964408567
11750,6,8923.170901968813,0.288,89.95448586274769
11751,6,8924.170901968813,0.271,84.80639608140943
11752,6,8925.170901968813,0.255,75.1142383109696
11753,6,8926.170901968813,0.24,66.2768189471185
11754,6,8927.170901968813,0.223,70.26576216939648
11755,6,8928.170901968813,0.207,61.42581580554549
11756,6,8929.170901968813,0.189,63.64713018923366
11757,6,8930.170901968813,0.172,54.80445882538265
11758,6,8931.170901968813,0.154,52.40811085275296
11759,6,8932.170901968813,0.137,44.18744945203969
11760,6,8933.170901968813,0.121,36.8761294833273
11761,6,8934.170901968813,0.104,34.17320370003071
11762,6,8935.170901968813,8.8e-2,27.448845010848192
11763,6,8936.170901968813,7.1e-2,24.154469948021703
11764,6,8937.170901968813,5.5e-2,18.01733653836912
11765,6,8938.170901968813,4.2e-2,11.271033507382672
11766,6,8939.170901968813,2.9e-2,8.250854742517216
11767,6,8940.170901968813,2.1e-2,3.5760683607875254
0,7,8940.271242283756,0.0,3.942659617847137
