fixIdx,legIdx,zoneIdx,tickLead,tickRace,time,lat,lng,alt,togo
1,1,1,-3901.689250108345,-7965.119066591989,,,,883.0,103.51
15,1,15,-3887.689250108345,-7951.119066591989,,,,884.0,103.509
16,1,16,-3886.689250108345,-7950.119066591989,,,,883.0,103.505
17,1,17,-3885.689250108345,-7949.119066591989,,,,882.0,103.5
18,1,18,-3884.689250108345,-7948.119066591989,,,,881.0,103.495
19,1,19,-3883.689250108345,-7947.119066591989,,,,881.0,103.49
20,1,20,-3882.689250108345,-7946.119066591989,,,,882.0,103.483
21,1,21,-3881.689250108345,-7945.119066591989,,,,882.0,103.477
22,1,22,-3880.689250108345,-7944.119066591989,,,,882.0,103.471
23,1,23,-3879.689250108345,-7943.119066591989,,,,882.0,103.464
24,1,24,-3878.689250108345,-7942.119066591989,,,,882.0,103.458
25,1,25,-3877.689250108345,-7941.119066591989,,,,881.0,103.452
26,1,26,-3876.689250108345,-7940.119066591989,,,,881.0,103.443
27,1,27,-3875.689250108345,-7939.119066591989,,,,881.0,103.436
28,1,28,-3874.689250108345,-7938.119066591989,,,,881.0,103.427
29,1,29,-3873.689250108345,-7937.119066591989,,,,881.0,103.417
30,1,30,-3872.689250108345,-7936.119066591989,,,,881.0,103.409
31,1,31,-3871.689250108345,-7935.119066591989,,,,881.0,103.401
32,1,32,-3870.689250108345,-7934.119066591989,,,,881.0,103.39
33,1,33,-3869.689250108345,-7933.119066591989,,,,881.0,103.38
34,1,34,-3868.689250108345,-7932.119066591989,,,,880.0,103.369
35,1,35,-3867.689250108345,-7931.119066591989,,,,880.0,103.359
36,1,36,-3866.689250108345,-7930.119066591989,,,,880.0,103.348
37,1,37,-3865.689250108345,-7929.119066591989,,,,880.0,103.339
38,1,38,-3864.689250108345,-7928.119066591989,,,,879.0,103.329
39,1,39,-3863.689250108345,-7927.119066591989,,,,879.0,103.318
40,1,40,-3862.689250108345,-7926.119066591989,,,,880.0,103.309
41,1,41,-3861.689250108345,-7925.119066591989,,,,880.0,103.299
42,1,42,-3860.689250108345,-7924.119066591989,,,,880.0,103.289
43,1,43,-3859.689250108345,-7923.119066591989,,,,879.0,103.278
44,1,44,-3858.689250108345,-7922.119066591989,,,,879.0,103.268
45,1,45,-3857.689250108345,-7921.119066591989,,,,880.0,103.257
46,1,46,-3856.689250108345,-7920.119066591989,,,,882.0,103.247
47,1,47,-3855.689250108345,-7919.119066591989,,,,886.0,103.238
48,1,48,-3854.689250108345,-7918.119066591989,,,,889.0,103.231
49,1,49,-3853.689250108345,-7917.119066591989,,,,891.0,103.226
50,1,50,-3852.689250108345,-7916.119066591989,,,,892.0,103.219
51,1,51,-3851.689250108345,-7915.119066591989,,,,892.0,103.212
52,1,52,-3850.689250108345,-7914.119066591989,,,,893.0,103.206
53,1,53,-3849.689250108345,-7913.119066591989,,,,894.0,103.205
65,1,65,-3837.689250108345,-7901.119066591989,,,,914.0,103.199
66,1,66,-3836.689250108345,-7900.119066591989,,,,915.0,103.189
67,1,67,-3835.689250108345,-7899.119066591989,,,,917.0,103.179
68,1,68,-3834.689250108345,-7898.119066591989,,,,918.0,103.172
69,1,69,-3833.689250108345,-7897.119066591989,,,,918.0,103.166
70,1,70,-3832.689250108345,-7896.119066591989,,,,920.0,103.165
71,1,71,-3831.689250108345,-7895.119066591989,,,,921.0,103.164
87,1,87,-3815.689250108345,-7879.119066591989,,,,949.0,103.162
88,1,88,-3814.689250108345,-7878.119066591989,,,,950.0,103.151
89,1,89,-3813.689250108345,-7877.119066591989,,,,953.0,103.141
90,1,90,-3812.689250108345,-7876.119066591989,,,,952.0,103.136
91,1,91,-3811.689250108345,-7875.119066591989,,,,954.0,103.132
111,1,111,-3791.689250108345,-7855.119066591989,,,,986.0,103.131
112,1,112,-3790.689250108345,-7854.119066591989,,,,988.0,103.124
113,1,113,-3789.689250108345,-7853.119066591989,,,,989.0,103.118
114,1,114,-3788.689250108345,-7852.119066591989,,,,990.0,103.115
137,1,137,-3765.689250108345,-7829.119066591989,,,,1025.0,103.111
138,1,138,-3764.689250108345,-7828.119066591989,,,,1028.0,103.105
139,1,139,-3763.689250108345,-7827.119066591989,,,,1028.0,103.102
154,1,154,-3748.689250108345,-7812.119066591989,,,,1051.0,103.097
155,1,155,-3747.689250108345,-7811.119066591989,,,,1054.0,103.086
156,1,156,-3746.689250108345,-7810.119066591989,,,,1057.0,103.077
157,1,157,-3745.689250108345,-7809.119066591989,,,,1059.0,103.071
158,1,158,-3744.689250108345,-7808.119066591989,,,,1060.0,103.069
159,1,159,-3743.689250108345,-7807.119066591989,,,,1060.0,103.068
209,1,209,-3693.689250108345,-7757.119066591989,,,,1150.0,103.06
210,1,210,-3692.689250108345,-7756.119066591989,,,,1153.0,103.052
211,1,211,-3691.689250108345,-7755.119066591989,,,,1156.0,103.049
212,1,212,-3690.689250108345,-7754.119066591989,,,,1158.0,103.047
230,1,230,-3672.689250108345,-7736.119066591989,,,,1186.0,103.038
231,1,231,-3671.689250108345,-7735.119066591989,,,,1187.0,103.028
232,1,232,-3670.689250108345,-7734.119066591989,,,,1188.0,103.019
233,1,233,-3669.689250108345,-7733.119066591989,,,,1188.0,103.01
234,1,234,-3668.689250108345,-7732.119066591989,,,,1188.0,103.002
235,1,235,-3667.689250108345,-7731.119066591989,,,,1189.0,102.996
236,1,236,-3666.689250108345,-7730.119066591989,,,,1189.0,102.992
237,1,237,-3665.689250108345,-7729.119066591989,,,,1190.0,102.991
268,1,268,-3634.689250108345,-7698.119066591989,,,,1207.0,102.989
269,1,269,-3633.689250108345,-7697.119066591989,,,,1206.0,102.986
321,1,321,-3581.689250108345,-7645.119066591989,,,,1215.0,102.981
322,1,322,-3580.689250108345,-7644.119066591989,,,,1215.0,102.975
323,1,323,-3579.689250108345,-7643.119066591989,,,,1214.0,102.97
324,1,324,-3578.689250108345,-7642.119066591989,,,,1214.0,102.963
325,1,325,-3577.689250108345,-7641.119066591989,,,,1212.0,102.955
326,1,326,-3576.689250108345,-7640.119066591989,,,,1211.0,102.946
327,1,327,-3575.689250108345,-7639.119066591989,,,,1212.0,102.937
328,1,328,-3574.689250108345,-7638.119066591989,,,,1213.0,102.928
329,1,329,-3573.689250108345,-7637.119066591989,,,,1214.0,102.92
330,1,330,-3572.689250108345,-7636.119066591989,,,,1215.0,102.915
331,1,331,-3571.689250108345,-7635.119066591989,,,,1215.0,102.908
332,1,332,-3570.689250108345,-7634.119066591989,,,,1213.0,102.9
333,1,333,-3569.689250108345,-7633.119066591989,,,,1212.0,102.891
334,1,334,-3568.689250108345,-7632.119066591989,,,,1210.0,102.882
335,1,335,-3567.689250108345,-7631.119066591989,,,,1210.0,102.874
336,1,336,-3566.689250108345,-7630.119066591989,,,,1210.0,102.865
337,1,337,-3565.689250108345,-7629.119066591989,,,,1209.0,102.858
338,1,338,-3564.689250108345,-7628.119066591989,,,,1209.0,102.85
339,1,339,-3563.689250108345,-7627.119066591989,,,,1208.0,102.842
340,1,340,-3562.689250108345,-7626.119066591989,,,,1207.0,102.834
341,1,341,-3561.689250108345,-7625.119066591989,,,,1205.0,102.824
342,1,342,-3560.689250108345,-7624.119066591989,,,,1204.0,102.816
343,1,343,-3559.689250108345,-7623.119066591989,,,,1204.0,102.808
344,1,344,-3558.689250108345,-7622.119066591989,,,,1203.0,102.8
345,1,345,-3557.689250108345,-7621.119066591989,,,,1202.0,102.791
346,1,346,-3556.689250108345,-7620.119066591989,,,,1200.0,102.782
347,1,347,-3555.689250108345,-7619.119066591989,,,,1199.0,102.775
348,1,348,-3554.689250108345,-7618.119066591989,,,,1198.0,102.765
349,1,349,-3553.689250108345,-7617.119066591989,,,,1197.0,102.757
350,1,350,-3552.689250108345,-7616.119066591989,,,,1195.0,102.749
351,1,351,-3551.689250108345,-7615.119066591989,,,,1193.0,102.742
352,1,352,-3550.689250108345,-7614.119066591989,,,,1191.0,102.734
353,1,353,-3549.689250108345,-7613.119066591989,,,,1189.0,102.725
354,1,354,-3548.689250108345,-7612.119066591989,,,,1187.0,102.716
355,1,355,-3547.689250108345,-7611.119066591989,,,,1184.0,102.709
356,1,356,-3546.689250108345,-7610.119066591989,,,,1182.0,102.7
357,1,357,-3545.689250108345,-7609.119066591989,,,,1180.0,102.691
358,1,358,-3544.689250108345,-7608.119066591989,,,,1178.0,102.683
359,1,359,-3543.689250108345,-7607.119066591989,,,,1175.0,102.674
360,1,360,-3542.689250108345,-7606.119066591989,,,,1174.0,102.665
361,1,361,-3541.689250108345,-7605.119066591989,,,,1172.0,102.656
362,1,362,-3540.689250108345,-7604.119066591989,,,,1170.0,102.645
363,1,363,-3539.689250108345,-7603.119066591989,,,,1168.0,102.634
364,1,364,-3538.689250108345,-7602.119066591989,,,,1167.0,102.625
365,1,365,-3537.689250108345,-7601.119066591989,,,,1166.0,102.615
366,1,366,-3536.689250108345,-7600.119066591989,,,,1166.0,102.606
367,1,367,-3535.689250108345,-7599.119066591989,,,,1166.0,102.6
368,1,368,-3534.689250108345,-7598.119066591989,,,,1167.0,102.594
369,1,369,-3533.689250108345,-7597.119066591989,,,,1167.0,102.588
370,1,370,-3532.689250108345,-7596.119066591989,,,,1166.0,102.583
371,1,371,-3531.689250108345,-7595.119066591989,,,,1164.0,102.576
372,1,372,-3530.689250108345,-7594.119066591989,,,,1162.0,102.566
373,1,373,-3529.689250108345,-7593.119066591989,,,,1161.0,102.556
374,1,374,-3528.689250108345,-7592.119066591989,,,,1161.0,102.546
375,1,375,-3527.689250108345,-7591.119066591989,,,,1162.0,102.535
376,1,376,-3526.689250108345,-7590.119066591989,,,,1163.0,102.527
377,1,377,-3525.689250108345,-7589.119066591989,,,,1165.0,102.517
378,1,378,-3524.689250108345,-7588.119066591989,,,,1166.0,102.507
379,1,379,-3523.689250108345,-7587.119066591989,,,,1168.0,102.5
380,1,380,-3522.689250108345,-7586.119066591989,,,,1169.0,102.491
381,1,381,-3521.689250108345,-7585.119066591989,,,,1169.0,102.482
382,1,382,-3520.689250108345,-7584.119066591989,,,,1171.0,102.475
383,1,383,-3519.689250108345,-7583.119066591989,,,,1173.0,102.466
384,1,384,-3518.689250108345,-7582.119066591989,,,,1175.0,102.459
385,1,385,-3517.689250108345,-7581.119066591989,,,,1178.0,102.452
386,1,386,-3516.689250108345,-7580.119066591989,,,,1180.0,102.444
387,1,387,-3515.689250108345,-7579.119066591989,,,,1181.0,102.435
388,1,388,-3514.689250108345,-7578.119066591989,,,,1183.0,102.427
389,1,389,-3513.689250108345,-7577.119066591989,,,,1185.0,102.417
390,1,390,-3512.689250108345,-7576.119066591989,,,,1186.0,102.411
391,1,391,-3511.689250108345,-7575.119066591989,,,,1188.0,102.405
392,1,392,-3510.689250108345,-7574.119066591989,,,,1189.0,102.402
503,1,503,-3399.689250108345,-7463.119066591989,,,,1307.0,102.395
504,1,504,-3398.689250108345,-7462.119066591989,,,,1305.0,102.387
505,1,505,-3397.689250108345,-7461.119066591989,,,,1304.0,102.38
506,1,506,-3396.689250108345,-7460.119066591989,,,,1304.0,102.375
507,1,507,-3395.689250108345,-7459.119066591989,,,,1305.0,102.37
508,1,508,-3394.689250108345,-7458.119066591989,,,,1305.0,102.366
509,1,509,-3393.689250108345,-7457.119066591989,,,,1304.0,102.362
510,1,510,-3392.689250108345,-7456.119066591989,,,,1301.0,102.355
511,1,511,-3391.689250108345,-7455.119066591989,,,,1299.0,102.347
512,1,512,-3390.689250108345,-7454.119066591989,,,,1297.0,102.342
513,1,513,-3389.689250108345,-7453.119066591989,,,,1297.0,102.336
514,1,514,-3388.689250108345,-7452.119066591989,,,,1296.0,102.329
515,1,515,-3387.689250108345,-7451.119066591989,,,,1296.0,102.324
516,1,516,-3386.689250108345,-7450.119066591989,,,,1294.0,102.319
517,1,517,-3385.689250108345,-7449.119066591989,,,,1294.0,102.316
518,1,518,-3384.689250108345,-7448.119066591989,,,,1294.0,102.313
519,1,519,-3383.689250108345,-7447.119066591989,,,,1295.0,102.31
520,1,520,-3382.689250108345,-7446.119066591989,,,,1297.0,102.305
521,1,521,-3381.689250108345,-7445.119066591989,,,,1298.0,102.301
522,1,522,-3380.689250108345,-7444.119066591989,,,,1298.0,102.294
523,1,523,-3379.689250108345,-7443.119066591989,,,,1297.0,102.286
524,1,524,-3378.689250108345,-7442.119066591989,,,,1297.0,102.28
525,1,525,-3377.689250108345,-7441.119066591989,,,,1296.0,102.273
526,1,526,-3376.689250108345,-7440.119066591989,,,,1296.0,102.266
527,1,527,-3375.689250108345,-7439.119066591989,,,,1296.0,102.261
528,1,528,-3374.689250108345,-7438.119066591989,,,,1297.0,102.256
529,1,529,-3373.689250108345,-7437.119066591989,,,,1299.0,102.254
530,1,530,-3372.689250108345,-7436.119066591989,,,,1300.0,102.25
531,1,531,-3371.689250108345,-7435.119066591989,,,,1303.0,102.246
532,1,532,-3370.689250108345,-7434.119066591989,,,,1305.0,102.239
533,1,533,-3369.689250108345,-7433.119066591989,,,,1307.0,102.23
534,1,534,-3368.689250108345,-7432.119066591989,,,,1309.0,102.22
535,1,535,-3367.689250108345,-7431.119066591989,,,,1312.0,102.211
536,1,536,-3366.689250108345,-7430.119066591989,,,,1314.0,102.204
537,1,537,-3365.689250108345,-7429.119066591989,,,,1317.0,102.202
538,1,538,-3364.689250108345,-7428.119066591989,,,,1318.0,102.201
792,1,792,-3110.689250108345,-7174.119066591989,,,,1540.0,102.196
793,1,793,-3109.689250108345,-7173.119066591989,,,,1539.0,102.189
794,1,794,-3108.689250108345,-7172.119066591989,,,,1539.0,102.184
795,1,795,-3107.689250108345,-7171.119066591989,,,,1538.0,102.176
796,1,796,-3106.689250108345,-7170.119066591989,,,,1537.0,102.169
797,1,797,-3105.689250108345,-7169.119066591989,,,,1536.0,102.16
798,1,798,-3104.689250108345,-7168.119066591989,,,,1534.0,102.152
799,1,799,-3103.689250108345,-7167.119066591989,,,,1534.0,102.144
800,1,800,-3102.689250108345,-7166.119066591989,,,,1533.0,102.136
801,1,801,-3101.689250108345,-7165.119066591989,,,,1532.0,102.13
802,1,802,-3100.689250108345,-7164.119066591989,,,,1533.0,102.122
803,1,803,-3099.689250108345,-7163.119066591989,,,,1531.0,102.115
804,1,804,-3098.689250108345,-7162.119066591989,,,,1530.0,102.108
805,1,805,-3097.689250108345,-7161.119066591989,,,,1529.0,102.102
806,1,806,-3096.689250108345,-7160.119066591989,,,,1527.0,102.094
807,1,807,-3095.689250108345,-7159.119066591989,,,,1526.0,102.088
808,1,808,-3094.689250108345,-7158.119066591989,,,,1525.0,102.081
809,1,809,-3093.689250108345,-7157.119066591989,,,,1524.0,102.073
810,1,810,-3092.689250108345,-7156.119066591989,,,,1524.0,102.067
811,1,811,-3091.689250108345,-7155.119066591989,,,,1522.0,102.059
812,1,812,-3090.689250108345,-7154.119066591989,,,,1522.0,102.052
813,1,813,-3089.689250108345,-7153.119066591989,,,,1521.0,102.046
814,1,814,-3088.689250108345,-7152.119066591989,,,,1521.0,102.039
815,1,815,-3087.689250108345,-7151.119066591989,,,,1520.0,102.032
816,1,816,-3086.689250108345,-7150.119066591989,,,,1519.0,102.024
817,1,817,-3085.689250108345,-7149.119066591989,,,,1518.0,102.016
818,1,818,-3084.689250108345,-7148.119066591989,,,,1517.0,102.007
819,1,819,-3083.689250108345,-7147.119066591989,,,,1517.0,102.0
820,1,820,-3082.689250108345,-7146.119066591989,,,,1517.0,101.992
821,1,821,-3081.689250108345,-7145.119066591989,,,,1515.0,101.984
822,1,822,-3080.689250108345,-7144.119066591989,,,,1514.0,101.974
823,1,823,-3079.689250108345,-7143.119066591989,,,,1513.0,101.966
824,1,824,-3078.689250108345,-7142.119066591989,,,,1513.0,101.958
825,1,825,-3077.689250108345,-7141.119066591989,,,,1513.0,101.948
826,1,826,-3076.689250108345,-7140.119066591989,,,,1512.0,101.941
827,1,827,-3075.689250108345,-7139.119066591989,,,,1511.0,101.931
828,1,828,-3074.689250108345,-7138.119066591989,,,,1510.0,101.922
829,1,829,-3073.689250108345,-7137.119066591989,,,,1510.0,101.911
830,1,830,-3072.689250108345,-7136.119066591989,,,,1509.0,101.9
831,1,831,-3071.689250108345,-7135.119066591989,,,,1510.0,101.891
832,1,832,-3070.689250108345,-7134.119066591989,,,,1510.0,101.882
833,1,833,-3069.689250108345,-7133.119066591989,,,,1510.0,101.874
834,1,834,-3068.689250108345,-7132.119066591989,,,,1509.0,101.865
835,1,835,-3067.689250108345,-7131.119066591989,,,,1507.0,101.854
836,1,836,-3066.689250108345,-7130.119066591989,,,,1506.0,101.844
837,1,837,-3065.689250108345,-7129.119066591989,,,,1505.0,101.832
838,1,838,-3064.689250108345,-7128.119066591989,,,,1504.0,101.821
839,1,839,-3063.689250108345,-7127.119066591989,,,,1505.0,101.811
840,1,840,-3062.689250108345,-7126.119066591989,,,,1505.0,101.8
841,1,841,-3061.689250108345,-7125.119066591989,,,,1505.0,101.791
842,1,842,-3060.689250108345,-7124.119066591989,,,,1504.0,101.782
843,1,843,-3059.689250108345,-7123.119066591989,,,,1503.0,101.772
844,1,844,-3058.689250108345,-7122.119066591989,,,,1502.0,101.763
845,1,845,-3057.689250108345,-7121.119066591989,,,,1502.0,101.751
846,1,846,-3056.689250108345,-7120.119066591989,,,,1502.0,101.74
847,1,847,-3055.689250108345,-7119.119066591989,,,,1504.0,101.731
848,1,848,-3054.689250108345,-7118.119066591989,,,,1506.0,101.722
849,1,849,-3053.689250108345,-7117.119066591989,,,,1506.0,101.715
850,1,850,-3052.689250108345,-7116.119066591989,,,,1506.0,101.708
851,1,851,-3051.689250108345,-7115.119066591989,,,,1504.0,101.699
852,1,852,-3050.689250108345,-7114.119066591989,,,,1502.0,101.689
853,1,853,-3049.689250108345,-7113.119066591989,,,,1501.0,101.678
854,1,854,-3048.689250108345,-7112.119066591989,,,,1499.0,101.668
855,1,855,-3047.689250108345,-7111.119066591989,,,,1498.0,101.656
856,1,856,-3046.689250108345,-7110.119066591989,,,,1496.0,101.645
857,1,857,-3045.689250108345,-7109.119066591989,,,,1495.0,101.636
858,1,858,-3044.689250108345,-7108.119066591989,,,,1494.0,101.627
859,1,859,-3043.689250108345,-7107.119066591989,,,,1492.0,101.617
860,1,860,-3042.689250108345,-7106.119066591989,,,,1489.0,101.608
861,1,861,-3041.689250108345,-7105.119066591989,,,,1487.0,101.597
862,1,862,-3040.689250108345,-7104.119066591989,,,,1485.0,101.584
863,1,863,-3039.689250108345,-7103.119066591989,,,,1483.0,101.575
864,1,864,-3038.689250108345,-7102.119066591989,,,,1480.0,101.564
865,1,865,-3037.689250108345,-7101.119066591989,,,,1479.0,101.555
866,1,866,-3036.689250108345,-7100.119066591989,,,,1477.0,101.546
867,1,867,-3035.689250108345,-7099.119066591989,,,,1476.0,101.539
868,1,868,-3034.689250108345,-7098.119066591989,,,,1475.0,101.535
869,1,869,-3033.689250108345,-7097.119066591989,,,,1473.0,101.532
892,1,892,-3010.689250108345,-7074.119066591989,,,,1430.0,101.527
893,1,893,-3009.689250108345,-7073.119066591989,,,,1430.0,101.515
894,1,894,-3008.689250108345,-7072.119066591989,,,,1430.0,101.505
895,1,895,-3007.689250108345,-7071.119066591989,,,,1431.0,101.496
896,1,896,-3006.689250108345,-7070.119066591989,,,,1430.0,101.487
897,1,897,-3005.689250108345,-7069.119066591989,,,,1429.0,101.477
898,1,898,-3004.689250108345,-7068.119066591989,,,,1427.0,101.467
899,1,899,-3003.689250108345,-7067.119066591989,,,,1425.0,101.456
900,1,900,-3002.689250108345,-7066.119066591989,,,,1423.0,101.446
901,1,901,-3001.689250108345,-7065.119066591989,,,,1420.0,101.434
902,1,902,-3000.689250108345,-7064.119066591989,,,,1418.0,101.423
903,1,903,-2999.689250108345,-7063.119066591989,,,,1416.0,101.413
904,1,904,-2998.689250108345,-7062.119066591989,,,,1413.0,101.401
905,1,905,-2997.689250108345,-7061.119066591989,,,,1412.0,101.389
906,1,906,-2996.689250108345,-7060.119066591989,,,,1411.0,101.379
907,1,907,-2995.689250108345,-7059.119066591989,,,,1409.0,101.367
908,1,908,-2994.689250108345,-7058.119066591989,,,,1407.0,101.355
909,1,909,-2993.689250108345,-7057.119066591989,,,,1406.0,101.345
910,1,910,-2992.689250108345,-7056.119066591989,,,,1405.0,101.333
911,1,911,-2991.689250108345,-7055.119066591989,,,,1402.0,101.321
912,1,912,-2990.689250108345,-7054.119066591989,,,,1402.0,101.311
913,1,913,-2989.689250108345,-7053.119066591989,,,,1401.0,101.3
914,1,914,-2988.689250108345,-7052.119066591989,,,,1400.0,101.291
915,1,915,-2987.689250108345,-7051.119066591989,,,,1399.0,101.28
916,1,916,-2986.689250108345,-7050.119066591989,,,,1397.0,101.271
917,1,917,-2985.689250108345,-7049.119066591989,,,,1394.0,101.26
918,1,918,-2984.689250108345,-7048.119066591989,,,,1393.0,101.249
919,1,919,-2983.689250108345,-7047.119066591989,,,,1390.0,101.236
920,1,920,-2982.689250108345,-7046.119066591989,,,,1389.0,101.224
921,1,921,-2981.689250108345,-7045.119066591989,,,,1387.0,101.213
922,1,922,-2980.689250108345,-7044.119066591989,,,,1387.0,101.202
923,1,923,-2979.689250108345,-7043.119066591989,,,,1386.0,101.191
924,1,924,-2978.689250108345,-7042.119066591989,,,,1386.0,101.181
925,1,925,-2977.689250108345,-7041.119066591989,,,,1384.0,101.169
926,1,926,-2976.689250108345,-7040.119066591989,,,,1382.0,101.157
927,1,927,-2975.689250108345,-7039.119066591989,,,,1380.0,101.145
928,1,928,-2974.689250108345,-7038.119066591989,,,,1378.0,101.133
929,1,929,-2973.689250108345,-7037.119066591989,,,,1376.0,101.122
930,1,930,-2972.689250108345,-7036.119066591989,,,,1374.0,101.11
931,1,931,-2971.689250108345,-7035.119066591989,,,,1373.0,101.099
932,1,932,-2970.689250108345,-7034.119066591989,,,,1371.0,101.087
933,1,933,-2969.689250108345,-7033.119066591989,,,,1369.0,101.075
934,1,934,-2968.689250108345,-7032.119066591989,,,,1367.0,101.062
935,1,935,-2967.689250108345,-7031.119066591989,,,,1366.0,101.049
936,1,936,-2966.689250108345,-7030.119066591989,,,,1365.0,101.037
937,1,937,-2965.689250108345,-7029.119066591989,,,,1364.0,101.025
938,1,938,-2964.689250108345,-7028.119066591989,,,,1364.0,101.014
939,1,939,-2963.689250108345,-7027.119066591989,,,,1363.0,101.004
940,1,940,-2962.689250108345,-7026.119066591989,,,,1361.0,100.992
941,1,941,-2961.689250108345,-7025.119066591989,,,,1359.0,100.98
942,1,942,-2960.689250108345,-7024.119066591989,,,,1356.0,100.968
943,1,943,-2959.689250108345,-7023.119066591989,,,,1355.0,100.955
944,1,944,-2958.689250108345,-7022.119066591989,,,,1354.0,100.942
945,1,945,-2957.689250108345,-7021.119066591989,,,,1353.0,100.932
946,1,946,-2956.689250108345,-7020.119066591989,,,,1351.0,100.921
947,1,947,-2955.689250108345,-7019.119066591989,,,,1351.0,100.909
948,1,948,-2954.689250108345,-7018.119066591989,,,,1349.0,100.899
949,1,949,-2953.689250108345,-7017.119066591989,,,,1347.0,100.888
950,1,950,-2952.689250108345,-7016.119066591989,,,,1345.0,100.875
951,1,951,-2951.689250108345,-7015.119066591989,,,,1343.0,100.862
952,1,952,-2950.689250108345,-7014.119066591989,,,,1341.0,100.849
953,1,953,-2949.689250108345,-7013.119066591989,,,,1340.0,100.838
954,1,954,-2948.689250108345,-7012.119066591989,,,,1340.0,100.827
955,1,955,-2947.689250108345,-7011.119066591989,,,,1338.0,100.815
956,1,956,-2946.689250108345,-7010.119066591989,,,,1338.0,100.806
957,1,957,-2945.689250108345,-7009.119066591989,,,,1337.0,100.795
958,1,958,-2944.689250108345,-7008.119066591989,,,,1336.0,100.785
959,1,959,-2943.689250108345,-7007.119066591989,,,,1334.0,100.776
960,1,960,-2942.689250108345,-7006.119066591989,,,,1333.0,100.765
961,1,961,-2941.689250108345,-7005.119066591989,,,,1331.0,100.754
962,1,962,-2940.689250108345,-7004.119066591989,,,,1328.0,100.743
963,1,963,-2939.689250108345,-7003.119066591989,,,,1326.0,100.731
964,1,964,-2938.689250108345,-7002.119066591989,,,,1324.0,100.717
965,1,965,-2937.689250108345,-7001.119066591989,,,,1323.0,100.703
966,1,966,-2936.689250108345,-7000.119066591989,,,,1323.0,100.69
967,1,967,-2935.689250108345,-6999.119066591989,,,,1323.0,100.678
968,1,968,-2934.689250108345,-6998.119066591989,,,,1324.0,100.666
969,1,969,-2933.689250108345,-6997.119066591989,,,,1323.0,100.656
970,1,970,-2932.689250108345,-6996.119066591989,,,,1322.0,100.643
971,1,971,-2931.689250108345,-6995.119066591989,,,,1321.0,100.632
972,1,972,-2930.689250108345,-6994.119066591989,,,,1320.0,100.621
973,1,973,-2929.689250108345,-6993.119066591989,,,,1318.0,100.608
974,1,974,-2928.689250108345,-6992.119066591989,,,,1317.0,100.597
975,1,975,-2927.689250108345,-6991.119066591989,,,,1316.0,100.583
976,1,976,-2926.689250108345,-6990.119066591989,,,,1314.0,100.569
977,1,977,-2925.689250108345,-6989.119066591989,,,,1313.0,100.555
978,1,978,-2924.689250108345,-6988.119066591989,,,,1313.0,100.542
979,1,979,-2923.689250108345,-6987.119066591989,,,,1315.0,100.53
980,1,980,-2922.689250108345,-6986.119066591989,,,,1316.0,100.519
981,1,981,-2921.689250108345,-6985.119066591989,,,,1315.0,100.508
982,1,982,-2920.689250108345,-6984.119066591989,,,,1313.0,100.496
983,1,983,-2919.689250108345,-6983.119066591989,,,,1312.0,100.485
984,1,984,-2918.689250108345,-6982.119066591989,,,,1310.0,100.472
985,1,985,-2917.689250108345,-6981.119066591989,,,,1309.0,100.458
986,1,986,-2916.689250108345,-6980.119066591989,,,,1308.0,100.447
987,1,987,-2915.689250108345,-6979.119066591989,,,,1308.0,100.435
988,1,988,-2914.689250108345,-6978.119066591989,,,,1308.0,100.425
989,1,989,-2913.689250108345,-6977.119066591989,,,,1308.0,100.415
990,1,990,-2912.689250108345,-6976.119066591989,,,,1309.0,100.406
991,1,991,-2911.689250108345,-6975.119066591989,,,,1309.0,100.395
992,1,992,-2910.689250108345,-6974.119066591989,,,,1309.0,100.385
993,1,993,-2909.689250108345,-6973.119066591989,,,,1310.0,100.374
994,1,994,-2908.689250108345,-6972.119066591989,,,,1311.0,100.364
995,1,995,-2907.689250108345,-6971.119066591989,,,,1312.0,100.353
996,1,996,-2906.689250108345,-6970.119066591989,,,,1313.0,100.343
997,1,997,-2905.689250108345,-6969.119066591989,,,,1313.0,100.333
998,1,998,-2904.689250108345,-6968.119066591989,,,,1313.0,100.322
999,1,999,-2903.689250108345,-6967.119066591989,,,,1313.0,100.313
1000,1,1000,-2902.689250108345,-6966.119066591989,,,,1311.0,100.303
1001,1,1001,-2901.689250108345,-6965.119066591989,,,,1312.0,100.293
1002,1,1002,-2900.689250108345,-6964.119066591989,,,,1311.0,100.281
1003,1,1003,-2899.689250108345,-6963.119066591989,,,,1311.0,100.269
1004,1,1004,-2898.689250108345,-6962.119066591989,,,,1311.0,100.257
1005,1,1005,-2897.689250108345,-6961.119066591989,,,,1312.0,100.248
1006,1,1006,-2896.689250108345,-6960.119066591989,,,,1313.0,100.237
1007,1,1007,-2895.689250108345,-6959.119066591989,,,,1313.0,100.229
1008,1,1008,-2894.689250108345,-6958.119066591989,,,,1313.0,100.221
1009,1,1009,-2893.689250108345,-6957.119066591989,,,,1313.0,100.212
1010,1,1010,-2892.689250108345,-6956.119066591989,,,,1313.0,100.206
1011,1,1011,-2891.689250108345,-6955.119066591989,,,,1312.0,100.199
1012,1,1012,-2890.689250108345,-6954.119066591989,,,,1311.0,100.194
1013,1,1013,-2889.689250108345,-6953.119066591989,,,,1309.0,100.189
1014,1,1014,-2888.689250108345,-6952.119066591989,,,,1308.0,100.185
1015,1,1015,-2887.689250108345,-6951.119066591989,,,,1308.0,100.183
1016,1,1016,-2886.689250108345,-6950.119066591989,,,,1308.0,100.181
1973,1,1973,-1929.689250108345,-5993.119066591989,,,,1511.0,100.169
1974,1,1974,-1928.689250108345,-5992.119066591989,,,,1512.0,100.159
1975,1,1975,-1927.689250108345,-5991.119066591989,,,,1512.0,100.15
1976,1,1976,-1926.689250108345,-5990.119066591989,,,,1512.0,100.141
1977,1,1977,-1925.689250108345,-5989.119066591989,,,,1512.0,100.134
1978,1,1978,-1924.689250108345,-5988.119066591989,,,,1510.0,100.128
1979,1,1979,-1923.689250108345,-5987.119066591989,,,,1508.0,100.122
1980,1,1980,-1922.689250108345,-5986.119066591989,,,,1507.0,100.118
1981,1,1981,-1921.689250108345,-5985.119066591989,,,,1505.0,100.115
1982,1,1982,-1920.689250108345,-5984.119066591989,,,,1504.0,100.114
2013,1,2013,-1889.689250108345,-5953.119066591989,,,,1485.0,100.105
2014,1,2014,-1888.689250108345,-5952.119066591989,,,,1485.0,100.096
2015,1,2015,-1887.689250108345,-5951.119066591989,,,,1486.0,100.09
2016,1,2016,-1886.689250108345,-5950.119066591989,,,,1485.0,100.082
2017,1,2017,-1885.689250108345,-5949.119066591989,,,,1484.0,100.077
2018,1,2018,-1884.689250108345,-5948.119066591989,,,,1483.0,100.069
2019,1,2019,-1883.689250108345,-5947.119066591989,,,,1480.0,100.062
2020,1,2020,-1882.689250108345,-5946.119066591989,,,,1479.0,100.054
2021,1,2021,-1881.689250108345,-5945.119066591989,,,,1478.0,100.049
2022,1,2022,-1880.689250108345,-5944.119066591989,,,,1478.0,100.045
2023,1,2023,-1879.689250108345,-5943.119066591989,,,,1478.0,100.043
2024,1,2024,-1878.689250108345,-5942.119066591989,,,,1479.0,100.039
2025,1,2025,-1877.689250108345,-5941.119066591989,,,,1479.0,100.036
2026,1,2026,-1876.689250108345,-5940.119066591989,,,,1479.0,100.033
2027,1,2027,-1875.689250108345,-5939.119066591989,,,,1477.0,100.031
2028,1,2028,-1874.689250108345,-5938.119066591989,,,,1475.0,100.027
2029,1,2029,-1873.689250108345,-5937.119066591989,,,,1474.0,100.025
2030,1,2030,-1872.689250108345,-5936.119066591989,,,,1474.0,100.024
2035,1,2035,-1867.689250108345,-5931.119066591989,,,,1475.0,100.023
2095,1,2095,-1807.689250108345,-5871.119066591989,,,,1479.0,100.016
2096,1,2096,-1806.689250108345,-5870.119066591989,,,,1480.0,100.006
2097,1,2097,-1805.689250108345,-5869.119066591989,,,,1480.0,99.994
2098,1,2098,-1804.689250108345,-5868.119066591989,,,,1482.0,99.983
2099,1,2099,-1803.689250108345,-5867.119066591989,,,,1483.0,99.974
2100,1,2100,-1802.689250108345,-5866.119066591989,,,,1484.0,99.966
2101,1,2101,-1801.689250108345,-5865.119066591989,,,,1484.0,99.961
2102,1,2102,-1800.689250108345,-5864.119066591989,,,,1484.0,99.958
2127,1,2127,-1775.689250108345,-5839.119066591989,,,,1500.0,99.954
2128,1,2128,-1774.689250108345,-5838.119066591989,,,,1501.0,99.949
2455,1,2455,-1447.689250108345,-5511.119066591989,,,,1587.0,99.942
2456,1,2456,-1446.689250108345,-5510.119066591989,,,,1586.0,99.933
2457,1,2457,-1445.689250108345,-5509.119066591989,,,,1584.0,99.924
2458,1,2458,-1444.689250108345,-5508.119066591989,,,,1583.0,99.915
2459,1,2459,-1443.689250108345,-5507.119066591989,,,,1582.0,99.906
2460,1,2460,-1442.689250108345,-5506.119066591989,,,,1581.0,99.897
2461,1,2461,-1441.689250108345,-5505.119066591989,,,,1580.0,99.886
2462,1,2462,-1440.689250108345,-5504.119066591989,,,,1581.0,99.877
2463,1,2463,-1439.689250108345,-5503.119066591989,,,,1580.0,99.868
2464,1,2464,-1438.689250108345,-5502.119066591989,,,,1580.0,99.859
2465,1,2465,-1437.689250108345,-5501.119066591989,,,,1580.0,99.85
2466,1,2466,-1436.689250108345,-5500.119066591989,,,,1580.0,99.843
2467,1,2467,-1435.689250108345,-5499.119066591989,,,,1580.0,99.834
2468,1,2468,-1434.689250108345,-5498.119066591989,,,,1579.0,99.826
2469,1,2469,-1433.689250108345,-5497.119066591989,,,,1578.0,99.816
2470,1,2470,-1432.689250108345,-5496.119066591989,,,,1577.0,99.805
2471,1,2471,-1431.689250108345,-5495.119066591989,,,,1577.0,99.795
2472,1,2472,-1430.689250108345,-5494.119066591989,,,,1576.0,99.788
2473,1,2473,-1429.689250108345,-5493.119066591989,,,,1576.0,99.78
2474,1,2474,-1428.689250108345,-5492.119066591989,,,,1576.0,99.772
2475,1,2475,-1427.689250108345,-5491.119066591989,,,,1575.0,99.765
2476,1,2476,-1426.689250108345,-5490.119066591989,,,,1574.0,99.755
2477,1,2477,-1425.689250108345,-5489.119066591989,,,,1572.0,99.746
2478,1,2478,-1424.689250108345,-5488.119066591989,,,,1569.0,99.735
2479,1,2479,-1423.689250108345,-5487.119066591989,,,,1567.0,99.726
2480,1,2480,-1422.689250108345,-5486.119066591989,,,,1566.0,99.718
2481,1,2481,-1421.689250108345,-5485.119066591989,,,,1565.0,99.708
2482,1,2482,-1420.689250108345,-5484.119066591989,,,,1564.0,99.701
2483,1,2483,-1419.689250108345,-5483.119066591989,,,,1564.0,99.693
2484,1,2484,-1418.689250108345,-5482.119066591989,,,,1565.0,99.685
2485,1,2485,-1417.689250108345,-5481.119066591989,,,,1566.0,99.677
2486,1,2486,-1416.689250108345,-5480.119066591989,,,,1566.0,99.669
2487,1,2487,-1415.689250108345,-5479.119066591989,,,,1566.0,99.662
2488,1,2488,-1414.689250108345,-5478.119066591989,,,,1565.0,99.657
2489,1,2489,-1413.689250108345,-5477.119066591989,,,,1563.0,99.652
2490,1,2490,-1412.689250108345,-5476.119066591989,,,,1563.0,99.647
2491,1,2491,-1411.689250108345,-5475.119066591989,,,,1562.0,99.641
2492,1,2492,-1410.689250108345,-5474.119066591989,,,,1563.0,99.636
2493,1,2493,-1409.689250108345,-5473.119066591989,,,,1563.0,99.631
2494,1,2494,-1408.689250108345,-5472.119066591989,,,,1563.0,99.628
2495,1,2495,-1407.689250108345,-5471.119066591989,,,,1564.0,99.621
2496,1,2496,-1406.689250108345,-5470.119066591989,,,,1565.0,99.616
2497,1,2497,-1405.689250108345,-5469.119066591989,,,,1565.0,99.612
2498,1,2498,-1404.689250108345,-5468.119066591989,,,,1565.0,99.607
2499,1,2499,-1403.689250108345,-5467.119066591989,,,,1564.0,99.603
2500,1,2500,-1402.689250108345,-5466.119066591989,,,,1563.0,99.598
2501,1,2501,-1401.689250108345,-5465.119066591989,,,,1564.0,99.592
2502,1,2502,-1400.689250108345,-5464.119066591989,,,,1566.0,99.587
2503,1,2503,-1399.689250108345,-5463.119066591989,,,,1567.0,99.581
2504,1,2504,-1398.689250108345,-5462.119066591989,,,,1568.0,99.577
2505,1,2505,-1397.689250108345,-5461.119066591989,,,,1570.0,99.572
2506,1,2506,-1396.689250108345,-5460.119066591989,,,,1570.0,99.568
2507,1,2507,-1395.689250108345,-5459.119066591989,,,,1572.0,99.562
2508,1,2508,-1394.689250108345,-5458.119066591989,,,,1572.0,99.556
2509,1,2509,-1393.689250108345,-5457.119066591989,,,,1572.0,99.547
2510,1,2510,-1392.689250108345,-5456.119066591989,,,,1571.0,99.54
2511,1,2511,-1391.689250108345,-5455.119066591989,,,,1571.0,99.531
2512,1,2512,-1390.689250108345,-5454.119066591989,,,,1569.0,99.523
2513,1,2513,-1389.689250108345,-5453.119066591989,,,,1567.0,99.515
2514,1,2514,-1388.689250108345,-5452.119066591989,,,,1565.0,99.51
2515,1,2515,-1387.689250108345,-5451.119066591989,,,,1563.0,99.508
2516,1,2516,-1386.689250108345,-5450.119066591989,,,,1563.0,99.507
2553,1,2553,-1349.689250108345,-5413.119066591989,,,,1563.0,99.505
2554,1,2554,-1348.689250108345,-5412.119066591989,,,,1563.0,99.501
2555,1,2555,-1347.689250108345,-5411.119066591989,,,,1563.0,99.498
2556,1,2556,-1346.689250108345,-5410.119066591989,,,,1563.0,99.493
2557,1,2557,-1345.689250108345,-5409.119066591989,,,,1563.0,99.487
2558,1,2558,-1344.689250108345,-5408.119066591989,,,,1564.0,99.482
2559,1,2559,-1343.689250108345,-5407.119066591989,,,,1566.0,99.479
2560,1,2560,-1342.689250108345,-5406.119066591989,,,,1566.0,99.477
2561,1,2561,-1341.689250108345,-5405.119066591989,,,,1567.0,99.474
2562,1,2562,-1340.689250108345,-5404.119066591989,,,,1568.0,99.472
2614,1,2614,-1288.689250108345,-5352.119066591989,,,,1597.0,99.469
2615,1,2615,-1287.689250108345,-5351.119066591989,,,,1597.0,99.466
2633,1,2633,-1269.689250108345,-5333.119066591989,,,,1597.0,99.463
2634,1,2634,-1268.689250108345,-5332.119066591989,,,,1597.0,99.458
2635,1,2635,-1267.689250108345,-5331.119066591989,,,,1597.0,99.452
2636,1,2636,-1266.689250108345,-5330.119066591989,,,,1595.0,99.445
2637,1,2637,-1265.689250108345,-5329.119066591989,,,,1593.0,99.436
2638,1,2638,-1264.689250108345,-5328.119066591989,,,,1594.0,99.427
2639,1,2639,-1263.689250108345,-5327.119066591989,,,,1594.0,99.419
2640,1,2640,-1262.689250108345,-5326.119066591989,,,,1594.0,99.414
2641,1,2641,-1261.689250108345,-5325.119066591989,,,,1594.0,99.409
2642,1,2642,-1260.689250108345,-5324.119066591989,,,,1593.0,99.405
2643,1,2643,-1259.689250108345,-5323.119066591989,,,,1591.0,99.399
2644,1,2644,-1258.689250108345,-5322.119066591989,,,,1587.0,99.39
2645,1,2645,-1257.689250108345,-5321.119066591989,,,,1583.0,99.382
2646,1,2646,-1256.689250108345,-5320.119066591989,,,,1580.0,99.373
2647,1,2647,-1255.689250108345,-5319.119066591989,,,,1580.0,99.364
2648,1,2648,-1254.689250108345,-5318.119066591989,,,,1578.0,99.357
2649,1,2649,-1253.689250108345,-5317.119066591989,,,,1576.0,99.349
2650,1,2650,-1252.689250108345,-5316.119066591989,,,,1573.0,99.34
2651,1,2651,-1251.689250108345,-5315.119066591989,,,,1571.0,99.332
2652,1,2652,-1250.689250108345,-5314.119066591989,,,,1569.0,99.323
2653,1,2653,-1249.689250108345,-5313.119066591989,,,,1568.0,99.313
2654,1,2654,-1248.689250108345,-5312.119066591989,,,,1567.0,99.304
2655,1,2655,-1247.689250108345,-5311.119066591989,,,,1566.0,99.296
2656,1,2656,-1246.689250108345,-5310.119066591989,,,,1563.0,99.287
2657,1,2657,-1245.689250108345,-5309.119066591989,,,,1561.0,99.278
2658,1,2658,-1244.689250108345,-5308.119066591989,,,,1559.0,99.269
2659,1,2659,-1243.689250108345,-5307.119066591989,,,,1557.0,99.258
2660,1,2660,-1242.689250108345,-5306.119066591989,,,,1555.0,99.246
2661,1,2661,-1241.689250108345,-5305.119066591989,,,,1555.0,99.236
2662,1,2662,-1240.689250108345,-5304.119066591989,,,,1556.0,99.227
2663,1,2663,-1239.689250108345,-5303.119066591989,,,,1555.0,99.218
2664,1,2664,-1238.689250108345,-5302.119066591989,,,,1554.0,99.209
2665,1,2665,-1237.689250108345,-5301.119066591989,,,,1552.0,99.201
2666,1,2666,-1236.689250108345,-5300.119066591989,,,,1550.0,99.192
2667,1,2667,-1235.689250108345,-5299.119066591989,,,,1550.0,99.182
2668,1,2668,-1234.689250108345,-5298.119066591989,,,,1549.0,99.173
2669,1,2669,-1233.689250108345,-5297.119066591989,,,,1550.0,99.163
2670,1,2670,-1232.689250108345,-5296.119066591989,,,,1552.0,99.154
2671,1,2671,-1231.689250108345,-5295.119066591989,,,,1554.0,99.145
2672,1,2672,-1230.689250108345,-5294.119066591989,,,,1555.0,99.137
2673,1,2673,-1229.689250108345,-5293.119066591989,,,,1557.0,99.132
2674,1,2674,-1228.689250108345,-5292.119066591989,,,,1559.0,99.126
2675,1,2675,-1227.689250108345,-5291.119066591989,,,,1560.0,99.123
2676,1,2676,-1226.689250108345,-5290.119066591989,,,,1560.0,99.121
2677,1,2677,-1225.689250108345,-5289.119066591989,,,,1559.0,99.12
2703,1,2703,-1199.689250108345,-5263.119066591989,,,,1565.0,99.113
2704,1,2704,-1198.689250108345,-5262.119066591989,,,,1564.0,99.102
2705,1,2705,-1197.689250108345,-5261.119066591989,,,,1565.0,99.091
2706,1,2706,-1196.689250108345,-5260.119066591989,,,,1564.0,99.082
2707,1,2707,-1195.689250108345,-5259.119066591989,,,,1565.0,99.078
2708,1,2708,-1194.689250108345,-5258.119066591989,,,,1565.0,99.075
2709,1,2709,-1193.689250108345,-5257.119066591989,,,,1565.0,99.073
3703,1,3703,-199.689250108345,-4263.119066591989,,,,1575.0,99.071
3704,1,3704,-198.689250108345,-4262.119066591989,,,,1574.0,99.068
3705,1,3705,-197.689250108345,-4261.119066591989,,,,1573.0,99.066
3706,1,3706,-196.689250108345,-4260.119066591989,,,,1572.0,99.065
3907,1,3907,4.310749891655,-4059.119066591989,,,,1552.0,99.058
3908,2,1,5.310749891655,-4058.119066591989,,,,1550.0,99.043
3909,2,2,6.310749891655,-4057.119066591989,,,,1550.0,99.028
3910,2,3,7.310749891655,-4056.119066591989,,,,1549.0,99.015
3911,2,4,8.310749891655,-4055.119066591989,,,,1547.0,99.001
3912,2,5,9.310749891655,-4054.119066591989,,,,1546.0,98.988
3913,2,6,10.310749891655,-4053.119066591989,,,,1543.0,98.973
3914,2,7,11.310749891655,-4052.119066591989,,,,1541.0,98.959
3915,2,8,12.310749891655,-4051.119066591989,,,,1541.0,98.944
3916,2,9,13.310749891655,-4050.119066591989,,,,1540.0,98.932
3917,2,10,14.310749891655,-4049.119066591989,,,,1539.0,98.92
3918,2,11,15.310749891655,-4048.119066591989,,,,1537.0,98.907
3919,2,12,16.310749891655,-4047.119066591989,,,,1536.0,98.894
3920,2,13,17.310749891655,-4046.119066591989,,,,1534.0,98.88
3921,2,14,18.310749891655,-4045.119066591989,,,,1532.0,98.866
3922,2,15,19.310749891655,-4044.119066591989,,,,1532.0,98.852
3923,2,16,20.310749891655,-4043.119066591989,,,,1532.0,98.84
3924,2,17,21.310749891655,-4042.119066591989,,,,1533.0,98.83
3925,2,18,22.310749891655,-4041.119066591989,,,,1533.0,98.82
3926,2,19,23.310749891655,-4040.119066591989,,,,1532.0,98.809
3927,2,20,24.310749891655,-4039.119066591989,,,,1530.0,98.797
3928,2,21,25.310749891655,-4038.119066591989,,,,1529.0,98.784
3929,2,22,26.310749891655,-4037.119066591989,,,,1527.0,98.772
3930,2,23,27.310749891655,-4036.119066591989,,,,1526.0,98.758
3931,2,24,28.310749891655,-4035.119066591989,,,,1526.0,98.745
3932,2,25,29.310749891655,-4034.119066591989,,,,1525.0,98.731
3933,2,26,30.310749891655,-4033.119066591989,,,,1526.0,98.717
3934,2,27,31.310749891655,-4032.119066591989,,,,1526.0,98.706
3935,2,28,32.310749891655,-4031.119066591989,,,,1525.0,98.692
3936,2,29,33.310749891655,-4030.119066591989,,,,1524.0,98.679
3937,2,30,34.310749891655,-4029.119066591989,,,,1523.0,98.666
3938,2,31,35.310749891655,-4028.119066591989,,,,1521.0,98.653
3939,2,32,36.310749891655,-4027.119066591989,,,,1520.0,98.639
3940,2,33,37.310749891655,-4026.119066591989,,,,1519.0,98.626
3941,2,34,38.310749891655,-4025.119066591989,,,,1518.0,98.612
3942,2,35,39.310749891655,-4024.119066591989,,,,1518.0,98.599
3943,2,36,40.310749891655,-4023.119066591989,,,,1518.0,98.585
3944,2,37,41.310749891655,-4022.119066591989,,,,1518.0,98.572
3945,2,38,42.310749891655,-4021.119066591989,,,,1517.0,98.558
3946,2,39,43.310749891655,-4020.119066591989,,,,1517.0,98.546
3947,2,40,44.310749891655,-4019.119066591989,,,,1517.0,98.533
3948,2,41,45.310749891655,-4018.119066591989,,,,1517.0,98.519
3949,2,42,46.310749891655,-4017.119066591989,,,,1519.0,98.508
3950,2,43,47.310749891655,-4016.119066591989,,,,1519.0,98.496
3951,2,44,48.310749891655,-4015.119066591989,,,,1520.0,98.484
3952,2,45,49.310749891655,-4014.119066591989,,,,1522.0,98.473
3953,2,46,50.310749891655,-4013.119066591989,,,,1524.0,98.463
3954,2,47,51.310749891655,-4012.119066591989,,,,1526.0,98.454
3955,2,48,52.310749891655,-4011.119066591989,,,,1526.0,98.444
3956,2,49,53.310749891655,-4010.119066591989,,,,1527.0,98.435
3957,2,50,54.310749891655,-4009.119066591989,,,,1527.0,98.425
3958,2,51,55.310749891655,-4008.119066591989,,,,1527.0,98.416
3959,2,52,56.310749891655,-4007.119066591989,,,,1527.0,98.407
3960,2,53,57.310749891655,-4006.119066591989,,,,1527.0,98.399
3961,2,54,58.310749891655,-4005.119066591989,,,,1528.0,98.39
3962,2,55,59.310749891655,-4004.119066591989,,,,1528.0,98.379
3963,2,56,60.310749891655,-4003.119066591989,,,,1527.0,98.37
3964,2,57,61.310749891655,-4002.119066591989,,,,1528.0,98.359
3965,2,58,62.310749891655,-4001.119066591989,,,,1527.0,98.348
3966,2,59,63.310749891655,-4000.119066591989,,,,1526.0,98.336
3967,2,60,64.310749891655,-3999.119066591989,,,,1525.0,98.324
3968,2,61,65.310749891655,-3998.119066591989,,,,1524.0,98.313
3969,2,62,66.310749891655,-3997.119066591989,,,,1523.0,98.303
3970,2,63,67.310749891655,-3996.119066591989,,,,1522.0,98.293
3971,2,64,68.310749891655,-3995.119066591989,,,,1522.0,98.284
3972,2,65,69.310749891655,-3994.119066591989,,,,1522.0,98.275
3973,2,66,70.310749891655,-3993.119066591989,,,,1522.0,98.265
3974,2,67,71.310749891655,-3992.119066591989,,,,1522.0,98.257
3975,2,68,72.310749891655,-3991.119066591989,,,,1522.0,98.246
3976,2,69,73.310749891655,-3990.119066591989,,,,1522.0,98.236
3977,2,70,74.310749891655,-3989.119066591989,,,,1521.0,98.227
3978,2,71,75.310749891655,-3988.119066591989,,,,1519.0,98.217
3979,2,72,76.310749891655,-3987.119066591989,,,,1518.0,98.208
3980,2,73,77.310749891655,-3986.119066591989,,,,1517.0,98.197
3981,2,74,78.310749891655,-3985.119066591989,,,,1515.0,98.188
3982,2,75,79.310749891655,-3984.119066591989,,,,1513.0,98.176
3983,2,76,80.310749891655,-3983.119066591989,,,,1510.0,98.165
3984,2,77,81.310749891655,-3982.119066591989,,,,1509.0,98.154
3985,2,78,82.310749891655,-3981.119066591989,,,,1508.0,98.143
3986,2,79,83.310749891655,-3980.119066591989,,,,1508.0,98.131
3987,2,80,84.310749891655,-3979.119066591989,,,,1508.0,98.121
3988,2,81,85.310749891655,-3978.119066591989,,,,1508.0,98.111
3989,2,82,86.310749891655,-3977.119066591989,,,,1507.0,98.102
3990,2,83,87.310749891655,-3976.119066591989,,,,1504.0,98.091
3991,2,84,88.310749891655,-3975.119066591989,,,,1503.0,98.08
3992,2,85,89.310749891655,-3974.119066591989,,,,1502.0,98.067
3993,2,86,90.310749891655,-3973.119066591989,,,,1504.0,98.055
3994,2,87,91.310749891655,-3972.119066591989,,,,1506.0,98.044
3995,2,88,92.310749891655,-3971.119066591989,,,,1508.0,98.034
3996,2,89,93.310749891655,-3970.119066591989,,,,1510.0,98.025
3997,2,90,94.310749891655,-3969.119066591989,,,,1510.0,98.018
3998,2,91,95.310749891655,-3968.119066591989,,,,1508.0,98.009
3999,2,92,96.310749891655,-3967.119066591989,,,,1506.0,97.999
4000,2,93,97.310749891655,-3966.119066591989,,,,1504.0,97.986
4001,2,94,98.310749891655,-3965.119066591989,,,,1502.0,97.973
4002,2,95,99.310749891655,-3964.119066591989,,,,1502.0,97.961
4003,2,96,100.310749891655,-3963.119066591989,,,,1503.0,97.949
4004,2,97,101.310749891655,-3962.119066591989,,,,1503.0,97.939
4005,2,98,102.310749891655,-3961.119066591989,,,,1505.0,97.931
4006,2,99,103.310749891655,-3960.119066591989,,,,1504.0,97.921
4007,2,100,104.310749891655,-3959.119066591989,,,,1504.0,97.911
4008,2,101,105.310749891655,-3958.119066591989,,,,1502.0,97.899
4009,2,102,106.310749891655,-3957.119066591989,,,,1501.0,97.886
4010,2,103,107.310749891655,-3956.119066591989,,,,1501.0,97.874
4011,2,104,108.310749891655,-3955.119066591989,,,,1501.0,97.86
4012,2,105,109.310749891655,-3954.119066591989,,,,1501.0,97.849
4013,2,106,110.310749891655,-3953.119066591989,,,,1502.0,97.838
4014,2,107,111.310749891655,-3952.119066591989,,,,1501.0,97.826
4015,2,108,112.310749891655,-3951.119066591989,,,,1501.0,97.815
4016,2,109,113.310749891655,-3950.119066591989,,,,1499.0,97.803
4017,2,110,114.310749891655,-3949.119066591989,,,,1497.0,97.789
4018,2,111,115.310749891655,-3948.119066591989,,,,1496.0,97.776
4019,2,112,116.310749891655,-3947.119066591989,,,,1495.0,97.764
4020,2,113,117.310749891655,-3946.119066591989,,,,1494.0,97.751
4021,2,114,118.310749891655,-3945.119066591989,,,,1493.0,97.739
4022,2,115,119.310749891655,-3944.119066591989,,,,1491.0,97.726
4023,2,116,120.310749891655,-3943.119066591989,,,,1488.0,97.713
4024,2,117,121.310749891655,-3942.119066591989,,,,1487.0,97.7
4025,2,118,122.310749891655,-3941.119066591989,,,,1485.0,97.686
4026,2,119,123.310749891655,-3940.119066591989,,,,1484.0,97.673
4027,2,120,124.310749891655,-3939.119066591989,,,,1483.0,97.66
4028,2,121,125.310749891655,-3938.119066591989,,,,1481.0,97.647
4029,2,122,126.310749891655,-3937.119066591989,,,,1480.0,97.635
4030,2,123,127.310749891655,-3936.119066591989,,,,1479.0,97.621
4031,2,124,128.310749891655,-3935.119066591989,,,,1479.0,97.607
4032,2,125,129.310749891655,-3934.119066591989,,,,1482.0,97.595
4033,2,126,130.310749891655,-3933.119066591989,,,,1484.0,97.583
4034,2,127,131.310749891655,-3932.119066591989,,,,1488.0,97.576
4035,2,128,132.310749891655,-3931.119066591989,,,,1491.0,97.567
4036,2,129,133.310749891655,-3930.119066591989,,,,1492.0,97.558
4037,2,130,134.310749891655,-3929.119066591989,,,,1492.0,97.546
4038,2,131,135.310749891655,-3928.119066591989,,,,1493.0,97.533
4039,2,132,136.310749891655,-3927.119066591989,,,,1494.0,97.519
4040,2,133,137.310749891655,-3926.119066591989,,,,1497.0,97.509
4041,2,134,138.310749891655,-3925.119066591989,,,,1500.0,97.501
4042,2,135,139.310749891655,-3924.119066591989,,,,1502.0,97.495
4043,2,136,140.310749891655,-3923.119066591989,,,,1505.0,97.489
4044,2,137,141.310749891655,-3922.119066591989,,,,1506.0,97.483
4045,2,138,142.310749891655,-3921.119066591989,,,,1505.0,97.474
4046,2,139,143.310749891655,-3920.119066591989,,,,1505.0,97.462
4047,2,140,144.310749891655,-3919.119066591989,,,,1505.0,97.454
4048,2,141,145.310749891655,-3918.119066591989,,,,1506.0,97.445
4049,2,142,146.310749891655,-3917.119066591989,,,,1508.0,97.436
4050,2,143,147.310749891655,-3916.119066591989,,,,1509.0,97.428
4051,2,144,148.310749891655,-3915.119066591989,,,,1508.0,97.419
4052,2,145,149.310749891655,-3914.119066591989,,,,1508.0,97.411
4053,2,146,150.310749891655,-3913.119066591989,,,,1507.0,97.402
4054,2,147,151.310749891655,-3912.119066591989,,,,1508.0,97.394
4055,2,148,152.310749891655,-3911.119066591989,,,,1510.0,97.387
4056,2,149,153.310749891655,-3910.119066591989,,,,1513.0,97.38
4057,2,150,154.310749891655,-3909.119066591989,,,,1517.0,97.371
4058,2,151,155.310749891655,-3908.119066591989,,,,1519.0,97.363
4059,2,152,156.310749891655,-3907.119066591989,,,,1520.0,97.356
4060,2,153,157.310749891655,-3906.119066591989,,,,1520.0,97.348
4061,2,154,158.310749891655,-3905.119066591989,,,,1520.0,97.34
4062,2,155,159.310749891655,-3904.119066591989,,,,1519.0,97.331
4063,2,156,160.310749891655,-3903.119066591989,,,,1519.0,97.325
4064,2,157,161.310749891655,-3902.119066591989,,,,1518.0,97.315
4065,2,158,162.310749891655,-3901.119066591989,,,,1519.0,97.308
4066,2,159,163.310749891655,-3900.119066591989,,,,1519.0,97.3
4067,2,160,164.310749891655,-3899.119066591989,,,,1518.0,97.293
4068,2,161,165.310749891655,-3898.119066591989,,,,1516.0,97.284
4069,2,162,166.310749891655,-3897.119066591989,,,,1515.0,97.275
4070,2,163,167.310749891655,-3896.119066591989,,,,1513.0,97.267
4071,2,164,168.310749891655,-3895.119066591989,,,,1510.0,97.256
4072,2,165,169.310749891655,-3894.119066591989,,,,1508.0,97.247
4073,2,166,170.310749891655,-3893.119066591989,,,,1507.0,97.24
4074,2,167,171.310749891655,-3892.119066591989,,,,1505.0,97.231
4075,2,168,172.310749891655,-3891.119066591989,,,,1503.0,97.222
4076,2,169,173.310749891655,-3890.119066591989,,,,1500.0,97.211
4077,2,170,174.310749891655,-3889.119066591989,,,,1497.0,97.199
4078,2,171,175.310749891655,-3888.119066591989,,,,1496.0,97.186
4079,2,172,176.310749891655,-3887.119066591989,,,,1496.0,97.173
4080,2,173,177.310749891655,-3886.119066591989,,,,1496.0,97.161
4081,2,174,178.310749891655,-3885.119066591989,,,,1499.0,97.149
4082,2,175,179.310749891655,-3884.119066591989,,,,1501.0,97.14
4083,2,176,180.310749891655,-3883.119066591989,,,,1502.0,97.13
4084,2,177,181.310749891655,-3882.119066591989,,,,1504.0,97.12
4085,2,178,182.310749891655,-3881.119066591989,,,,1504.0,97.11
4086,2,179,183.310749891655,-3880.119066591989,,,,1505.0,97.099
4087,2,180,184.310749891655,-3879.119066591989,,,,1505.0,97.088
4088,2,181,185.310749891655,-3878.119066591989,,,,1507.0,97.075
4089,2,182,186.310749891655,-3877.119066591989,,,,1510.0,97.064
4090,2,183,187.310749891655,-3876.119066591989,,,,1513.0,97.054
4091,2,184,188.310749891655,-3875.119066591989,,,,1515.0,97.045
4092,2,185,189.310749891655,-3874.119066591989,,,,1517.0,97.037
4093,2,186,190.310749891655,-3873.119066591989,,,,1517.0,97.029
4094,2,187,191.310749891655,-3872.119066591989,,,,1516.0,97.02
4095,2,188,192.310749891655,-3871.119066591989,,,,1514.0,97.009
4096,2,189,193.310749891655,-3870.119066591989,,,,1512.0,96.996
4097,2,190,194.310749891655,-3869.119066591989,,,,1510.0,96.984
4098,2,191,195.310749891655,-3868.119066591989,,,,1510.0,96.972
4099,2,192,196.310749891655,-3867.119066591989,,,,1510.0,96.959
4100,2,193,197.310749891655,-3866.119066591989,,,,1510.0,96.947
4101,2,194,198.310749891655,-3865.119066591989,,,,1512.0,96.936
4102,2,195,199.310749891655,-3864.119066591989,,,,1512.0,96.927
4103,2,196,200.310749891655,-3863.119066591989,,,,1513.0,96.917
4104,2,197,201.310749891655,-3862.119066591989,,,,1513.0,96.909
4105,2,198,202.310749891655,-3861.119066591989,,,,1513.0,96.898
4106,2,199,203.310749891655,-3860.119066591989,,,,1512.0,96.886
4107,2,200,204.310749891655,-3859.119066591989,,,,1511.0,96.874
4108,2,201,205.310749891655,-3858.119066591989,,,,1510.0,96.864
4109,2,202,206.310749891655,-3857.119066591989,,,,1511.0,96.854
4110,2,203,207.310749891655,-3856.119066591989,,,,1513.0,96.846
4111,2,204,208.310749891655,-3855.119066591989,,,,1513.0,96.836
4112,2,205,209.310749891655,-3854.119066591989,,,,1514.0,96.827
4113,2,206,210.310749891655,-3853.119066591989,,,,1513.0,96.817
4114,2,207,211.310749891655,-3852.119066591989,,,,1512.0,96.805
4115,2,208,212.310749891655,-3851.119066591989,,,,1513.0,96.792
4116,2,209,213.310749891655,-3850.119066591989,,,,1514.0,96.778
4117,2,210,214.310749891655,-3849.119066591989,,,,1518.0,96.767
4118,2,211,215.310749891655,-3848.119066591989,,,,1522.0,96.756
4119,2,212,216.310749891655,-3847.119066591989,,,,1525.0,96.747
4120,2,213,217.310749891655,-3846.119066591989,,,,1526.0,96.736
4121,2,214,218.310749891655,-3845.119066591989,,,,1527.0,96.724
4122,2,215,219.310749891655,-3844.119066591989,,,,1527.0,96.712
4123,2,216,220.310749891655,-3843.119066591989,,,,1528.0,96.698
4124,2,217,221.310749891655,-3842.119066591989,,,,1528.0,96.684
4125,2,218,222.310749891655,-3841.119066591989,,,,1529.0,96.671
4126,2,219,223.310749891655,-3840.119066591989,,,,1531.0,96.659
4127,2,220,224.310749891655,-3839.119066591989,,,,1531.0,96.647
4128,2,221,225.310749891655,-3838.119066591989,,,,1531.0,96.633
4129,2,222,226.310749891655,-3837.119066591989,,,,1532.0,96.621
4130,2,223,227.310749891655,-3836.119066591989,,,,1532.0,96.607
4131,2,224,228.310749891655,-3835.119066591989,,,,1532.0,96.594
4132,2,225,229.310749891655,-3834.119066591989,,,,1531.0,96.58
4133,2,226,230.310749891655,-3833.119066591989,,,,1533.0,96.568
4134,2,227,231.310749891655,-3832.119066591989,,,,1534.0,96.554
4135,2,228,232.310749891655,-3831.119066591989,,,,1534.0,96.541
4136,2,229,233.310749891655,-3830.119066591989,,,,1534.0,96.527
4137,2,230,234.310749891655,-3829.119066591989,,,,1535.0,96.512
4138,2,231,235.310749891655,-3828.119066591989,,,,1533.0,96.498
4139,2,232,236.310749891655,-3827.119066591989,,,,1534.0,96.486
4140,2,233,237.310749891655,-3826.119066591989,,,,1534.0,96.472
4141,2,234,238.310749891655,-3825.119066591989,,,,1534.0,96.459
4142,2,235,239.310749891655,-3824.119066591989,,,,1533.0,96.447
4143,2,236,240.310749891655,-3823.119066591989,,,,1531.0,96.434
4144,2,237,241.310749891655,-3822.119066591989,,,,1531.0,96.421
4145,2,238,242.310749891655,-3821.119066591989,,,,1530.0,96.407
4146,2,239,243.310749891655,-3820.119066591989,,,,1529.0,96.392
4147,2,240,244.310749891655,-3819.119066591989,,,,1528.0,96.377
4148,2,241,245.310749891655,-3818.119066591989,,,,1528.0,96.363
4149,2,242,246.310749891655,-3817.119066591989,,,,1528.0,96.348
4150,2,243,247.310749891655,-3816.119066591989,,,,1526.0,96.335
4151,2,244,248.310749891655,-3815.119066591989,,,,1525.0,96.32
4152,2,245,249.310749891655,-3814.119066591989,,,,1524.0,96.308
4153,2,246,250.310749891655,-3813.119066591989,,,,1524.0,96.294
4154,2,247,251.310749891655,-3812.119066591989,,,,1521.0,96.281
4155,2,248,252.310749891655,-3811.119066591989,,,,1520.0,96.266
4156,2,249,253.310749891655,-3810.119066591989,,,,1519.0,96.252
4157,2,250,254.310749891655,-3809.119066591989,,,,1518.0,96.237
4158,2,251,255.310749891655,-3808.119066591989,,,,1516.0,96.222
4159,2,252,256.310749891655,-3807.119066591989,,,,1516.0,96.208
4160,2,253,257.310749891655,-3806.119066591989,,,,1514.0,96.196
4161,2,254,258.310749891655,-3805.119066591989,,,,1513.0,96.182
4162,2,255,259.310749891655,-3804.119066591989,,,,1511.0,96.169
4163,2,256,260.310749891655,-3803.119066591989,,,,1509.0,96.155
4164,2,257,261.310749891655,-3802.119066591989,,,,1508.0,96.142
4165,2,258,262.310749891655,-3801.119066591989,,,,1507.0,96.128
4166,2,259,263.310749891655,-3800.119066591989,,,,1506.0,96.116
4167,2,260,264.310749891655,-3799.119066591989,,,,1505.0,96.103
4168,2,261,265.310749891655,-3798.119066591989,,,,1504.0,96.091
4169,2,262,266.310749891655,-3797.119066591989,,,,1504.0,96.08
4170,2,263,267.310749891655,-3796.119066591989,,,,1502.0,96.069
4171,2,264,268.310749891655,-3795.119066591989,,,,1501.0,96.057
4172,2,265,269.310749891655,-3794.119066591989,,,,1499.0,96.044
4173,2,266,270.310749891655,-3793.119066591989,,,,1498.0,96.031
4174,2,267,271.310749891655,-3792.119066591989,,,,1496.0,96.018
4175,2,268,272.310749891655,-3791.119066591989,,,,1496.0,96.004
4176,2,269,273.310749891655,-3790.119066591989,,,,1496.0,95.993
4177,2,270,274.310749891655,-3789.119066591989,,,,1495.0,95.982
4178,2,271,275.310749891655,-3788.119066591989,,,,1493.0,95.97
4179,2,272,276.310749891655,-3787.119066591989,,,,1491.0,95.959
4180,2,273,277.310749891655,-3786.119066591989,,,,1489.0,95.947
4181,2,274,278.310749891655,-3785.119066591989,,,,1487.0,95.933
4182,2,275,279.310749891655,-3784.119066591989,,,,1486.0,95.919
4183,2,276,280.310749891655,-3783.119066591989,,,,1484.0,95.905
4184,2,277,281.310749891655,-3782.119066591989,,,,1483.0,95.89
4185,2,278,282.310749891655,-3781.119066591989,,,,1481.0,95.875
4186,2,279,283.310749891655,-3780.119066591989,,,,1479.0,95.86
4187,2,280,284.310749891655,-3779.119066591989,,,,1477.0,95.847
4188,2,281,285.310749891655,-3778.119066591989,,,,1477.0,95.833
4189,2,282,286.310749891655,-3777.119066591989,,,,1475.0,95.818
4190,2,283,287.310749891655,-3776.119066591989,,,,1472.0,95.804
4191,2,284,288.310749891655,-3775.119066591989,,,,1471.0,95.791
4192,2,285,289.310749891655,-3774.119066591989,,,,1469.0,95.776
4193,2,286,290.310749891655,-3773.119066591989,,,,1467.0,95.761
4194,2,287,291.310749891655,-3772.119066591989,,,,1465.0,95.747
4195,2,288,292.310749891655,-3771.119066591989,,,,1463.0,95.731
4196,2,289,293.310749891655,-3770.119066591989,,,,1461.0,95.717
4197,2,290,294.310749891655,-3769.119066591989,,,,1459.0,95.702
4198,2,291,295.310749891655,-3768.119066591989,,,,1459.0,95.688
4199,2,292,296.310749891655,-3767.119066591989,,,,1457.0,95.674
4200,2,293,297.310749891655,-3766.119066591989,,,,1456.0,95.661
4201,2,294,298.310749891655,-3765.119066591989,,,,1454.0,95.646
4202,2,295,299.310749891655,-3764.119066591989,,,,1452.0,95.632
4203,2,296,300.310749891655,-3763.119066591989,,,,1450.0,95.617
4204,2,297,301.310749891655,-3762.119066591989,,,,1449.0,95.601
4205,2,298,302.310749891655,-3761.119066591989,,,,1447.0,95.587
4206,2,299,303.310749891655,-3760.119066591989,,,,1446.0,95.571
4207,2,300,304.310749891655,-3759.119066591989,,,,1445.0,95.557
4208,2,301,305.310749891655,-3758.119066591989,,,,1444.0,95.543
4209,2,302,306.310749891655,-3757.119066591989,,,,1444.0,95.529
4210,2,303,307.310749891655,-3756.119066591989,,,,1442.0,95.517
4211,2,304,308.310749891655,-3755.119066591989,,,,1442.0,95.503
4212,2,305,309.310749891655,-3754.119066591989,,,,1440.0,95.49
4213,2,306,310.310749891655,-3753.119066591989,,,,1441.0,95.477
4214,2,307,311.310749891655,-3752.119066591989,,,,1441.0,95.466
4215,2,308,312.310749891655,-3751.119066591989,,,,1443.0,95.455
4216,2,309,313.310749891655,-3750.119066591989,,,,1445.0,95.445
4217,2,310,314.310749891655,-3749.119066591989,,,,1445.0,95.438
4218,2,311,315.310749891655,-3748.119066591989,,,,1446.0,95.428
4219,2,312,316.310749891655,-3747.119066591989,,,,1445.0,95.418
4220,2,313,317.310749891655,-3746.119066591989,,,,1444.0,95.406
4221,2,314,318.310749891655,-3745.119066591989,,,,1443.0,95.395
4222,2,315,319.310749891655,-3744.119066591989,,,,1443.0,95.384
4223,2,316,320.310749891655,-3743.119066591989,,,,1444.0,95.374
4224,2,317,321.310749891655,-3742.119066591989,,,,1443.0,95.365
4225,2,318,322.310749891655,-3741.119066591989,,,,1442.0,95.355
4226,2,319,323.310749891655,-3740.119066591989,,,,1441.0,95.344
4227,2,320,324.310749891655,-3739.119066591989,,,,1439.0,95.333
4228,2,321,325.310749891655,-3738.119066591989,,,,1438.0,95.32
4229,2,322,326.310749891655,-3737.119066591989,,,,1438.0,95.307
4230,2,323,327.310749891655,-3736.119066591989,,,,1440.0,95.295
4231,2,324,328.310749891655,-3735.119066591989,,,,1441.0,95.286
4232,2,325,329.310749891655,-3734.119066591989,,,,1445.0,95.275
4233,2,326,330.310749891655,-3733.119066591989,,,,1449.0,95.267
4234,2,327,331.310749891655,-3732.119066591989,,,,1452.0,95.259
4235,2,328,332.310749891655,-3731.119066591989,,,,1456.0,95.254
4236,2,329,333.310749891655,-3730.119066591989,,,,1458.0,95.25
4237,2,330,334.310749891655,-3729.119066591989,,,,1460.0,95.248
4257,2,350,354.310749891655,-3709.119066591989,,,,1480.0,95.24
4258,2,351,355.310749891655,-3708.119066591989,,,,1483.0,95.235
4259,2,352,356.310749891655,-3707.119066591989,,,,1486.0,95.233
4260,2,353,357.310749891655,-3706.119066591989,,,,1487.0,95.232
4276,2,369,373.310749891655,-3690.119066591989,,,,1496.0,95.224
4277,2,370,374.310749891655,-3689.119066591989,,,,1495.0,95.217
4278,2,371,375.310749891655,-3688.119066591989,,,,1493.0,95.207
4279,2,372,376.310749891655,-3687.119066591989,,,,1490.0,95.196
4280,2,373,377.310749891655,-3686.119066591989,,,,1489.0,95.187
4281,2,374,378.310749891655,-3685.119066591989,,,,1487.0,95.177
4282,2,375,379.310749891655,-3684.119066591989,,,,1487.0,95.168
4283,2,376,380.310749891655,-3683.119066591989,,,,1485.0,95.159
4284,2,377,381.310749891655,-3682.119066591989,,,,1484.0,95.151
4285,2,378,382.310749891655,-3681.119066591989,,,,1482.0,95.141
4286,2,379,383.310749891655,-3680.119066591989,,,,1481.0,95.131
4287,2,380,384.310749891655,-3679.119066591989,,,,1480.0,95.12
4288,2,381,385.310749891655,-3678.119066591989,,,,1478.0,95.109
4289,2,382,386.310749891655,-3677.119066591989,,,,1478.0,95.097
4290,2,383,387.310749891655,-3676.119066591989,,,,1478.0,95.088
4291,2,384,388.310749891655,-3675.119066591989,,,,1478.0,95.079
4292,2,385,389.310749891655,-3674.119066591989,,,,1478.0,95.069
4293,2,386,390.310749891655,-3673.119066591989,,,,1478.0,95.059
4294,2,387,391.310749891655,-3672.119066591989,,,,1477.0,95.049
4295,2,388,392.310749891655,-3671.119066591989,,,,1477.0,95.04
4296,2,389,393.310749891655,-3670.119066591989,,,,1476.0,95.03
4297,2,390,394.310749891655,-3669.119066591989,,,,1475.0,95.022
4298,2,391,395.310749891655,-3668.119066591989,,,,1473.0,95.011
4299,2,392,396.310749891655,-3667.119066591989,,,,1470.0,95.0
4300,2,393,397.310749891655,-3666.119066591989,,,,1467.0,94.988
4301,2,394,398.310749891655,-3665.119066591989,,,,1466.0,94.974
4302,2,395,399.310749891655,-3664.119066591989,,,,1464.0,94.964
4303,2,396,400.310749891655,-3663.119066591989,,,,1462.0,94.951
4304,2,397,401.310749891655,-3662.119066591989,,,,1462.0,94.939
4305,2,398,402.310749891655,-3661.119066591989,,,,1461.0,94.927
4306,2,399,403.310749891655,-3660.119066591989,,,,1459.0,94.914
4307,2,400,404.310749891655,-3659.119066591989,,,,1457.0,94.901
4308,2,401,405.310749891655,-3658.119066591989,,,,1455.0,94.887
4309,2,402,406.310749891655,-3657.119066591989,,,,1453.0,94.874
4310,2,403,407.310749891655,-3656.119066591989,,,,1452.0,94.862
4311,2,404,408.310749891655,-3655.119066591989,,,,1451.0,94.851
4312,2,405,409.310749891655,-3654.119066591989,,,,1450.0,94.838
4313,2,406,410.310749891655,-3653.119066591989,,,,1448.0,94.826
4314,2,407,411.310749891655,-3652.119066591989,,,,1446.0,94.812
4315,2,408,412.310749891655,-3651.119066591989,,,,1444.0,94.8
4316,2,409,413.310749891655,-3650.119066591989,,,,1442.0,94.787
4317,2,410,414.310749891655,-3649.119066591989,,,,1440.0,94.774
4318,2,411,415.310749891655,-3648.119066591989,,,,1437.0,94.759
4319,2,412,416.310749891655,-3647.119066591989,,,,1436.0,94.745
4320,2,413,417.310749891655,-3646.119066591989,,,,1435.0,94.731
4321,2,414,418.310749891655,-3645.119066591989,,,,1435.0,94.718
4322,2,415,419.310749891655,-3644.119066591989,,,,1436.0,94.707
4323,2,416,420.310749891655,-3643.119066591989,,,,1435.0,94.697
4324,2,417,421.310749891655,-3642.119066591989,,,,1435.0,94.686
4325,2,418,422.310749891655,-3641.119066591989,,,,1434.0,94.674
4326,2,419,423.310749891655,-3640.119066591989,,,,1434.0,94.661
4327,2,420,424.310749891655,-3639.119066591989,,,,1434.0,94.648
4328,2,421,425.310749891655,-3638.119066591989,,,,1436.0,94.637
4329,2,422,426.310749891655,-3637.119066591989,,,,1439.0,94.629
4330,2,423,427.310749891655,-3636.119066591989,,,,1442.0,94.623
4331,2,424,428.310749891655,-3635.119066591989,,,,1443.0,94.617
4332,2,425,429.310749891655,-3634.119066591989,,,,1443.0,94.609
4333,2,426,430.310749891655,-3633.119066591989,,,,1442.0,94.6
4334,2,427,431.310749891655,-3632.119066591989,,,,1442.0,94.588
4335,2,428,432.310749891655,-3631.119066591989,,,,1443.0,94.577
4336,2,429,433.310749891655,-3630.119066591989,,,,1445.0,94.568
4337,2,430,434.310749891655,-3629.119066591989,,,,1449.0,94.561
4338,2,431,435.310749891655,-3628.119066591989,,,,1451.0,94.558
4339,2,432,436.310749891655,-3627.119066591989,,,,1451.0,94.556
4340,2,433,437.310749891655,-3626.119066591989,,,,1449.0,94.553
4341,2,434,438.310749891655,-3625.119066591989,,,,1447.0,94.544
4342,2,435,439.310749891655,-3624.119066591989,,,,1445.0,94.533
4343,2,436,440.310749891655,-3623.119066591989,,,,1445.0,94.523
4344,2,437,441.310749891655,-3622.119066591989,,,,1447.0,94.516
4345,2,438,442.310749891655,-3621.119066591989,,,,1448.0,94.511
4346,2,439,443.310749891655,-3620.119066591989,,,,1449.0,94.505
4347,2,440,444.310749891655,-3619.119066591989,,,,1448.0,94.5
4348,2,441,445.310749891655,-3618.119066591989,,,,1447.0,94.491
4349,2,442,446.310749891655,-3617.119066591989,,,,1446.0,94.482
4350,2,443,447.310749891655,-3616.119066591989,,,,1445.0,94.473
4351,2,444,448.310749891655,-3615.119066591989,,,,1445.0,94.467
4352,2,445,449.310749891655,-3614.119066591989,,,,1444.0,94.461
4353,2,446,450.310749891655,-3613.119066591989,,,,1443.0,94.456
4354,2,447,451.310749891655,-3612.119066591989,,,,1439.0,94.447
4355,2,448,452.310749891655,-3611.119066591989,,,,1436.0,94.438
4356,2,449,453.310749891655,-3610.119066591989,,,,1435.0,94.426
4357,2,450,454.310749891655,-3609.119066591989,,,,1437.0,94.418
4358,2,451,455.310749891655,-3608.119066591989,,,,1439.0,94.413
4359,2,452,456.310749891655,-3607.119066591989,,,,1441.0,94.406
4360,2,453,457.310749891655,-3606.119066591989,,,,1443.0,94.401
4361,2,454,458.310749891655,-3605.119066591989,,,,1442.0,94.394
4362,2,455,459.310749891655,-3604.119066591989,,,,1442.0,94.384
4363,2,456,460.310749891655,-3603.119066591989,,,,1442.0,94.376
4364,2,457,461.310749891655,-3602.119066591989,,,,1442.0,94.37
4365,2,458,462.310749891655,-3601.119066591989,,,,1442.0,94.364
4366,2,459,463.310749891655,-3600.119066591989,,,,1443.0,94.359
4367,2,460,464.310749891655,-3599.119066591989,,,,1444.0,94.354
4368,2,461,465.310749891655,-3598.119066591989,,,,1445.0,94.345
4369,2,462,466.310749891655,-3597.119066591989,,,,1445.0,94.339
4370,2,463,467.310749891655,-3596.119066591989,,,,1446.0,94.332
4371,2,464,468.310749891655,-3595.119066591989,,,,1446.0,94.325
4372,2,465,469.310749891655,-3594.119066591989,,,,1447.0,94.318
4373,2,466,470.310749891655,-3593.119066591989,,,,1447.0,94.311
4374,2,467,471.310749891655,-3592.119066591989,,,,1446.0,94.305
4375,2,468,472.310749891655,-3591.119066591989,,,,1445.0,94.298
4376,2,469,473.310749891655,-3590.119066591989,,,,1445.0,94.291
4377,2,470,474.310749891655,-3589.119066591989,,,,1444.0,94.285
4378,2,471,475.310749891655,-3588.119066591989,,,,1443.0,94.278
4379,2,472,476.310749891655,-3587.119066591989,,,,1443.0,94.272
4380,2,473,477.310749891655,-3586.119066591989,,,,1443.0,94.265
4381,2,474,478.310749891655,-3585.119066591989,,,,1443.0,94.26
4382,2,475,479.310749891655,-3584.119066591989,,,,1445.0,94.255
4383,2,476,480.310749891655,-3583.119066591989,,,,1446.0,94.249
4384,2,477,481.310749891655,-3582.119066591989,,,,1449.0,94.246
4385,2,478,482.310749891655,-3581.119066591989,,,,1451.0,94.243
4386,2,479,483.310749891655,-3580.119066591989,,,,1452.0,94.241
4387,2,480,484.310749891655,-3579.119066591989,,,,1454.0,94.24
4402,2,495,499.310749891655,-3564.119066591989,,,,1469.0,94.231
4403,2,496,500.310749891655,-3563.119066591989,,,,1470.0,94.222
4404,2,497,501.310749891655,-3562.119066591989,,,,1471.0,94.217
4405,2,498,502.310749891655,-3561.119066591989,,,,1473.0,94.215
4427,2,520,524.310749891655,-3539.119066591989,,,,1481.0,94.211
4428,2,521,525.310749891655,-3538.119066591989,,,,1480.0,94.207
4429,2,522,526.310749891655,-3537.119066591989,,,,1479.0,94.206
4430,2,523,527.310749891655,-3536.119066591989,,,,1478.0,94.205
4538,2,631,635.310749891655,-3428.119066591989,,,,1508.0,94.196
4539,2,632,636.310749891655,-3427.119066591989,,,,1508.0,94.187
4540,2,633,637.310749891655,-3426.119066591989,,,,1507.0,94.177
4541,2,634,638.310749891655,-3425.119066591989,,,,1507.0,94.168
4542,2,635,639.310749891655,-3424.119066591989,,,,1507.0,94.159
4543,2,636,640.310749891655,-3423.119066591989,,,,1506.0,94.15
4544,2,637,641.310749891655,-3422.119066591989,,,,1507.0,94.141
4545,2,638,642.310749891655,-3421.119066591989,,,,1507.0,94.132
4546,2,639,643.310749891655,-3420.119066591989,,,,1506.0,94.125
4547,2,640,644.310749891655,-3419.119066591989,,,,1504.0,94.117
4548,2,641,645.310749891655,-3418.119066591989,,,,1502.0,94.109
4549,2,642,646.310749891655,-3417.119066591989,,,,1499.0,94.097
4550,2,643,647.310749891655,-3416.119066591989,,,,1497.0,94.086
4551,2,644,648.310749891655,-3415.119066591989,,,,1497.0,94.073
4552,2,645,649.310749891655,-3414.119066591989,,,,1496.0,94.064
4553,2,646,650.310749891655,-3413.119066591989,,,,1496.0,94.054
4554,2,647,651.310749891655,-3412.119066591989,,,,1495.0,94.044
4555,2,648,652.310749891655,-3411.119066591989,,,,1494.0,94.031
4556,2,649,653.310749891655,-3410.119066591989,,,,1493.0,94.018
4557,2,650,654.310749891655,-3409.119066591989,,,,1493.0,94.008
4558,2,651,655.310749891655,-3408.119066591989,,,,1493.0,93.995
4559,2,652,656.310749891655,-3407.119066591989,,,,1493.0,93.985
4560,2,653,657.310749891655,-3406.119066591989,,,,1493.0,93.975
4561,2,654,658.310749891655,-3405.119066591989,,,,1493.0,93.965
4562,2,655,659.310749891655,-3404.119066591989,,,,1493.0,93.954
4563,2,656,660.310749891655,-3403.119066591989,,,,1493.0,93.944
4564,2,657,661.310749891655,-3402.119066591989,,,,1493.0,93.933
4565,2,658,662.310749891655,-3401.119066591989,,,,1493.0,93.923
4566,2,659,663.310749891655,-3400.119066591989,,,,1492.0,93.914
4567,2,660,664.310749891655,-3399.119066591989,,,,1492.0,93.904
4568,2,661,665.310749891655,-3398.119066591989,,,,1491.0,93.895
4569,2,662,666.310749891655,-3397.119066591989,,,,1490.0,93.885
4570,2,663,667.310749891655,-3396.119066591989,,,,1489.0,93.875
4571,2,664,668.310749891655,-3395.119066591989,,,,1488.0,93.865
4572,2,665,669.310749891655,-3394.119066591989,,,,1487.0,93.854
4573,2,666,670.310749891655,-3393.119066591989,,,,1486.0,93.844
4574,2,667,671.310749891655,-3392.119066591989,,,,1484.0,93.833
4575,2,668,672.310749891655,-3391.119066591989,,,,1483.0,93.822
4576,2,669,673.310749891655,-3390.119066591989,,,,1482.0,93.813
4577,2,670,674.310749891655,-3389.119066591989,,,,1480.0,93.802
4578,2,671,675.310749891655,-3388.119066591989,,,,1478.0,93.791
4579,2,672,676.310749891655,-3387.119066591989,,,,1477.0,93.782
4580,2,673,677.310749891655,-3386.119066591989,,,,1474.0,93.772
4581,2,674,678.310749891655,-3385.119066591989,,,,1472.0,93.761
4582,2,675,679.310749891655,-3384.119066591989,,,,1468.0,93.753
4583,2,676,680.310749891655,-3383.119066591989,,,,1466.0,93.743
4584,2,677,681.310749891655,-3382.119066591989,,,,1463.0,93.735
4585,2,678,682.310749891655,-3381.119066591989,,,,1461.0,93.726
4586,2,679,683.310749891655,-3380.119066591989,,,,1459.0,93.716
4587,2,680,684.310749891655,-3379.119066591989,,,,1457.0,93.709
4588,2,681,685.310749891655,-3378.119066591989,,,,1454.0,93.701
4589,2,682,686.310749891655,-3377.119066591989,,,,1451.0,93.694
4590,2,683,687.310749891655,-3376.119066591989,,,,1447.0,93.686
4591,2,684,688.310749891655,-3375.119066591989,,,,1445.0,93.681
4592,2,685,689.310749891655,-3374.119066591989,,,,1443.0,93.675
4593,2,686,690.310749891655,-3373.119066591989,,,,1441.0,93.669
4594,2,687,691.310749891655,-3372.119066591989,,,,1440.0,93.663
4595,2,688,692.310749891655,-3371.119066591989,,,,1439.0,93.658
4596,2,689,693.310749891655,-3370.119066591989,,,,1438.0,93.652
4597,2,690,694.310749891655,-3369.119066591989,,,,1438.0,93.645
4598,2,691,695.310749891655,-3368.119066591989,,,,1440.0,93.639
4599,2,692,696.310749891655,-3367.119066591989,,,,1441.0,93.632
4600,2,693,697.310749891655,-3366.119066591989,,,,1443.0,93.625
4601,2,694,698.310749891655,-3365.119066591989,,,,1445.0,93.618
4602,2,695,699.310749891655,-3364.119066591989,,,,1447.0,93.612
4603,2,696,700.310749891655,-3363.119066591989,,,,1447.0,93.604
4604,2,697,701.310749891655,-3362.119066591989,,,,1448.0,93.598
4605,2,698,702.310749891655,-3361.119066591989,,,,1447.0,93.591
4606,2,699,703.310749891655,-3360.119066591989,,,,1447.0,93.586
4607,2,700,704.310749891655,-3359.119066591989,,,,1446.0,93.58
4608,2,701,705.310749891655,-3358.119066591989,,,,1445.0,93.574
4609,2,702,706.310749891655,-3357.119066591989,,,,1444.0,93.569
4610,2,703,707.310749891655,-3356.119066591989,,,,1444.0,93.565
4611,2,704,708.310749891655,-3355.119066591989,,,,1444.0,93.561
4612,2,705,709.310749891655,-3354.119066591989,,,,1443.0,93.555
4613,2,706,710.310749891655,-3353.119066591989,,,,1443.0,93.551
4614,2,707,711.310749891655,-3352.119066591989,,,,1440.0,93.544
4615,2,708,712.310749891655,-3351.119066591989,,,,1438.0,93.534
4616,2,709,713.310749891655,-3350.119066591989,,,,1434.0,93.522
4617,2,710,714.310749891655,-3349.119066591989,,,,1431.0,93.508
4618,2,711,715.310749891655,-3348.119066591989,,,,1429.0,93.494
4619,2,712,716.310749891655,-3347.119066591989,,,,1427.0,93.48
4620,2,713,717.310749891655,-3346.119066591989,,,,1426.0,93.466
4621,2,714,718.310749891655,-3345.119066591989,,,,1425.0,93.452
4622,2,715,719.310749891655,-3344.119066591989,,,,1423.0,93.44
4623,2,716,720.310749891655,-3343.119066591989,,,,1422.0,93.428
4624,2,717,721.310749891655,-3342.119066591989,,,,1419.0,93.415
4625,2,718,722.310749891655,-3341.119066591989,,,,1415.0,93.403
4626,2,719,723.310749891655,-3340.119066591989,,,,1413.0,93.389
4627,2,720,724.310749891655,-3339.119066591989,,,,1409.0,93.375
4628,2,721,725.310749891655,-3338.119066591989,,,,1407.0,93.362
4629,2,722,726.310749891655,-3337.119066591989,,,,1406.0,93.348
4630,2,723,727.310749891655,-3336.119066591989,,,,1404.0,93.335
4631,2,724,728.310749891655,-3335.119066591989,,,,1403.0,93.323
4632,2,725,729.310749891655,-3334.119066591989,,,,1401.0,93.311
4633,2,726,730.310749891655,-3333.119066591989,,,,1397.0,93.297
4634,2,727,731.310749891655,-3332.119066591989,,,,1393.0,93.283
4635,2,728,732.310749891655,-3331.119066591989,,,,1388.0,93.267
4636,2,729,733.310749891655,-3330.119066591989,,,,1383.0,93.249
4637,2,730,734.310749891655,-3329.119066591989,,,,1382.0,93.232
4638,2,731,735.310749891655,-3328.119066591989,,,,1381.0,93.216
4639,2,732,736.310749891655,-3327.119066591989,,,,1381.0,93.201
4640,2,733,737.310749891655,-3326.119066591989,,,,1381.0,93.189
4641,2,734,738.310749891655,-3325.119066591989,,,,1380.0,93.175
4642,2,735,739.310749891655,-3324.119066591989,,,,1378.0,93.161
4643,2,736,740.310749891655,-3323.119066591989,,,,1376.0,93.144
4644,2,737,741.310749891655,-3322.119066591989,,,,1374.0,93.129
4645,2,738,742.310749891655,-3321.119066591989,,,,1372.0,93.112
4646,2,739,743.310749891655,-3320.119066591989,,,,1371.0,93.095
4647,2,740,744.310749891655,-3319.119066591989,,,,1370.0,93.08
4648,2,741,745.310749891655,-3318.119066591989,,,,1370.0,93.064
4649,2,742,746.310749891655,-3317.119066591989,,,,1370.0,93.049
4650,2,743,747.310749891655,-3316.119066591989,,,,1368.0,93.033
4651,2,744,748.310749891655,-3315.119066591989,,,,1366.0,93.018
4652,2,745,749.310749891655,-3314.119066591989,,,,1365.0,93.001
4653,2,746,750.310749891655,-3313.119066591989,,,,1363.0,92.985
4654,2,747,751.310749891655,-3312.119066591989,,,,1361.0,92.966
4655,2,748,752.310749891655,-3311.119066591989,,,,1359.0,92.949
4656,2,749,753.310749891655,-3310.119066591989,,,,1359.0,92.933
4657,2,750,754.310749891655,-3309.119066591989,,,,1358.0,92.919
4658,2,751,755.310749891655,-3308.119066591989,,,,1359.0,92.906
4659,2,752,756.310749891655,-3307.119066591989,,,,1358.0,92.894
4660,2,753,757.310749891655,-3306.119066591989,,,,1357.0,92.884
4661,2,754,758.310749891655,-3305.119066591989,,,,1357.0,92.873
4662,2,755,759.310749891655,-3304.119066591989,,,,1355.0,92.86
4663,2,756,760.310749891655,-3303.119066591989,,,,1352.0,92.847
4664,2,757,761.310749891655,-3302.119066591989,,,,1350.0,92.834
4665,2,758,762.310749891655,-3301.119066591989,,,,1347.0,92.821
4666,2,759,763.310749891655,-3300.119066591989,,,,1344.0,92.807
4667,2,760,764.310749891655,-3299.119066591989,,,,1342.0,92.791
4668,2,761,765.310749891655,-3298.119066591989,,,,1341.0,92.776
4669,2,762,766.310749891655,-3297.119066591989,,,,1341.0,92.759
4670,2,763,767.310749891655,-3296.119066591989,,,,1342.0,92.743
4671,2,764,768.310749891655,-3295.119066591989,,,,1343.0,92.729
4672,2,765,769.310749891655,-3294.119066591989,,,,1344.0,92.718
4673,2,766,770.310749891655,-3293.119066591989,,,,1345.0,92.708
4674,2,767,771.310749891655,-3292.119066591989,,,,1344.0,92.695
4675,2,768,772.310749891655,-3291.119066591989,,,,1343.0,92.684
4676,2,769,773.310749891655,-3290.119066591989,,,,1340.0,92.67
4677,2,770,774.310749891655,-3289.119066591989,,,,1339.0,92.655
4678,2,771,775.310749891655,-3288.119066591989,,,,1337.0,92.639
4679,2,772,776.310749891655,-3287.119066591989,,,,1335.0,92.624
4680,2,773,777.310749891655,-3286.119066591989,,,,1335.0,92.609
4681,2,774,778.310749891655,-3285.119066591989,,,,1333.0,92.597
4682,2,775,779.310749891655,-3284.119066591989,,,,1333.0,92.583
4683,2,776,780.310749891655,-3283.119066591989,,,,1332.0,92.569
4684,2,777,781.310749891655,-3282.119066591989,,,,1330.0,92.555
4685,2,778,782.310749891655,-3281.119066591989,,,,1328.0,92.542
4686,2,779,783.310749891655,-3280.119066591989,,,,1327.0,92.529
4687,2,780,784.310749891655,-3279.119066591989,,,,1325.0,92.516
4688,2,781,785.310749891655,-3278.119066591989,,,,1324.0,92.503
4689,2,782,786.310749891655,-3277.119066591989,,,,1323.0,92.492
4690,2,783,787.310749891655,-3276.119066591989,,,,1322.0,92.48
4691,2,784,788.310749891655,-3275.119066591989,,,,1321.0,92.467
4692,2,785,789.310749891655,-3274.119066591989,,,,1319.0,92.456
4693,2,786,790.310749891655,-3273.119066591989,,,,1318.0,92.443
4694,2,787,791.310749891655,-3272.119066591989,,,,1317.0,92.43
4695,2,788,792.310749891655,-3271.119066591989,,,,1317.0,92.418
4696,2,789,793.310749891655,-3270.119066591989,,,,1315.0,92.406
4697,2,790,794.310749891655,-3269.119066591989,,,,1314.0,92.393
4698,2,791,795.310749891655,-3268.119066591989,,,,1312.0,92.38
4699,2,792,796.310749891655,-3267.119066591989,,,,1310.0,92.366
4700,2,793,797.310749891655,-3266.119066591989,,,,1308.0,92.354
4701,2,794,798.310749891655,-3265.119066591989,,,,1307.0,92.341
4702,2,795,799.310749891655,-3264.119066591989,,,,1307.0,92.329
4703,2,796,800.310749891655,-3263.119066591989,,,,1305.0,92.317
4704,2,797,801.310749891655,-3262.119066591989,,,,1305.0,92.305
4705,2,798,802.310749891655,-3261.119066591989,,,,1303.0,92.293
4706,2,799,803.310749891655,-3260.119066591989,,,,1300.0,92.281
4707,2,800,804.310749891655,-3259.119066591989,,,,1298.0,92.268
4708,2,801,805.310749891655,-3258.119066591989,,,,1298.0,92.254
4709,2,802,806.310749891655,-3257.119066591989,,,,1298.0,92.241
4710,2,803,807.310749891655,-3256.119066591989,,,,1297.0,92.228
4711,2,804,808.310749891655,-3255.119066591989,,,,1297.0,92.217
4712,2,805,809.310749891655,-3254.119066591989,,,,1296.0,92.203
4713,2,806,810.310749891655,-3253.119066591989,,,,1295.0,92.19
4714,2,807,811.310749891655,-3252.119066591989,,,,1294.0,92.177
4715,2,808,812.310749891655,-3251.119066591989,,,,1293.0,92.165
4716,2,809,813.310749891655,-3250.119066591989,,,,1292.0,92.151
4717,2,810,814.310749891655,-3249.119066591989,,,,1291.0,92.138
4718,2,811,815.310749891655,-3248.119066591989,,,,1289.0,92.125
4719,2,812,816.310749891655,-3247.119066591989,,,,1288.0,92.113
4720,2,813,817.310749891655,-3246.119066591989,,,,1286.0,92.099
4721,2,814,818.310749891655,-3245.119066591989,,,,1284.0,92.086
4722,2,815,819.310749891655,-3244.119066591989,,,,1283.0,92.072
4723,2,816,820.310749891655,-3243.119066591989,,,,1281.0,92.06
4724,2,817,821.310749891655,-3242.119066591989,,,,1279.0,92.046
4725,2,818,822.310749891655,-3241.119066591989,,,,1278.0,92.032
4726,2,819,823.310749891655,-3240.119066591989,,,,1277.0,92.018
4727,2,820,824.310749891655,-3239.119066591989,,,,1274.0,92.003
4728,2,821,825.310749891655,-3238.119066591989,,,,1273.0,91.989
4729,2,822,826.310749891655,-3237.119066591989,,,,1273.0,91.975
4730,2,823,827.310749891655,-3236.119066591989,,,,1272.0,91.963
4731,2,824,828.310749891655,-3235.119066591989,,,,1271.0,91.951
4732,2,825,829.310749891655,-3234.119066591989,,,,1271.0,91.94
4733,2,826,830.310749891655,-3233.119066591989,,,,1269.0,91.93
4734,2,827,831.310749891655,-3232.119066591989,,,,1268.0,91.918
4735,2,828,832.310749891655,-3231.119066591989,,,,1266.0,91.906
4736,2,829,833.310749891655,-3230.119066591989,,,,1264.0,91.895
4737,2,830,834.310749891655,-3229.119066591989,,,,1262.0,91.881
4738,2,831,835.310749891655,-3228.119066591989,,,,1260.0,91.867
4739,2,832,836.310749891655,-3227.119066591989,,,,1259.0,91.853
4740,2,833,837.310749891655,-3226.119066591989,,,,1258.0,91.841
4741,2,834,838.310749891655,-3225.119066591989,,,,1258.0,91.828
4742,2,835,839.310749891655,-3224.119066591989,,,,1256.0,91.814
4743,2,836,840.310749891655,-3223.119066591989,,,,1254.0,91.8
4744,2,837,841.310749891655,-3222.119066591989,,,,1253.0,91.783
4745,2,838,842.310749891655,-3221.119066591989,,,,1252.0,91.767
4746,2,839,843.310749891655,-3220.119066591989,,,,1253.0,91.751
4747,2,840,844.310749891655,-3219.119066591989,,,,1253.0,91.737
4748,2,841,845.310749891655,-3218.119066591989,,,,1253.0,91.724
4749,2,842,846.310749891655,-3217.119066591989,,,,1253.0,91.711
4750,2,843,847.310749891655,-3216.119066591989,,,,1252.0,91.697
4751,2,844,848.310749891655,-3215.119066591989,,,,1250.0,91.683
4752,2,845,849.310749891655,-3214.119066591989,,,,1248.0,91.666
4753,2,846,850.310749891655,-3213.119066591989,,,,1247.0,91.651
4754,2,847,851.310749891655,-3212.119066591989,,,,1245.0,91.636
4755,2,848,852.310749891655,-3211.119066591989,,,,1244.0,91.622
4756,2,849,853.310749891655,-3210.119066591989,,,,1243.0,91.607
4757,2,850,854.310749891655,-3209.119066591989,,,,1242.0,91.594
4758,2,851,855.310749891655,-3208.119066591989,,,,1240.0,91.578
4759,2,852,856.310749891655,-3207.119066591989,,,,1238.0,91.564
4760,2,853,857.310749891655,-3206.119066591989,,,,1236.0,91.548
4761,2,854,858.310749891655,-3205.119066591989,,,,1232.0,91.533
4762,2,855,859.310749891655,-3204.119066591989,,,,1231.0,91.517
4763,2,856,860.310749891655,-3203.119066591989,,,,1230.0,91.501
4764,2,857,861.310749891655,-3202.119066591989,,,,1229.0,91.486
4765,2,858,862.310749891655,-3201.119066591989,,,,1229.0,91.473
4766,2,859,863.310749891655,-3200.119066591989,,,,1228.0,91.461
4767,2,860,864.310749891655,-3199.119066591989,,,,1228.0,91.448
4768,2,861,865.310749891655,-3198.119066591989,,,,1227.0,91.435
4769,2,862,866.310749891655,-3197.119066591989,,,,1225.0,91.421
4770,2,863,867.310749891655,-3196.119066591989,,,,1224.0,91.408
4771,2,864,868.310749891655,-3195.119066591989,,,,1224.0,91.395
4772,2,865,869.310749891655,-3194.119066591989,,,,1222.0,91.381
4773,2,866,870.310749891655,-3193.119066591989,,,,1219.0,91.368
4774,2,867,871.310749891655,-3192.119066591989,,,,1217.0,91.354
4775,2,868,872.310749891655,-3191.119066591989,,,,1215.0,91.34
4776,2,869,873.310749891655,-3190.119066591989,,,,1212.0,91.325
4777,2,870,874.310749891655,-3189.119066591989,,,,1210.0,91.311
4778,2,871,875.310749891655,-3188.119066591989,,,,1208.0,91.298
4779,2,872,876.310749891655,-3187.119066591989,,,,1206.0,91.284
4780,2,873,877.310749891655,-3186.119066591989,,,,1205.0,91.27
4781,2,874,878.310749891655,-3185.119066591989,,,,1204.0,91.257
4782,2,875,879.310749891655,-3184.119066591989,,,,1203.0,91.245
4783,2,876,880.310749891655,-3183.119066591989,,,,1202.0,91.233
4784,2,877,881.310749891655,-3182.119066591989,,,,1200.0,91.22
4785,2,878,882.310749891655,-3181.119066591989,,,,1197.0,91.206
4786,2,879,883.310749891655,-3180.119066591989,,,,1197.0,91.192
4787,2,880,884.310749891655,-3179.119066591989,,,,1195.0,91.18
4788,2,881,885.310749891655,-3178.119066591989,,,,1194.0,91.169
4789,2,882,886.310749891655,-3177.119066591989,,,,1193.0,91.156
4790,2,883,887.310749891655,-3176.119066591989,,,,1191.0,91.143
4791,2,884,888.310749891655,-3175.119066591989,,,,1191.0,91.129
4792,2,885,889.310749891655,-3174.119066591989,,,,1189.0,91.115
4793,2,886,890.310749891655,-3173.119066591989,,,,1188.0,91.102
4794,2,887,891.310749891655,-3172.119066591989,,,,1187.0,91.089
4795,2,888,892.310749891655,-3171.119066591989,,,,1187.0,91.077
4796,2,889,893.310749891655,-3170.119066591989,,,,1186.0,91.063
4797,2,890,894.310749891655,-3169.119066591989,,,,1184.0,91.052
4798,2,891,895.310749891655,-3168.119066591989,,,,1184.0,91.039
4799,2,892,896.310749891655,-3167.119066591989,,,,1183.0,91.026
4800,2,893,897.310749891655,-3166.119066591989,,,,1182.0,91.013
4801,2,894,898.310749891655,-3165.119066591989,,,,1182.0,91.002
4802,2,895,899.310749891655,-3164.119066591989,,,,1182.0,90.99
4803,2,896,900.310749891655,-3163.119066591989,,,,1181.0,90.978
4804,2,897,901.310749891655,-3162.119066591989,,,,1180.0,90.965
4805,2,898,902.310749891655,-3161.119066591989,,,,1180.0,90.953
4806,2,899,903.310749891655,-3160.119066591989,,,,1179.0,90.939
4807,2,900,904.310749891655,-3159.119066591989,,,,1179.0,90.927
4808,2,901,905.310749891655,-3158.119066591989,,,,1179.0,90.915
4809,2,902,906.310749891655,-3157.119066591989,,,,1179.0,90.904
4810,2,903,907.310749891655,-3156.119066591989,,,,1179.0,90.892
4811,2,904,908.310749891655,-3155.119066591989,,,,1179.0,90.88
4812,2,905,909.310749891655,-3154.119066591989,,,,1179.0,90.867
4813,2,906,910.310749891655,-3153.119066591989,,,,1179.0,90.856
4814,2,907,911.310749891655,-3152.119066591989,,,,1179.0,90.844
4815,2,908,912.310749891655,-3151.119066591989,,,,1178.0,90.831
4816,2,909,913.310749891655,-3150.119066591989,,,,1178.0,90.819
4817,2,910,914.310749891655,-3149.119066591989,,,,1179.0,90.807
4818,2,911,915.310749891655,-3148.119066591989,,,,1180.0,90.796
4819,2,912,916.310749891655,-3147.119066591989,,,,1181.0,90.786
4820,2,913,917.310749891655,-3146.119066591989,,,,1182.0,90.776
4821,2,914,918.310749891655,-3145.119066591989,,,,1183.0,90.765
4822,2,915,919.310749891655,-3144.119066591989,,,,1183.0,90.756
4823,2,916,920.310749891655,-3143.119066591989,,,,1181.0,90.745
4824,2,917,921.310749891655,-3142.119066591989,,,,1180.0,90.733
4825,2,918,922.310749891655,-3141.119066591989,,,,1178.0,90.723
4826,2,919,923.310749891655,-3140.119066591989,,,,1179.0,90.711
4827,2,920,924.310749891655,-3139.119066591989,,,,1178.0,90.7
4828,2,921,925.310749891655,-3138.119066591989,,,,1177.0,90.691
4829,2,922,926.310749891655,-3137.119066591989,,,,1177.0,90.681
4830,2,923,927.310749891655,-3136.119066591989,,,,1175.0,90.67
4831,2,924,928.310749891655,-3135.119066591989,,,,1172.0,90.659
4832,2,925,929.310749891655,-3134.119066591989,,,,1169.0,90.646
4833,2,926,930.310749891655,-3133.119066591989,,,,1167.0,90.632
4834,2,927,931.310749891655,-3132.119066591989,,,,1166.0,90.619
4835,2,928,932.310749891655,-3131.119066591989,,,,1165.0,90.607
4836,2,929,933.310749891655,-3130.119066591989,,,,1164.0,90.594
4837,2,930,934.310749891655,-3129.119066591989,,,,1164.0,90.583
4838,2,931,935.310749891655,-3128.119066591989,,,,1163.0,90.569
4839,2,932,936.310749891655,-3127.119066591989,,,,1162.0,90.558
4840,2,933,937.310749891655,-3126.119066591989,,,,1163.0,90.545
4841,2,934,938.310749891655,-3125.119066591989,,,,1164.0,90.533
4842,2,935,939.310749891655,-3124.119066591989,,,,1165.0,90.522
4843,2,936,940.310749891655,-3123.119066591989,,,,1166.0,90.513
4844,2,937,941.310749891655,-3122.119066591989,,,,1166.0,90.502
4845,2,938,942.310749891655,-3121.119066591989,,,,1167.0,90.493
4846,2,939,943.310749891655,-3120.119066591989,,,,1167.0,90.482
4847,2,940,944.310749891655,-3119.119066591989,,,,1167.0,90.472
4848,2,941,945.310749891655,-3118.119066591989,,,,1168.0,90.463
4849,2,942,946.310749891655,-3117.119066591989,,,,1169.0,90.454
4850,2,943,947.310749891655,-3116.119066591989,,,,1169.0,90.446
4851,2,944,948.310749891655,-3115.119066591989,,,,1169.0,90.437
4852,2,945,949.310749891655,-3114.119066591989,,,,1168.0,90.428
4853,2,946,950.310749891655,-3113.119066591989,,,,1167.0,90.418
4854,2,947,951.310749891655,-3112.119066591989,,,,1166.0,90.406
4855,2,948,952.310749891655,-3111.119066591989,,,,1166.0,90.397
4856,2,949,953.310749891655,-3110.119066591989,,,,1165.0,90.385
4857,2,950,954.310749891655,-3109.119066591989,,,,1163.0,90.374
4858,2,951,955.310749891655,-3108.119066591989,,,,1162.0,90.363
4859,2,952,956.310749891655,-3107.119066591989,,,,1159.0,90.35
4860,2,953,957.310749891655,-3106.119066591989,,,,1156.0,90.336
4861,2,954,958.310749891655,-3105.119066591989,,,,1155.0,90.322
4862,2,955,959.310749891655,-3104.119066591989,,,,1155.0,90.308
4863,2,956,960.310749891655,-3103.119066591989,,,,1154.0,90.298
4864,2,957,961.310749891655,-3102.119066591989,,,,1153.0,90.285
4865,2,958,962.310749891655,-3101.119066591989,,,,1152.0,90.274
4866,2,959,963.310749891655,-3100.119066591989,,,,1150.0,90.264
4867,2,960,964.310749891655,-3099.119066591989,,,,1147.0,90.251
4868,2,961,965.310749891655,-3098.119066591989,,,,1145.0,90.238
4869,2,962,966.310749891655,-3097.119066591989,,,,1143.0,90.225
4870,2,963,967.310749891655,-3096.119066591989,,,,1142.0,90.213
4871,2,964,968.310749891655,-3095.119066591989,,,,1140.0,90.203
4872,2,965,969.310749891655,-3094.119066591989,,,,1138.0,90.192
4873,2,966,970.310749891655,-3093.119066591989,,,,1136.0,90.18
4874,2,967,971.310749891655,-3092.119066591989,,,,1132.0,90.168
4875,2,968,972.310749891655,-3091.119066591989,,,,1129.0,90.154
4876,2,969,973.310749891655,-3090.119066591989,,,,1127.0,90.142
4877,2,970,974.310749891655,-3089.119066591989,,,,1126.0,90.129
4878,2,971,975.310749891655,-3088.119066591989,,,,1125.0,90.117
4879,2,972,976.310749891655,-3087.119066591989,,,,1124.0,90.107
4880,2,973,977.310749891655,-3086.119066591989,,,,1123.0,90.095
4881,2,974,978.310749891655,-3085.119066591989,,,,1121.0,90.084
4882,2,975,979.310749891655,-3084.119066591989,,,,1119.0,90.073
4883,2,976,980.310749891655,-3083.119066591989,,,,1117.0,90.06
4884,2,977,981.310749891655,-3082.119066591989,,,,1115.0,90.048
4885,2,978,982.310749891655,-3081.119066591989,,,,1113.0,90.035
4886,2,979,983.310749891655,-3080.119066591989,,,,1111.0,90.022
4887,2,980,984.310749891655,-3079.119066591989,,,,1110.0,90.009
4888,2,981,985.310749891655,-3078.119066591989,,,,1109.0,89.998
4889,2,982,986.310749891655,-3077.119066591989,,,,1107.0,89.986
4890,2,983,987.310749891655,-3076.119066591989,,,,1105.0,89.974
4891,2,984,988.310749891655,-3075.119066591989,,,,1103.0,89.961
4892,2,985,989.310749891655,-3074.119066591989,,,,1101.0,89.949
4893,2,986,990.310749891655,-3073.119066591989,,,,1100.0,89.937
4894,2,987,991.310749891655,-3072.119066591989,,,,1100.0,89.924
4895,2,988,992.310749891655,-3071.119066591989,,,,1099.0,89.911
4896,2,989,993.310749891655,-3070.119066591989,,,,1098.0,89.901
4897,2,990,994.310749891655,-3069.119066591989,,,,1098.0,89.889
4898,2,991,995.310749891655,-3068.119066591989,,,,1097.0,89.878
4899,2,992,996.310749891655,-3067.119066591989,,,,1096.0,89.866
4900,2,993,997.310749891655,-3066.119066591989,,,,1095.0,89.855
4901,2,994,998.310749891655,-3065.119066591989,,,,1095.0,89.844
4902,2,995,999.310749891655,-3064.119066591989,,,,1094.0,89.832
4903,2,996,1000.310749891655,-3063.119066591989,,,,1092.0,89.819
4904,2,997,1001.310749891655,-3062.119066591989,,,,1093.0,89.809
4905,2,998,1002.310749891655,-3061.119066591989,,,,1091.0,89.796
4906,2,999,1003.310749891655,-3060.119066591989,,,,1090.0,89.784
4907,2,1000,1004.310749891655,-3059.119066591989,,,,1089.0,89.77
4908,2,1001,1005.310749891655,-3058.119066591989,,,,1088.0,89.758
4909,2,1002,1006.310749891655,-3057.119066591989,,,,1087.0,89.745
4910,2,1003,1007.310749891655,-3056.119066591989,,,,1086.0,89.731
4911,2,1004,1008.310749891655,-3055.119066591989,,,,1085.0,89.719
4912,2,1005,1009.310749891655,-3054.119066591989,,,,1085.0,89.708
4913,2,1006,1010.310749891655,-3053.119066591989,,,,1085.0,89.695
4914,2,1007,1011.310749891655,-3052.119066591989,,,,1083.0,89.682
4915,2,1008,1012.310749891655,-3051.119066591989,,,,1082.0,89.668
4916,2,1009,1013.310749891655,-3050.119066591989,,,,1082.0,89.657
4917,2,1010,1014.310749891655,-3049.119066591989,,,,1080.0,89.643
4918,2,1011,1015.310749891655,-3048.119066591989,,,,1079.0,89.63
4919,2,1012,1016.310749891655,-3047.119066591989,,,,1078.0,89.618
4920,2,1013,1017.310749891655,-3046.119066591989,,,,1075.0,89.607
4921,2,1014,1018.310749891655,-3045.119066591989,,,,1074.0,89.593
4922,2,1015,1019.310749891655,-3044.119066591989,,,,1072.0,89.581
4923,2,1016,1020.310749891655,-3043.119066591989,,,,1069.0,89.566
4924,2,1017,1021.310749891655,-3042.119066591989,,,,1066.0,89.554
4925,2,1018,1022.310749891655,-3041.119066591989,,,,1064.0,89.538
4926,2,1019,1023.310749891655,-3040.119066591989,,,,1062.0,89.524
4927,2,1020,1024.310749891655,-3039.119066591989,,,,1060.0,89.509
4928,2,1021,1025.310749891655,-3038.119066591989,,,,1059.0,89.495
4929,2,1022,1026.310749891655,-3037.119066591989,,,,1057.0,89.481
4930,2,1023,1027.310749891655,-3036.119066591989,,,,1055.0,89.468
4931,2,1024,1028.310749891655,-3035.119066591989,,,,1053.0,89.453
4932,2,1025,1029.310749891655,-3034.119066591989,,,,1051.0,89.439
4933,2,1026,1030.310749891655,-3033.119066591989,,,,1051.0,89.425
4934,2,1027,1031.310749891655,-3032.119066591989,,,,1050.0,89.412
4935,2,1028,1032.310749891655,-3031.119066591989,,,,1050.0,89.402
4936,2,1029,1033.310749891655,-3030.119066591989,,,,1049.0,89.39
4937,2,1030,1034.310749891655,-3029.119066591989,,,,1049.0,89.378
4938,2,1031,1035.310749891655,-3028.119066591989,,,,1047.0,89.365
4939,2,1032,1036.310749891655,-3027.119066591989,,,,1046.0,89.349
4940,2,1033,1037.310749891655,-3026.119066591989,,,,1047.0,89.335
4941,2,1034,1038.310749891655,-3025.119066591989,,,,1053.0,89.324
4942,2,1035,1039.310749891655,-3024.119066591989,,,,1057.0,89.317
4943,2,1036,1040.310749891655,-3023.119066591989,,,,1061.0,89.31
4944,2,1037,1041.310749891655,-3022.119066591989,,,,1063.0,89.304
4945,2,1038,1042.310749891655,-3021.119066591989,,,,1065.0,89.297
4946,2,1039,1043.310749891655,-3020.119066591989,,,,1066.0,89.288
4947,2,1040,1044.310749891655,-3019.119066591989,,,,1067.0,89.281
4948,2,1041,1045.310749891655,-3018.119066591989,,,,1070.0,89.277
4949,2,1042,1046.310749891655,-3017.119066591989,,,,1072.0,89.275
4962,2,1055,1059.310749891655,-3004.119066591989,,,,1087.0,89.272
4963,2,1056,1060.310749891655,-3003.119066591989,,,,1090.0,89.263
4964,2,1057,1061.310749891655,-3002.119066591989,,,,1092.0,89.254
4965,2,1058,1062.310749891655,-3001.119066591989,,,,1093.0,89.245
4966,2,1059,1063.310749891655,-3000.119066591989,,,,1094.0,89.239
4967,2,1060,1064.310749891655,-2999.119066591989,,,,1094.0,89.234
4968,2,1061,1065.310749891655,-2998.119066591989,,,,1096.0,89.232
4982,2,1075,1079.310749891655,-2984.119066591989,,,,1111.0,89.224
4983,2,1076,1080.310749891655,-2983.119066591989,,,,1113.0,89.217
4984,2,1077,1081.310749891655,-2982.119066591989,,,,1113.0,89.212
4985,2,1078,1082.310749891655,-2981.119066591989,,,,1114.0,89.21
4998,2,1091,1095.310749891655,-2968.119066591989,,,,1121.0,89.209
4999,2,1092,1096.310749891655,-2967.119066591989,,,,1122.0,89.197
5000,2,1093,1097.310749891655,-2966.119066591989,,,,1125.0,89.187
5001,2,1094,1098.310749891655,-2965.119066591989,,,,1127.0,89.177
5002,2,1095,1099.310749891655,-2964.119066591989,,,,1128.0,89.167
5003,2,1096,1100.310749891655,-2963.119066591989,,,,1128.0,89.155
5004,2,1097,1101.310749891655,-2962.119066591989,,,,1127.0,89.144
5005,2,1098,1102.310749891655,-2961.119066591989,,,,1126.0,89.13
5006,2,1099,1103.310749891655,-2960.119066591989,,,,1126.0,89.117
5007,2,1100,1104.310749891655,-2959.119066591989,,,,1128.0,89.103
5008,2,1101,1105.310749891655,-2958.119066591989,,,,1129.0,89.093
5009,2,1102,1106.310749891655,-2957.119066591989,,,,1131.0,89.082
5010,2,1103,1107.310749891655,-2956.119066591989,,,,1131.0,89.071
5011,2,1104,1108.310749891655,-2955.119066591989,,,,1132.0,89.062
5012,2,1105,1109.310749891655,-2954.119066591989,,,,1134.0,89.051
5013,2,1106,1110.310749891655,-2953.119066591989,,,,1134.0,89.042
5014,2,1107,1111.310749891655,-2952.119066591989,,,,1135.0,89.033
5015,2,1108,1112.310749891655,-2951.119066591989,,,,1135.0,89.025
5016,2,1109,1113.310749891655,-2950.119066591989,,,,1134.0,89.016
5017,2,1110,1114.310749891655,-2949.119066591989,,,,1133.0,89.009
5018,2,1111,1115.310749891655,-2948.119066591989,,,,1132.0,89.001
5019,2,1112,1116.310749891655,-2947.119066591989,,,,1131.0,88.99
5020,2,1113,1117.310749891655,-2946.119066591989,,,,1130.0,88.978
5021,2,1114,1118.310749891655,-2945.119066591989,,,,1130.0,88.967
5022,2,1115,1119.310749891655,-2944.119066591989,,,,1131.0,88.956
5023,2,1116,1120.310749891655,-2943.119066591989,,,,1131.0,88.946
5024,2,1117,1121.310749891655,-2942.119066591989,,,,1131.0,88.935
5025,2,1118,1122.310749891655,-2941.119066591989,,,,1132.0,88.923
5026,2,1119,1123.310749891655,-2940.119066591989,,,,1132.0,88.913
5027,2,1120,1124.310749891655,-2939.119066591989,,,,1134.0,88.901
5028,2,1121,1125.310749891655,-2938.119066591989,,,,1135.0,88.891
5029,2,1122,1126.310749891655,-2937.119066591989,,,,1135.0,88.879
5030,2,1123,1127.310749891655,-2936.119066591989,,,,1136.0,88.865
5031,2,1124,1128.310749891655,-2935.119066591989,,,,1137.0,88.854
5032,2,1125,1129.310749891655,-2934.119066591989,,,,1138.0,88.843
5033,2,1126,1130.310749891655,-2933.119066591989,,,,1139.0,88.833
5034,2,1127,1131.310749891655,-2932.119066591989,,,,1139.0,88.823
5035,2,1128,1132.310749891655,-2931.119066591989,,,,1139.0,88.814
5036,2,1129,1133.310749891655,-2930.119066591989,,,,1138.0,88.804
5037,2,1130,1134.310749891655,-2929.119066591989,,,,1136.0,88.795
5038,2,1131,1135.310749891655,-2928.119066591989,,,,1135.0,88.786
5039,2,1132,1136.310749891655,-2927.119066591989,,,,1135.0,88.776
5040,2,1133,1137.310749891655,-2926.119066591989,,,,1136.0,88.765
5041,2,1134,1138.310749891655,-2925.119066591989,,,,1137.0,88.753
5042,2,1135,1139.310749891655,-2924.119066591989,,,,1140.0,88.741
5043,2,1136,1140.310749891655,-2923.119066591989,,,,1141.0,88.731
5044,2,1137,1141.310749891655,-2922.119066591989,,,,1143.0,88.724
5045,2,1138,1142.310749891655,-2921.119066591989,,,,1145.0,88.718
5046,2,1139,1143.310749891655,-2920.119066591989,,,,1147.0,88.71
5047,2,1140,1144.310749891655,-2919.119066591989,,,,1146.0,88.702
5048,2,1141,1145.310749891655,-2918.119066591989,,,,1148.0,88.693
5049,2,1142,1146.310749891655,-2917.119066591989,,,,1149.0,88.682
5050,2,1143,1147.310749891655,-2916.119066591989,,,,1151.0,88.674
5051,2,1144,1148.310749891655,-2915.119066591989,,,,1154.0,88.664
5052,2,1145,1149.310749891655,-2914.119066591989,,,,1155.0,88.656
5053,2,1146,1150.310749891655,-2913.119066591989,,,,1157.0,88.647
5054,2,1147,1151.310749891655,-2912.119066591989,,,,1156.0,88.638
5055,2,1148,1152.310749891655,-2911.119066591989,,,,1155.0,88.628
5056,2,1149,1153.310749891655,-2910.119066591989,,,,1156.0,88.619
5057,2,1150,1154.310749891655,-2909.119066591989,,,,1156.0,88.609
5058,2,1151,1155.310749891655,-2908.119066591989,,,,1157.0,88.6
5059,2,1152,1156.310749891655,-2907.119066591989,,,,1158.0,88.59
5060,2,1153,1157.310749891655,-2906.119066591989,,,,1159.0,88.582
5061,2,1154,1158.310749891655,-2905.119066591989,,,,1160.0,88.572
5062,2,1155,1159.310749891655,-2904.119066591989,,,,1159.0,88.564
5063,2,1156,1160.310749891655,-2903.119066591989,,,,1160.0,88.554
5064,2,1157,1161.310749891655,-2902.119066591989,,,,1161.0,88.545
5065,2,1158,1162.310749891655,-2901.119066591989,,,,1163.0,88.537
5066,2,1159,1163.310749891655,-2900.119066591989,,,,1163.0,88.528
5067,2,1160,1164.310749891655,-2899.119066591989,,,,1165.0,88.519
5068,2,1161,1165.310749891655,-2898.119066591989,,,,1165.0,88.509
5069,2,1162,1166.310749891655,-2897.119066591989,,,,1165.0,88.497
5070,2,1163,1167.310749891655,-2896.119066591989,,,,1165.0,88.486
5071,2,1164,1168.310749891655,-2895.119066591989,,,,1165.0,88.473
5072,2,1165,1169.310749891655,-2894.119066591989,,,,1164.0,88.461
5073,2,1166,1170.310749891655,-2893.119066591989,,,,1164.0,88.45
5074,2,1167,1171.310749891655,-2892.119066591989,,,,1162.0,88.438
5075,2,1168,1172.310749891655,-2891.119066591989,,,,1161.0,88.424
5076,2,1169,1173.310749891655,-2890.119066591989,,,,1159.0,88.411
5077,2,1170,1174.310749891655,-2889.119066591989,,,,1159.0,88.398
5078,2,1171,1175.310749891655,-2888.119066591989,,,,1158.0,88.385
5079,2,1172,1176.310749891655,-2887.119066591989,,,,1159.0,88.372
5080,2,1173,1177.310749891655,-2886.119066591989,,,,1157.0,88.361
5081,2,1174,1178.310749891655,-2885.119066591989,,,,1155.0,88.348
5082,2,1175,1179.310749891655,-2884.119066591989,,,,1154.0,88.336
5083,2,1176,1180.310749891655,-2883.119066591989,,,,1153.0,88.324
5084,2,1177,1181.310749891655,-2882.119066591989,,,,1152.0,88.311
5085,2,1178,1182.310749891655,-2881.119066591989,,,,1151.0,88.299
5086,2,1179,1183.310749891655,-2880.119066591989,,,,1151.0,88.288
5087,2,1180,1184.310749891655,-2879.119066591989,,,,1151.0,88.278
5088,2,1181,1185.310749891655,-2878.119066591989,,,,1149.0,88.267
5089,2,1182,1186.310749891655,-2877.119066591989,,,,1148.0,88.256
5090,2,1183,1187.310749891655,-2876.119066591989,,,,1145.0,88.243
5091,2,1184,1188.310749891655,-2875.119066591989,,,,1142.0,88.231
5092,2,1185,1189.310749891655,-2874.119066591989,,,,1140.0,88.219
5093,2,1186,1190.310749891655,-2873.119066591989,,,,1139.0,88.208
5094,2,1187,1191.310749891655,-2872.119066591989,,,,1136.0,88.197
5095,2,1188,1192.310749891655,-2871.119066591989,,,,1134.0,88.186
5096,2,1189,1193.310749891655,-2870.119066591989,,,,1131.0,88.174
5097,2,1190,1194.310749891655,-2869.119066591989,,,,1128.0,88.163
5098,2,1191,1195.310749891655,-2868.119066591989,,,,1126.0,88.15
5099,2,1192,1196.310749891655,-2867.119066591989,,,,1123.0,88.139
5100,2,1193,1197.310749891655,-2866.119066591989,,,,1121.0,88.127
5101,2,1194,1198.310749891655,-2865.119066591989,,,,1118.0,88.115
5102,2,1195,1199.310749891655,-2864.119066591989,,,,1117.0,88.102
5103,2,1196,1200.310749891655,-2863.119066591989,,,,1115.0,88.091
5104,2,1197,1201.310749891655,-2862.119066591989,,,,1114.0,88.078
5105,2,1198,1202.310749891655,-2861.119066591989,,,,1115.0,88.068
5106,2,1199,1203.310749891655,-2860.119066591989,,,,1115.0,88.058
5107,2,1200,1204.310749891655,-2859.119066591989,,,,1116.0,88.048
5108,2,1201,1205.310749891655,-2858.119066591989,,,,1117.0,88.04
5109,2,1202,1206.310749891655,-2857.119066591989,,,,1117.0,88.03
5110,2,1203,1207.310749891655,-2856.119066591989,,,,1116.0,88.022
5111,2,1204,1208.310749891655,-2855.119066591989,,,,1116.0,88.013
5112,2,1205,1209.310749891655,-2854.119066591989,,,,1114.0,88.002
5113,2,1206,1210.310749891655,-2853.119066591989,,,,1115.0,87.991
5114,2,1207,1211.310749891655,-2852.119066591989,,,,1115.0,87.98
5115,2,1208,1212.310749891655,-2851.119066591989,,,,1116.0,87.97
5116,2,1209,1213.310749891655,-2850.119066591989,,,,1119.0,87.963
5117,2,1210,1214.310749891655,-2849.119066591989,,,,1123.0,87.957
5118,2,1211,1215.310749891655,-2848.119066591989,,,,1125.0,87.949
5119,2,1212,1216.310749891655,-2847.119066591989,,,,1126.0,87.941
5120,2,1213,1217.310749891655,-2846.119066591989,,,,1126.0,87.934
5121,2,1214,1218.310749891655,-2845.119066591989,,,,1124.0,87.923
5122,2,1215,1219.310749891655,-2844.119066591989,,,,1123.0,87.914
5123,2,1216,1220.310749891655,-2843.119066591989,,,,1122.0,87.906
5124,2,1217,1221.310749891655,-2842.119066591989,,,,1123.0,87.899
5125,2,1218,1222.310749891655,-2841.119066591989,,,,1123.0,87.89
5126,2,1219,1223.310749891655,-2840.119066591989,,,,1123.0,87.883
5127,2,1220,1224.310749891655,-2839.119066591989,,,,1122.0,87.875
5128,2,1221,1225.310749891655,-2838.119066591989,,,,1122.0,87.868
5129,2,1222,1226.310749891655,-2837.119066591989,,,,1121.0,87.859
5130,2,1223,1227.310749891655,-2836.119066591989,,,,1122.0,87.85
5131,2,1224,1228.310749891655,-2835.119066591989,,,,1123.0,87.841
5132,2,1225,1229.310749891655,-2834.119066591989,,,,1124.0,87.832
5133,2,1226,1230.310749891655,-2833.119066591989,,,,1125.0,87.823
5134,2,1227,1231.310749891655,-2832.119066591989,,,,1127.0,87.812
5135,2,1228,1232.310749891655,-2831.119066591989,,,,1129.0,87.804
5136,2,1229,1233.310749891655,-2830.119066591989,,,,1131.0,87.795
5137,2,1230,1234.310749891655,-2829.119066591989,,,,1134.0,87.788
5138,2,1231,1235.310749891655,-2828.119066591989,,,,1136.0,87.783
5139,2,1232,1236.310749891655,-2827.119066591989,,,,1138.0,87.779
5140,2,1233,1237.310749891655,-2826.119066591989,,,,1139.0,87.777
5153,2,1246,1250.310749891655,-2813.119066591989,,,,1154.0,87.772
5154,2,1247,1251.310749891655,-2812.119066591989,,,,1154.0,87.76
5155,2,1248,1252.310749891655,-2811.119066591989,,,,1156.0,87.75
5156,2,1249,1253.310749891655,-2810.119066591989,,,,1158.0,87.74
5157,2,1250,1254.310749891655,-2809.119066591989,,,,1159.0,87.732
5158,2,1251,1255.310749891655,-2808.119066591989,,,,1161.0,87.722
5159,2,1252,1256.310749891655,-2807.119066591989,,,,1162.0,87.715
5160,2,1253,1257.310749891655,-2806.119066591989,,,,1162.0,87.705
5161,2,1254,1258.310749891655,-2805.119066591989,,,,1162.0,87.696
5162,2,1255,1259.310749891655,-2804.119066591989,,,,1164.0,87.688
5163,2,1256,1260.310749891655,-2803.119066591989,,,,1165.0,87.678
5164,2,1257,1261.310749891655,-2802.119066591989,,,,1166.0,87.671
5165,2,1258,1262.310749891655,-2801.119066591989,,,,1168.0,87.666
5166,2,1259,1263.310749891655,-2800.119066591989,,,,1169.0,87.663
5167,2,1260,1264.310749891655,-2799.119066591989,,,,1168.0,87.661
5169,2,1262,1266.310749891655,-2797.119066591989,,,,1169.0,87.66
5187,2,1280,1284.310749891655,-2779.119066591989,,,,1187.0,87.654
5188,2,1281,1285.310749891655,-2778.119066591989,,,,1188.0,87.646
5189,2,1282,1286.310749891655,-2777.119066591989,,,,1188.0,87.643
5207,2,1300,1304.310749891655,-2759.119066591989,,,,1209.0,87.64
5208,2,1301,1305.310749891655,-2758.119066591989,,,,1211.0,87.632
5209,2,1302,1306.310749891655,-2757.119066591989,,,,1212.0,87.627
5210,2,1303,1307.310749891655,-2756.119066591989,,,,1213.0,87.624
5227,2,1320,1324.310749891655,-2739.119066591989,,,,1229.0,87.619
5228,2,1321,1325.310749891655,-2738.119066591989,,,,1229.0,87.608
5229,2,1322,1326.310749891655,-2737.119066591989,,,,1229.0,87.596
5230,2,1323,1327.310749891655,-2736.119066591989,,,,1229.0,87.588
5231,2,1324,1328.310749891655,-2735.119066591989,,,,1230.0,87.579
5232,2,1325,1329.310749891655,-2734.119066591989,,,,1229.0,87.575
5233,2,1326,1330.310749891655,-2733.119066591989,,,,1230.0,87.573
5234,2,1327,1331.310749891655,-2732.119066591989,,,,1231.0,87.572
5254,2,1347,1351.310749891655,-2712.119066591989,,,,1239.0,87.57
5255,2,1348,1352.310749891655,-2711.119066591989,,,,1240.0,87.561
5256,2,1349,1353.310749891655,-2710.119066591989,,,,1240.0,87.552
5257,2,1350,1354.310749891655,-2709.119066591989,,,,1240.0,87.544
5258,2,1351,1355.310749891655,-2708.119066591989,,,,1240.0,87.538
5259,2,1352,1356.310749891655,-2707.119066591989,,,,1241.0,87.531
5260,2,1353,1357.310749891655,-2706.119066591989,,,,1241.0,87.525
5261,2,1354,1358.310749891655,-2705.119066591989,,,,1242.0,87.519
5262,2,1355,1359.310749891655,-2704.119066591989,,,,1242.0,87.51
5263,2,1356,1360.310749891655,-2703.119066591989,,,,1244.0,87.503
5264,2,1357,1361.310749891655,-2702.119066591989,,,,1244.0,87.495
5265,2,1358,1362.310749891655,-2701.119066591989,,,,1246.0,87.489
5266,2,1359,1363.310749891655,-2700.119066591989,,,,1247.0,87.481
5267,2,1360,1364.310749891655,-2699.119066591989,,,,1247.0,87.474
5268,2,1361,1365.310749891655,-2698.119066591989,,,,1247.0,87.467
5269,2,1362,1366.310749891655,-2697.119066591989,,,,1246.0,87.458
5270,2,1363,1367.310749891655,-2696.119066591989,,,,1246.0,87.451
5271,2,1364,1368.310749891655,-2695.119066591989,,,,1246.0,87.444
5272,2,1365,1369.310749891655,-2694.119066591989,,,,1245.0,87.437
5273,2,1366,1370.310749891655,-2693.119066591989,,,,1244.0,87.43
5274,2,1367,1371.310749891655,-2692.119066591989,,,,1244.0,87.422
5275,2,1368,1372.310749891655,-2691.119066591989,,,,1243.0,87.414
5276,2,1369,1373.310749891655,-2690.119066591989,,,,1242.0,87.408
5277,2,1370,1374.310749891655,-2689.119066591989,,,,1242.0,87.403
5278,2,1371,1375.310749891655,-2688.119066591989,,,,1242.0,87.397
5279,2,1372,1376.310749891655,-2687.119066591989,,,,1242.0,87.392
5280,2,1373,1377.310749891655,-2686.119066591989,,,,1241.0,87.385
5281,2,1374,1378.310749891655,-2685.119066591989,,,,1240.0,87.378
5282,2,1375,1379.310749891655,-2684.119066591989,,,,1240.0,87.37
5283,2,1376,1380.310749891655,-2683.119066591989,,,,1240.0,87.36
5284,2,1377,1381.310749891655,-2682.119066591989,,,,1240.0,87.35
5285,2,1378,1382.310749891655,-2681.119066591989,,,,1240.0,87.339
5286,2,1379,1383.310749891655,-2680.119066591989,,,,1241.0,87.327
5287,2,1380,1384.310749891655,-2679.119066591989,,,,1242.0,87.315
5288,2,1381,1385.310749891655,-2678.119066591989,,,,1244.0,87.304
5289,2,1382,1386.310749891655,-2677.119066591989,,,,1246.0,87.296
5290,2,1383,1387.310749891655,-2676.119066591989,,,,1247.0,87.288
5291,2,1384,1388.310749891655,-2675.119066591989,,,,1248.0,87.279
5292,2,1385,1389.310749891655,-2674.119066591989,,,,1248.0,87.272
5293,2,1386,1390.310749891655,-2673.119066591989,,,,1249.0,87.264
5294,2,1387,1391.310749891655,-2672.119066591989,,,,1250.0,87.258
5295,2,1388,1392.310749891655,-2671.119066591989,,,,1251.0,87.253
5296,2,1389,1393.310749891655,-2670.119066591989,,,,1255.0,87.25
5297,2,1390,1394.310749891655,-2669.119066591989,,,,1256.0,87.248
5311,2,1404,1408.310749891655,-2655.119066591989,,,,1268.0,87.246
5312,2,1405,1409.310749891655,-2654.119066591989,,,,1270.0,87.241
5313,2,1406,1410.310749891655,-2653.119066591989,,,,1272.0,87.237
5314,2,1407,1411.310749891655,-2652.119066591989,,,,1275.0,87.23
5315,2,1408,1412.310749891655,-2651.119066591989,,,,1276.0,87.224
5316,2,1409,1413.310749891655,-2650.119066591989,,,,1279.0,87.215
5317,2,1410,1414.310749891655,-2649.119066591989,,,,1280.0,87.205
5318,2,1411,1415.310749891655,-2648.119066591989,,,,1282.0,87.192
5319,2,1412,1416.310749891655,-2647.119066591989,,,,1284.0,87.179
5320,2,1413,1417.310749891655,-2646.119066591989,,,,1285.0,87.166
5321,2,1414,1418.310749891655,-2645.119066591989,,,,1287.0,87.156
5322,2,1415,1419.310749891655,-2644.119066591989,,,,1289.0,87.148
5323,2,1416,1420.310749891655,-2643.119066591989,,,,1291.0,87.146
5336,2,1429,1433.310749891655,-2630.119066591989,,,,1311.0,87.143
5337,2,1430,1434.310749891655,-2629.119066591989,,,,1312.0,87.13
5338,2,1431,1435.310749891655,-2628.119066591989,,,,1313.0,87.117
5339,2,1432,1436.310749891655,-2627.119066591989,,,,1316.0,87.106
5340,2,1433,1437.310749891655,-2626.119066591989,,,,1318.0,87.102
5341,2,1434,1438.310749891655,-2625.119066591989,,,,1319.0,87.099
5353,2,1446,1450.310749891655,-2613.119066591989,,,,1331.0,87.093
5354,2,1447,1451.310749891655,-2612.119066591989,,,,1332.0,87.084
5355,2,1448,1452.310749891655,-2611.119066591989,,,,1333.0,87.073
5356,2,1449,1453.310749891655,-2610.119066591989,,,,1333.0,87.062
5357,2,1450,1454.310749891655,-2609.119066591989,,,,1336.0,87.051
5358,2,1451,1455.310749891655,-2608.119066591989,,,,1337.0,87.042
5359,2,1452,1456.310749891655,-2607.119066591989,,,,1339.0,87.032
5360,2,1453,1457.310749891655,-2606.119066591989,,,,1340.0,87.023
5361,2,1454,1458.310749891655,-2605.119066591989,,,,1341.0,87.012
5362,2,1455,1459.310749891655,-2604.119066591989,,,,1342.0,87.003
5363,2,1456,1460.310749891655,-2603.119066591989,,,,1343.0,86.992
5364,2,1457,1461.310749891655,-2602.119066591989,,,,1344.0,86.981
5365,2,1458,1462.310749891655,-2601.119066591989,,,,1344.0,86.971
5366,2,1459,1463.310749891655,-2600.119066591989,,,,1345.0,86.962
5367,2,1460,1464.310749891655,-2599.119066591989,,,,1345.0,86.951
5368,2,1461,1465.310749891655,-2598.119066591989,,,,1344.0,86.941
5369,2,1462,1466.310749891655,-2597.119066591989,,,,1344.0,86.932
5370,2,1463,1467.310749891655,-2596.119066591989,,,,1342.0,86.922
5371,2,1464,1468.310749891655,-2595.119066591989,,,,1341.0,86.911
5372,2,1465,1469.310749891655,-2594.119066591989,,,,1340.0,86.899
5373,2,1466,1470.310749891655,-2593.119066591989,,,,1338.0,86.886
5374,2,1467,1471.310749891655,-2592.119066591989,,,,1337.0,86.874
5375,2,1468,1472.310749891655,-2591.119066591989,,,,1336.0,86.862
5376,2,1469,1473.310749891655,-2590.119066591989,,,,1335.0,86.85
5377,2,1470,1474.310749891655,-2589.119066591989,,,,1333.0,86.838
5378,2,1471,1475.310749891655,-2588.119066591989,,,,1331.0,86.825
5379,2,1472,1476.310749891655,-2587.119066591989,,,,1332.0,86.809
5380,2,1473,1477.310749891655,-2586.119066591989,,,,1333.0,86.796
5381,2,1474,1478.310749891655,-2585.119066591989,,,,1335.0,86.786
5382,2,1475,1479.310749891655,-2584.119066591989,,,,1337.0,86.776
5383,2,1476,1480.310749891655,-2583.119066591989,,,,1338.0,86.766
5384,2,1477,1481.310749891655,-2582.119066591989,,,,1337.0,86.755
5385,2,1478,1482.310749891655,-2581.119066591989,,,,1334.0,86.746
5386,2,1479,1483.310749891655,-2580.119066591989,,,,1331.0,86.733
5387,2,1480,1484.310749891655,-2579.119066591989,,,,1326.0,86.72
5388,2,1481,1485.310749891655,-2578.119066591989,,,,1325.0,86.708
5389,2,1482,1486.310749891655,-2577.119066591989,,,,1324.0,86.694
5390,2,1483,1487.310749891655,-2576.119066591989,,,,1327.0,86.68
5391,2,1484,1488.310749891655,-2575.119066591989,,,,1330.0,86.67
5392,2,1485,1489.310749891655,-2574.119066591989,,,,1332.0,86.661
5393,2,1486,1490.310749891655,-2573.119066591989,,,,1334.0,86.652
5394,2,1487,1491.310749891655,-2572.119066591989,,,,1335.0,86.643
5395,2,1488,1492.310749891655,-2571.119066591989,,,,1335.0,86.633
5396,2,1489,1493.310749891655,-2570.119066591989,,,,1336.0,86.62
5397,2,1490,1494.310749891655,-2569.119066591989,,,,1338.0,86.606
5398,2,1491,1495.310749891655,-2568.119066591989,,,,1340.0,86.594
5399,2,1492,1496.310749891655,-2567.119066591989,,,,1343.0,86.584
5400,2,1493,1497.310749891655,-2566.119066591989,,,,1344.0,86.576
5401,2,1494,1498.310749891655,-2565.119066591989,,,,1345.0,86.57
5402,2,1495,1499.310749891655,-2564.119066591989,,,,1346.0,86.563
5403,2,1496,1500.310749891655,-2563.119066591989,,,,1347.0,86.559
5404,2,1497,1501.310749891655,-2562.119066591989,,,,1348.0,86.557
5422,2,1515,1519.310749891655,-2544.119066591989,,,,1375.0,86.55
5423,2,1516,1520.310749891655,-2543.119066591989,,,,1376.0,86.538
5424,2,1517,1521.310749891655,-2542.119066591989,,,,1378.0,86.527
5425,2,1518,1522.310749891655,-2541.119066591989,,,,1379.0,86.519
5426,2,1519,1523.310749891655,-2540.119066591989,,,,1381.0,86.512
5427,2,1520,1524.310749891655,-2539.119066591989,,,,1383.0,86.506
5428,2,1521,1525.310749891655,-2538.119066591989,,,,1384.0,86.505
5442,2,1535,1539.310749891655,-2524.119066591989,,,,1399.0,86.501
5443,2,1536,1540.310749891655,-2523.119066591989,,,,1400.0,86.49
5444,2,1537,1541.310749891655,-2522.119066591989,,,,1401.0,86.48
5445,2,1538,1542.310749891655,-2521.119066591989,,,,1404.0,86.471
5446,2,1539,1543.310749891655,-2520.119066591989,,,,1404.0,86.46
5447,2,1540,1544.310749891655,-2519.119066591989,,,,1406.0,86.446
5448,2,1541,1545.310749891655,-2518.119066591989,,,,1407.0,86.432
5449,2,1542,1546.310749891655,-2517.119066591989,,,,1409.0,86.419
5450,2,1543,1547.310749891655,-2516.119066591989,,,,1410.0,86.408
5451,2,1544,1548.310749891655,-2515.119066591989,,,,1412.0,86.397
5452,2,1545,1549.310749891655,-2514.119066591989,,,,1414.0,86.386
5453,2,1546,1550.310749891655,-2513.119066591989,,,,1416.0,86.378
5454,2,1547,1551.310749891655,-2512.119066591989,,,,1418.0,86.372
5455,2,1548,1552.310749891655,-2511.119066591989,,,,1420.0,86.368
5476,2,1569,1573.310749891655,-2490.119066591989,,,,1446.0,86.361
5477,2,1570,1574.310749891655,-2489.119066591989,,,,1447.0,86.347
5478,2,1571,1575.310749891655,-2488.119066591989,,,,1448.0,86.333
5479,2,1572,1576.310749891655,-2487.119066591989,,,,1448.0,86.321
5480,2,1573,1577.310749891655,-2486.119066591989,,,,1449.0,86.314
5481,2,1574,1578.310749891655,-2485.119066591989,,,,1450.0,86.31
5482,2,1575,1579.310749891655,-2484.119066591989,,,,1451.0,86.308
5483,2,1576,1580.310749891655,-2483.119066591989,,,,1451.0,86.307
5506,2,1599,1603.310749891655,-2460.119066591989,,,,1455.0,86.297
5507,2,1600,1604.310749891655,-2459.119066591989,,,,1455.0,86.287
5508,2,1601,1605.310749891655,-2458.119066591989,,,,1454.0,86.277
5509,2,1602,1606.310749891655,-2457.119066591989,,,,1455.0,86.267
5510,2,1603,1607.310749891655,-2456.119066591989,,,,1454.0,86.257
5511,2,1604,1608.310749891655,-2455.119066591989,,,,1453.0,86.248
5512,2,1605,1609.310749891655,-2454.119066591989,,,,1453.0,86.24
5513,2,1606,1610.310749891655,-2453.119066591989,,,,1452.0,86.228
5514,2,1607,1611.310749891655,-2452.119066591989,,,,1451.0,86.214
5515,2,1608,1612.310749891655,-2451.119066591989,,,,1451.0,86.198
5516,2,1609,1613.310749891655,-2450.119066591989,,,,1452.0,86.185
5517,2,1610,1614.310749891655,-2449.119066591989,,,,1452.0,86.172
5518,2,1611,1615.310749891655,-2448.119066591989,,,,1453.0,86.16
5519,2,1612,1616.310749891655,-2447.119066591989,,,,1451.0,86.149
5520,2,1613,1617.310749891655,-2446.119066591989,,,,1449.0,86.137
5521,2,1614,1618.310749891655,-2445.119066591989,,,,1447.0,86.125
5522,2,1615,1619.310749891655,-2444.119066591989,,,,1445.0,86.111
5523,2,1616,1620.310749891655,-2443.119066591989,,,,1446.0,86.098
5524,2,1617,1621.310749891655,-2442.119066591989,,,,1447.0,86.087
5525,2,1618,1622.310749891655,-2441.119066591989,,,,1447.0,86.075
5526,2,1619,1623.310749891655,-2440.119066591989,,,,1447.0,86.065
5527,2,1620,1624.310749891655,-2439.119066591989,,,,1446.0,86.053
5528,2,1621,1625.310749891655,-2438.119066591989,,,,1444.0,86.042
5529,2,1622,1626.310749891655,-2437.119066591989,,,,1441.0,86.028
5530,2,1623,1627.310749891655,-2436.119066591989,,,,1440.0,86.016
5531,2,1624,1628.310749891655,-2435.119066591989,,,,1437.0,86.003
5532,2,1625,1629.310749891655,-2434.119066591989,,,,1436.0,85.992
5533,2,1626,1630.310749891655,-2433.119066591989,,,,1435.0,85.98
5534,2,1627,1631.310749891655,-2432.119066591989,,,,1433.0,85.969
5535,2,1628,1632.310749891655,-2431.119066591989,,,,1432.0,85.954
5536,2,1629,1633.310749891655,-2430.119066591989,,,,1430.0,85.939
5537,2,1630,1634.310749891655,-2429.119066591989,,,,1428.0,85.925
5538,2,1631,1635.310749891655,-2428.119066591989,,,,1427.0,85.909
5539,2,1632,1636.310749891655,-2427.119066591989,,,,1427.0,85.893
5540,2,1633,1637.310749891655,-2426.119066591989,,,,1426.0,85.878
5541,2,1634,1638.310749891655,-2425.119066591989,,,,1426.0,85.864
5542,2,1635,1639.310749891655,-2424.119066591989,,,,1425.0,85.85
5543,2,1636,1640.310749891655,-2423.119066591989,,,,1425.0,85.837
5544,2,1637,1641.310749891655,-2422.119066591989,,,,1423.0,85.822
5545,2,1638,1642.310749891655,-2421.119066591989,,,,1422.0,85.808
5546,2,1639,1643.310749891655,-2420.119066591989,,,,1422.0,85.795
5547,2,1640,1644.310749891655,-2419.119066591989,,,,1421.0,85.781
5548,2,1641,1645.310749891655,-2418.119066591989,,,,1419.0,85.768
5549,2,1642,1646.310749891655,-2417.119066591989,,,,1418.0,85.753
5550,2,1643,1647.310749891655,-2416.119066591989,,,,1416.0,85.74
5551,2,1644,1648.310749891655,-2415.119066591989,,,,1414.0,85.725
5552,2,1645,1649.310749891655,-2414.119066591989,,,,1411.0,85.71
5553,2,1646,1650.310749891655,-2413.119066591989,,,,1409.0,85.697
5554,2,1647,1651.310749891655,-2412.119066591989,,,,1407.0,85.682
5555,2,1648,1652.310749891655,-2411.119066591989,,,,1405.0,85.67
5556,2,1649,1653.310749891655,-2410.119066591989,,,,1403.0,85.656
5557,2,1650,1654.310749891655,-2409.119066591989,,,,1401.0,85.644
5558,2,1651,1655.310749891655,-2408.119066591989,,,,1398.0,85.632
5559,2,1652,1656.310749891655,-2407.119066591989,,,,1396.0,85.621
5560,2,1653,1657.310749891655,-2406.119066591989,,,,1394.0,85.61
5561,2,1654,1658.310749891655,-2405.119066591989,,,,1391.0,85.599
5562,2,1655,1659.310749891655,-2404.119066591989,,,,1388.0,85.586
5563,2,1656,1660.310749891655,-2403.119066591989,,,,1386.0,85.572
5564,2,1657,1661.310749891655,-2402.119066591989,,,,1383.0,85.556
5565,2,1658,1662.310749891655,-2401.119066591989,,,,1380.0,85.541
5566,2,1659,1663.310749891655,-2400.119066591989,,,,1379.0,85.527
5567,2,1660,1664.310749891655,-2399.119066591989,,,,1379.0,85.514
5568,2,1661,1665.310749891655,-2398.119066591989,,,,1378.0,85.5
5569,2,1662,1666.310749891655,-2397.119066591989,,,,1377.0,85.487
5570,2,1663,1667.310749891655,-2396.119066591989,,,,1375.0,85.474
5571,2,1664,1668.310749891655,-2395.119066591989,,,,1373.0,85.46
5572,2,1665,1669.310749891655,-2394.119066591989,,,,1370.0,85.445
5573,2,1666,1670.310749891655,-2393.119066591989,,,,1369.0,85.431
5574,2,1667,1671.310749891655,-2392.119066591989,,,,1368.0,85.416
5575,2,1668,1672.310749891655,-2391.119066591989,,,,1368.0,85.403
5576,2,1669,1673.310749891655,-2390.119066591989,,,,1368.0,85.39
5577,2,1670,1674.310749891655,-2389.119066591989,,,,1367.0,85.377
5578,2,1671,1675.310749891655,-2388.119066591989,,,,1365.0,85.363
5579,2,1672,1676.310749891655,-2387.119066591989,,,,1362.0,85.348
5580,2,1673,1677.310749891655,-2386.119066591989,,,,1360.0,85.333
5581,2,1674,1678.310749891655,-2385.119066591989,,,,1359.0,85.318
5582,2,1675,1679.310749891655,-2384.119066591989,,,,1357.0,85.303
5583,2,1676,1680.310749891655,-2383.119066591989,,,,1357.0,85.289
5584,2,1677,1681.310749891655,-2382.119066591989,,,,1356.0,85.275
5585,2,1678,1682.310749891655,-2381.119066591989,,,,1355.0,85.261
5586,2,1679,1683.310749891655,-2380.119066591989,,,,1353.0,85.247
5587,2,1680,1684.310749891655,-2379.119066591989,,,,1350.0,85.231
5588,2,1681,1685.310749891655,-2378.119066591989,,,,1348.0,85.216
5589,2,1682,1686.310749891655,-2377.119066591989,,,,1347.0,85.199
5590,2,1683,1687.310749891655,-2376.119066591989,,,,1345.0,85.184
5591,2,1684,1688.310749891655,-2375.119066591989,,,,1346.0,85.168
5592,2,1685,1689.310749891655,-2374.119066591989,,,,1346.0,85.153
5593,2,1686,1690.310749891655,-2373.119066591989,,,,1345.0,85.141
5594,2,1687,1691.310749891655,-2372.119066591989,,,,1344.0,85.126
5595,2,1688,1692.310749891655,-2371.119066591989,,,,1343.0,85.113
5596,2,1689,1693.310749891655,-2370.119066591989,,,,1342.0,85.098
5597,2,1690,1694.310749891655,-2369.119066591989,,,,1340.0,85.083
5598,2,1691,1695.310749891655,-2368.119066591989,,,,1339.0,85.066
5599,2,1692,1696.310749891655,-2367.119066591989,,,,1338.0,85.051
5600,2,1693,1697.310749891655,-2366.119066591989,,,,1337.0,85.037
5601,2,1694,1698.310749891655,-2365.119066591989,,,,1337.0,85.023
5602,2,1695,1699.310749891655,-2364.119066591989,,,,1336.0,85.009
5603,2,1696,1700.310749891655,-2363.119066591989,,,,1334.0,84.994
5604,2,1697,1701.310749891655,-2362.119066591989,,,,1331.0,84.977
5605,2,1698,1702.310749891655,-2361.119066591989,,,,1327.0,84.96
5606,2,1699,1703.310749891655,-2360.119066591989,,,,1323.0,84.941
5607,2,1700,1704.310749891655,-2359.119066591989,,,,1321.0,84.923
5608,2,1701,1705.310749891655,-2358.119066591989,,,,1319.0,84.902
5609,2,1702,1706.310749891655,-2357.119066591989,,,,1318.0,84.885
5610,2,1703,1707.310749891655,-2356.119066591989,,,,1317.0,84.867
5611,2,1704,1708.310749891655,-2355.119066591989,,,,1317.0,84.851
5612,2,1705,1709.310749891655,-2354.119066591989,,,,1317.0,84.837
5613,2,1706,1710.310749891655,-2353.119066591989,,,,1315.0,84.82
5614,2,1707,1711.310749891655,-2352.119066591989,,,,1313.0,84.804
5615,2,1708,1712.310749891655,-2351.119066591989,,,,1310.0,84.788
5616,2,1709,1713.310749891655,-2350.119066591989,,,,1309.0,84.77
5617,2,1710,1714.310749891655,-2349.119066591989,,,,1308.0,84.753
5618,2,1711,1715.310749891655,-2348.119066591989,,,,1307.0,84.735
5619,2,1712,1716.310749891655,-2347.119066591989,,,,1306.0,84.719
5620,2,1713,1717.310749891655,-2346.119066591989,,,,1305.0,84.704
5621,2,1714,1718.310749891655,-2345.119066591989,,,,1305.0,84.691
5622,2,1715,1719.310749891655,-2344.119066591989,,,,1306.0,84.678
5623,2,1716,1720.310749891655,-2343.119066591989,,,,1306.0,84.666
5624,2,1717,1721.310749891655,-2342.119066591989,,,,1306.0,84.653
5625,2,1718,1722.310749891655,-2341.119066591989,,,,1306.0,84.64
5626,2,1719,1723.310749891655,-2340.119066591989,,,,1304.0,84.628
5627,2,1720,1724.310749891655,-2339.119066591989,,,,1301.0,84.615
5628,2,1721,1725.310749891655,-2338.119066591989,,,,1300.0,84.603
5629,2,1722,1726.310749891655,-2337.119066591989,,,,1299.0,84.59
5630,2,1723,1727.310749891655,-2336.119066591989,,,,1300.0,84.579
5631,2,1724,1728.310749891655,-2335.119066591989,,,,1300.0,84.568
5632,2,1725,1729.310749891655,-2334.119066591989,,,,1300.0,84.558
5633,2,1726,1730.310749891655,-2333.119066591989,,,,1300.0,84.548
5634,2,1727,1731.310749891655,-2332.119066591989,,,,1299.0,84.539
5635,2,1728,1732.310749891655,-2331.119066591989,,,,1297.0,84.527
5636,2,1729,1733.310749891655,-2330.119066591989,,,,1292.0,84.514
5637,2,1730,1734.310749891655,-2329.119066591989,,,,1288.0,84.501
5638,2,1731,1735.310749891655,-2328.119066591989,,,,1284.0,84.486
5639,2,1732,1736.310749891655,-2327.119066591989,,,,1280.0,84.471
5640,2,1733,1737.310749891655,-2326.119066591989,,,,1278.0,84.457
5641,2,1734,1738.310749891655,-2325.119066591989,,,,1276.0,84.443
5642,2,1735,1739.310749891655,-2324.119066591989,,,,1275.0,84.429
5643,2,1736,1740.310749891655,-2323.119066591989,,,,1273.0,84.416
5644,2,1737,1741.310749891655,-2322.119066591989,,,,1271.0,84.403
5645,2,1738,1742.310749891655,-2321.119066591989,,,,1268.0,84.391
5646,2,1739,1743.310749891655,-2320.119066591989,,,,1265.0,84.377
5647,2,1740,1744.310749891655,-2319.119066591989,,,,1262.0,84.364
5648,2,1741,1745.310749891655,-2318.119066591989,,,,1259.0,84.35
5649,2,1742,1746.310749891655,-2317.119066591989,,,,1256.0,84.338
5650,2,1743,1747.310749891655,-2316.119066591989,,,,1254.0,84.324
5651,2,1744,1748.310749891655,-2315.119066591989,,,,1251.0,84.31
5652,2,1745,1749.310749891655,-2314.119066591989,,,,1249.0,84.297
5653,2,1746,1750.310749891655,-2313.119066591989,,,,1247.0,84.284
5654,2,1747,1751.310749891655,-2312.119066591989,,,,1245.0,84.27
5655,2,1748,1752.310749891655,-2311.119066591989,,,,1243.0,84.258
5656,2,1749,1753.310749891655,-2310.119066591989,,,,1240.0,84.243
5657,2,1750,1754.310749891655,-2309.119066591989,,,,1237.0,84.23
5658,2,1751,1755.310749891655,-2308.119066591989,,,,1235.0,84.216
5659,2,1752,1756.310749891655,-2307.119066591989,,,,1233.0,84.199
5660,2,1753,1757.310749891655,-2306.119066591989,,,,1231.0,84.184
5661,2,1754,1758.310749891655,-2305.119066591989,,,,1229.0,84.168
5662,2,1755,1759.310749891655,-2304.119066591989,,,,1229.0,84.153
5663,2,1756,1760.310749891655,-2303.119066591989,,,,1229.0,84.138
5664,2,1757,1761.310749891655,-2302.119066591989,,,,1230.0,84.124
5665,2,1758,1762.310749891655,-2301.119066591989,,,,1231.0,84.111
5666,2,1759,1763.310749891655,-2300.119066591989,,,,1232.0,84.099
5667,2,1760,1764.310749891655,-2299.119066591989,,,,1233.0,84.088
5668,2,1761,1765.310749891655,-2298.119066591989,,,,1233.0,84.078
5669,2,1762,1766.310749891655,-2297.119066591989,,,,1232.0,84.066
5670,2,1763,1767.310749891655,-2296.119066591989,,,,1229.0,84.055
5671,2,1764,1768.310749891655,-2295.119066591989,,,,1227.0,84.043
5672,2,1765,1769.310749891655,-2294.119066591989,,,,1223.0,84.03
5673,2,1766,1770.310749891655,-2293.119066591989,,,,1221.0,84.017
5674,2,1767,1771.310749891655,-2292.119066591989,,,,1218.0,84.004
5675,2,1768,1772.310749891655,-2291.119066591989,,,,1216.0,83.991
5676,2,1769,1773.310749891655,-2290.119066591989,,,,1214.0,83.98
5677,2,1770,1774.310749891655,-2289.119066591989,,,,1213.0,83.967
5678,2,1771,1775.310749891655,-2288.119066591989,,,,1211.0,83.956
5679,2,1772,1776.310749891655,-2287.119066591989,,,,1208.0,83.946
5680,2,1773,1777.310749891655,-2286.119066591989,,,,1205.0,83.935
5681,2,1774,1778.310749891655,-2285.119066591989,,,,1202.0,83.926
5682,2,1775,1779.310749891655,-2284.119066591989,,,,1200.0,83.916
5683,2,1776,1780.310749891655,-2283.119066591989,,,,1198.0,83.906
5684,2,1777,1781.310749891655,-2282.119066591989,,,,1196.0,83.894
5685,2,1778,1782.310749891655,-2281.119066591989,,,,1195.0,83.884
5686,2,1779,1783.310749891655,-2280.119066591989,,,,1194.0,83.874
5687,2,1780,1784.310749891655,-2279.119066591989,,,,1193.0,83.864
5688,2,1781,1785.310749891655,-2278.119066591989,,,,1191.0,83.854
5689,2,1782,1786.310749891655,-2277.119066591989,,,,1189.0,83.843
5690,2,1783,1787.310749891655,-2276.119066591989,,,,1187.0,83.834
5691,2,1784,1788.310749891655,-2275.119066591989,,,,1184.0,83.823
5692,2,1785,1789.310749891655,-2274.119066591989,,,,1183.0,83.811
5693,2,1786,1790.310749891655,-2273.119066591989,,,,1180.0,83.801
5694,2,1787,1791.310749891655,-2272.119066591989,,,,1178.0,83.788
5695,2,1788,1792.310749891655,-2271.119066591989,,,,1176.0,83.777
5696,2,1789,1793.310749891655,-2270.119066591989,,,,1175.0,83.764
5697,2,1790,1794.310749891655,-2269.119066591989,,,,1175.0,83.753
5698,2,1791,1795.310749891655,-2268.119066591989,,,,1174.0,83.741
5699,2,1792,1796.310749891655,-2267.119066591989,,,,1173.0,83.731
5700,2,1793,1797.310749891655,-2266.119066591989,,,,1172.0,83.72
5701,2,1794,1798.310749891655,-2265.119066591989,,,,1171.0,83.709
5702,2,1795,1799.310749891655,-2264.119066591989,,,,1170.0,83.698
5703,2,1796,1800.310749891655,-2263.119066591989,,,,1169.0,83.686
5704,2,1797,1801.310749891655,-2262.119066591989,,,,1167.0,83.675
5705,2,1798,1802.310749891655,-2261.119066591989,,,,1166.0,83.663
5706,2,1799,1803.310749891655,-2260.119066591989,,,,1165.0,83.652
5707,2,1800,1804.310749891655,-2259.119066591989,,,,1164.0,83.641
5708,2,1801,1805.310749891655,-2258.119066591989,,,,1163.0,83.629
5709,2,1802,1806.310749891655,-2257.119066591989,,,,1162.0,83.618
5710,2,1803,1807.310749891655,-2256.119066591989,,,,1160.0,83.608
5711,2,1804,1808.310749891655,-2255.119066591989,,,,1160.0,83.596
5712,2,1805,1809.310749891655,-2254.119066591989,,,,1159.0,83.584
5713,2,1806,1810.310749891655,-2253.119066591989,,,,1158.0,83.574
5714,2,1807,1811.310749891655,-2252.119066591989,,,,1156.0,83.564
5715,2,1808,1812.310749891655,-2251.119066591989,,,,1155.0,83.555
5716,2,1809,1813.310749891655,-2250.119066591989,,,,1152.0,83.544
5717,2,1810,1814.310749891655,-2249.119066591989,,,,1149.0,83.533
5718,2,1811,1815.310749891655,-2248.119066591989,,,,1145.0,83.52
5719,2,1812,1816.310749891655,-2247.119066591989,,,,1141.0,83.506
5720,2,1813,1817.310749891655,-2246.119066591989,,,,1138.0,83.491
5721,2,1814,1818.310749891655,-2245.119066591989,,,,1135.0,83.475
5722,2,1815,1819.310749891655,-2244.119066591989,,,,1134.0,83.461
5723,2,1816,1820.310749891655,-2243.119066591989,,,,1133.0,83.446
5724,2,1817,1821.310749891655,-2242.119066591989,,,,1132.0,83.434
5725,2,1818,1822.310749891655,-2241.119066591989,,,,1131.0,83.422
5726,2,1819,1823.310749891655,-2240.119066591989,,,,1130.0,83.41
5727,2,1820,1824.310749891655,-2239.119066591989,,,,1128.0,83.399
5728,2,1821,1825.310749891655,-2238.119066591989,,,,1127.0,83.387
5729,2,1822,1826.310749891655,-2237.119066591989,,,,1124.0,83.375
5730,2,1823,1827.310749891655,-2236.119066591989,,,,1122.0,83.363
5731,2,1824,1828.310749891655,-2235.119066591989,,,,1119.0,83.349
5732,2,1825,1829.310749891655,-2234.119066591989,,,,1117.0,83.336
5733,2,1826,1830.310749891655,-2233.119066591989,,,,1115.0,83.324
5734,2,1827,1831.310749891655,-2232.119066591989,,,,1114.0,83.311
5735,2,1828,1832.310749891655,-2231.119066591989,,,,1112.0,83.298
5736,2,1829,1833.310749891655,-2230.119066591989,,,,1110.0,83.284
5737,2,1830,1834.310749891655,-2229.119066591989,,,,1108.0,83.271
5738,2,1831,1835.310749891655,-2228.119066591989,,,,1106.0,83.256
5739,2,1832,1836.310749891655,-2227.119066591989,,,,1104.0,83.243
5740,2,1833,1837.310749891655,-2226.119066591989,,,,1102.0,83.23
5741,2,1834,1838.310749891655,-2225.119066591989,,,,1100.0,83.218
5742,2,1835,1839.310749891655,-2224.119066591989,,,,1098.0,83.205
5743,2,1836,1840.310749891655,-2223.119066591989,,,,1094.0,83.19
5744,2,1837,1841.310749891655,-2222.119066591989,,,,1091.0,83.177
5745,2,1838,1842.310749891655,-2221.119066591989,,,,1087.0,83.162
5746,2,1839,1843.310749891655,-2220.119066591989,,,,1085.0,83.149
5747,2,1840,1844.310749891655,-2219.119066591989,,,,1082.0,83.135
5748,2,1841,1845.310749891655,-2218.119066591989,,,,1079.0,83.12
5749,2,1842,1846.310749891655,-2217.119066591989,,,,1076.0,83.106
5750,2,1843,1847.310749891655,-2216.119066591989,,,,1074.0,83.093
5751,2,1844,1848.310749891655,-2215.119066591989,,,,1071.0,83.081
5752,2,1845,1849.310749891655,-2214.119066591989,,,,1068.0,83.067
5753,2,1846,1850.310749891655,-2213.119066591989,,,,1065.0,83.054
5754,2,1847,1851.310749891655,-2212.119066591989,,,,1061.0,83.04
5755,2,1848,1852.310749891655,-2211.119066591989,,,,1058.0,83.026
5756,2,1849,1853.310749891655,-2210.119066591989,,,,1054.0,83.012
5757,2,1850,1854.310749891655,-2209.119066591989,,,,1051.0,82.999
5758,2,1851,1855.310749891655,-2208.119066591989,,,,1048.0,82.984
5759,2,1852,1856.310749891655,-2207.119066591989,,,,1045.0,82.969
5760,2,1853,1857.310749891655,-2206.119066591989,,,,1043.0,82.955
5761,2,1854,1858.310749891655,-2205.119066591989,,,,1039.0,82.94
5762,2,1855,1859.310749891655,-2204.119066591989,,,,1036.0,82.926
5763,2,1856,1860.310749891655,-2203.119066591989,,,,1033.0,82.911
5764,2,1857,1861.310749891655,-2202.119066591989,,,,1029.0,82.896
5765,2,1858,1862.310749891655,-2201.119066591989,,,,1026.0,82.88
5766,2,1859,1863.310749891655,-2200.119066591989,,,,1021.0,82.864
5767,2,1860,1864.310749891655,-2199.119066591989,,,,1019.0,82.847
5768,2,1861,1865.310749891655,-2198.119066591989,,,,1016.0,82.831
5769,2,1862,1866.310749891655,-2197.119066591989,,,,1014.0,82.814
5770,2,1863,1867.310749891655,-2196.119066591989,,,,1012.0,82.798
5771,2,1864,1868.310749891655,-2195.119066591989,,,,1011.0,82.782
5772,2,1865,1869.310749891655,-2194.119066591989,,,,1009.0,82.766
5773,2,1866,1870.310749891655,-2193.119066591989,,,,1008.0,82.75
5774,2,1867,1871.310749891655,-2192.119066591989,,,,1006.0,82.735
5775,2,1868,1872.310749891655,-2191.119066591989,,,,1004.0,82.72
5776,2,1869,1873.310749891655,-2190.119066591989,,,,1003.0,82.704
5777,2,1870,1874.310749891655,-2189.119066591989,,,,1002.0,82.688
5778,2,1871,1875.310749891655,-2188.119066591989,,,,1002.0,82.673
5779,2,1872,1876.310749891655,-2187.119066591989,,,,1001.0,82.657
5780,2,1873,1877.310749891655,-2186.119066591989,,,,1001.0,82.641
5781,2,1874,1878.310749891655,-2185.119066591989,,,,1002.0,82.627
5782,2,1875,1879.310749891655,-2184.119066591989,,,,1002.0,82.612
5783,2,1876,1880.310749891655,-2183.119066591989,,,,1002.0,82.596
5784,2,1877,1881.310749891655,-2182.119066591989,,,,1004.0,82.582
5785,2,1878,1882.310749891655,-2181.119066591989,,,,1005.0,82.567
5786,2,1879,1883.310749891655,-2180.119066591989,,,,1008.0,82.556
5787,2,1880,1884.310749891655,-2179.119066591989,,,,1011.0,82.545
5788,2,1881,1885.310749891655,-2178.119066591989,,,,1012.0,82.533
5789,2,1882,1886.310749891655,-2177.119066591989,,,,1012.0,82.522
5790,2,1883,1887.310749891655,-2176.119066591989,,,,1013.0,82.51
5791,2,1884,1888.310749891655,-2175.119066591989,,,,1014.0,82.496
5792,2,1885,1889.310749891655,-2174.119066591989,,,,1016.0,82.485
5793,2,1886,1890.310749891655,-2173.119066591989,,,,1019.0,82.477
5794,2,1887,1891.310749891655,-2172.119066591989,,,,1022.0,82.469
5795,2,1888,1892.310749891655,-2171.119066591989,,,,1025.0,82.461
5796,2,1889,1893.310749891655,-2170.119066591989,,,,1027.0,82.453
5797,2,1890,1894.310749891655,-2169.119066591989,,,,1029.0,82.446
5798,2,1891,1895.310749891655,-2168.119066591989,,,,1031.0,82.439
5799,2,1892,1896.310749891655,-2167.119066591989,,,,1031.0,82.431
5800,2,1893,1897.310749891655,-2166.119066591989,,,,1032.0,82.425
5801,2,1894,1898.310749891655,-2165.119066591989,,,,1035.0,82.423
5845,2,1938,1942.310749891655,-2121.119066591989,,,,1103.0,82.42
5846,2,1939,1943.310749891655,-2120.119066591989,,,,1103.0,82.419
5869,2,1962,1966.310749891655,-2097.119066591989,,,,1110.0,82.418
5870,2,1963,1967.310749891655,-2096.119066591989,,,,1111.0,82.414
5871,2,1964,1968.310749891655,-2095.119066591989,,,,1112.0,82.411
5872,2,1965,1969.310749891655,-2094.119066591989,,,,1112.0,82.409
5873,2,1966,1970.310749891655,-2093.119066591989,,,,1110.0,82.407
5874,2,1967,1971.310749891655,-2092.119066591989,,,,1107.0,82.401
5875,2,1968,1972.310749891655,-2091.119066591989,,,,1103.0,82.395
5876,2,1969,1973.310749891655,-2090.119066591989,,,,1101.0,82.389
5877,2,1970,1974.310749891655,-2089.119066591989,,,,1100.0,82.382
5878,2,1971,1975.310749891655,-2088.119066591989,,,,1099.0,82.375
5879,2,1972,1976.310749891655,-2087.119066591989,,,,1098.0,82.372
5880,2,1973,1977.310749891655,-2086.119066591989,,,,1098.0,82.367
5881,2,1974,1978.310749891655,-2085.119066591989,,,,1097.0,82.361
5882,2,1975,1979.310749891655,-2084.119066591989,,,,1096.0,82.354
5883,2,1976,1980.310749891655,-2083.119066591989,,,,1096.0,82.348
5884,2,1977,1981.310749891655,-2082.119066591989,,,,1095.0,82.341
5885,2,1978,1982.310749891655,-2081.119066591989,,,,1095.0,82.333
5886,2,1979,1983.310749891655,-2080.119066591989,,,,1095.0,82.328
5887,2,1980,1984.310749891655,-2079.119066591989,,,,1095.0,82.323
5888,2,1981,1985.310749891655,-2078.119066591989,,,,1093.0,82.318
5889,2,1982,1986.310749891655,-2077.119066591989,,,,1091.0,82.312
5890,2,1983,1987.310749891655,-2076.119066591989,,,,1088.0,82.305
5891,2,1984,1988.310749891655,-2075.119066591989,,,,1087.0,82.3
5892,2,1985,1989.310749891655,-2074.119066591989,,,,1086.0,82.297
5893,2,1986,1990.310749891655,-2073.119066591989,,,,1085.0,82.293
5894,2,1987,1991.310749891655,-2072.119066591989,,,,1084.0,82.289
5895,2,1988,1992.310749891655,-2071.119066591989,,,,1082.0,82.285
5896,2,1989,1993.310749891655,-2070.119066591989,,,,1080.0,82.283
5897,2,1990,1994.310749891655,-2069.119066591989,,,,1078.0,82.28
5898,2,1991,1995.310749891655,-2068.119066591989,,,,1075.0,82.279
5907,2,2000,2004.310749891655,-2059.119066591989,,,,1051.0,82.274
5908,2,2001,2005.310749891655,-2058.119066591989,,,,1049.0,82.271
5909,2,2002,2006.310749891655,-2057.119066591989,,,,1048.0,82.268
5910,2,2003,2007.310749891655,-2056.119066591989,,,,1046.0,82.264
5911,2,2004,2008.310749891655,-2055.119066591989,,,,1045.0,82.261
5912,2,2005,2009.310749891655,-2054.119066591989,,,,1043.0,82.258
5913,2,2006,2010.310749891655,-2053.119066591989,,,,1041.0,82.253
5914,2,2007,2011.310749891655,-2052.119066591989,,,,1038.0,82.246
5915,2,2008,2012.310749891655,-2051.119066591989,,,,1037.0,82.242
5916,2,2009,2013.310749891655,-2050.119066591989,,,,1036.0,82.238
5917,2,2010,2014.310749891655,-2049.119066591989,,,,1035.0,82.235
5918,2,2011,2015.310749891655,-2048.119066591989,,,,1034.0,82.232
5919,2,2012,2016.310749891655,-2047.119066591989,,,,1033.0,82.227
5920,2,2013,2017.310749891655,-2046.119066591989,,,,1032.0,82.222
5921,2,2014,2018.310749891655,-2045.119066591989,,,,1029.0,82.216
5922,2,2015,2019.310749891655,-2044.119066591989,,,,1027.0,82.211
5923,2,2016,2020.310749891655,-2043.119066591989,,,,1026.0,82.205
5924,2,2017,2021.310749891655,-2042.119066591989,,,,1027.0,82.201
5925,2,2018,2022.310749891655,-2041.119066591989,,,,1028.0,82.196
5926,2,2019,2023.310749891655,-2040.119066591989,,,,1029.0,82.193
5927,2,2020,2024.310749891655,-2039.119066591989,,,,1028.0,82.19
5928,2,2021,2025.310749891655,-2038.119066591989,,,,1027.0,82.187
5929,2,2022,2026.310749891655,-2037.119066591989,,,,1024.0,82.183
5930,2,2023,2027.310749891655,-2036.119066591989,,,,1021.0,82.178
5931,2,2024,2028.310749891655,-2035.119066591989,,,,1019.0,82.175
5932,2,2025,2029.310749891655,-2034.119066591989,,,,1018.0,82.172
5933,2,2026,2030.310749891655,-2033.119066591989,,,,1018.0,82.169
5934,2,2027,2031.310749891655,-2032.119066591989,,,,1017.0,82.166
5935,2,2028,2032.310749891655,-2031.119066591989,,,,1016.0,82.164
5936,2,2029,2033.310749891655,-2030.119066591989,,,,1014.0,82.16
5937,2,2030,2034.310749891655,-2029.119066591989,,,,1013.0,82.156
5938,2,2031,2035.310749891655,-2028.119066591989,,,,1012.0,82.153
5939,2,2032,2036.310749891655,-2027.119066591989,,,,1010.0,82.148
5940,2,2033,2037.310749891655,-2026.119066591989,,,,1009.0,82.143
5941,2,2034,2038.310749891655,-2025.119066591989,,,,1009.0,82.137
5942,2,2035,2039.310749891655,-2024.119066591989,,,,1010.0,82.133
5943,2,2036,2040.310749891655,-2023.119066591989,,,,1009.0,82.129
5944,2,2037,2041.310749891655,-2022.119066591989,,,,1008.0,82.126
5945,2,2038,2042.310749891655,-2021.119066591989,,,,1006.0,82.122
5946,2,2039,2043.310749891655,-2020.119066591989,,,,1002.0,82.116
5947,2,2040,2044.310749891655,-2019.119066591989,,,,997.0,82.109
5948,2,2041,2045.310749891655,-2018.119066591989,,,,993.0,82.103
5949,2,2042,2046.310749891655,-2017.119066591989,,,,991.0,82.098
5950,2,2043,2047.310749891655,-2016.119066591989,,,,989.0,82.094
5951,2,2044,2048.310749891655,-2015.119066591989,,,,989.0,82.09
5952,2,2045,2049.310749891655,-2014.119066591989,,,,987.0,82.085
5953,2,2046,2050.310749891655,-2013.119066591989,,,,986.0,82.08
5954,2,2047,2051.310749891655,-2012.119066591989,,,,984.0,82.076
5955,2,2048,2052.310749891655,-2011.119066591989,,,,981.0,82.07
5956,2,2049,2053.310749891655,-2010.119066591989,,,,977.0,82.064
5957,2,2050,2054.310749891655,-2009.119066591989,,,,973.0,82.058
5958,2,2051,2055.310749891655,-2008.119066591989,,,,970.0,82.052
5959,2,2052,2056.310749891655,-2007.119066591989,,,,968.0,82.046
5960,2,2053,2057.310749891655,-2006.119066591989,,,,965.0,82.041
5961,2,2054,2058.310749891655,-2005.119066591989,,,,965.0,82.034
5962,2,2055,2059.310749891655,-2004.119066591989,,,,962.0,82.028
5963,2,2056,2060.310749891655,-2003.119066591989,,,,961.0,82.021
5964,2,2057,2061.310749891655,-2002.119066591989,,,,960.0,82.015
5965,2,2058,2062.310749891655,-2001.119066591989,,,,960.0,82.009
5966,2,2059,2063.310749891655,-2000.119066591989,,,,960.0,82.002
5967,2,2060,2064.310749891655,-1999.119066591989,,,,960.0,81.993
5968,2,2061,2065.310749891655,-1998.119066591989,,,,960.0,81.985
5969,2,2062,2066.310749891655,-1997.119066591989,,,,960.0,81.977
5970,2,2063,2067.310749891655,-1996.119066591989,,,,960.0,81.969
5971,2,2064,2068.310749891655,-1995.119066591989,,,,960.0,81.96
5972,2,2065,2069.310749891655,-1994.119066591989,,,,959.0,81.952
5973,2,2066,2070.310749891655,-1993.119066591989,,,,958.0,81.942
5974,2,2067,2071.310749891655,-1992.119066591989,,,,958.0,81.933
5975,2,2068,2072.310749891655,-1991.119066591989,,,,957.0,81.924
5976,2,2069,2073.310749891655,-1990.119066591989,,,,957.0,81.917
5977,2,2070,2074.310749891655,-1989.119066591989,,,,957.0,81.91
5978,2,2071,2075.310749891655,-1988.119066591989,,,,957.0,81.902
5979,2,2072,2076.310749891655,-1987.119066591989,,,,956.0,81.897
5980,2,2073,2077.310749891655,-1986.119066591989,,,,955.0,81.89
5981,2,2074,2078.310749891655,-1985.119066591989,,,,954.0,81.884
5982,2,2075,2079.310749891655,-1984.119066591989,,,,952.0,81.878
5983,2,2076,2080.310749891655,-1983.119066591989,,,,949.0,81.872
5984,2,2077,2081.310749891655,-1982.119066591989,,,,948.0,81.865
5985,2,2078,2082.310749891655,-1981.119066591989,,,,948.0,81.858
5986,2,2079,2083.310749891655,-1980.119066591989,,,,948.0,81.852
5987,2,2080,2084.310749891655,-1979.119066591989,,,,950.0,81.845
5988,2,2081,2085.310749891655,-1978.119066591989,,,,952.0,81.838
5989,2,2082,2086.310749891655,-1977.119066591989,,,,953.0,81.832
5990,2,2083,2087.310749891655,-1976.119066591989,,,,954.0,81.825
5991,2,2084,2088.310749891655,-1975.119066591989,,,,954.0,81.82
5992,2,2085,2089.310749891655,-1974.119066591989,,,,955.0,81.814
5993,2,2086,2090.310749891655,-1973.119066591989,,,,956.0,81.812
5994,2,2087,2091.310749891655,-1972.119066591989,,,,960.0,81.808
5995,2,2088,2092.310749891655,-1971.119066591989,,,,964.0,81.804
5996,2,2089,2093.310749891655,-1970.119066591989,,,,969.0,81.798
5997,2,2090,2094.310749891655,-1969.119066591989,,,,973.0,81.791
5998,2,2091,2095.310749891655,-1968.119066591989,,,,976.0,81.785
5999,2,2092,2096.310749891655,-1967.119066591989,,,,979.0,81.777
6000,2,2093,2097.310749891655,-1966.119066591989,,,,980.0,81.768
6001,2,2094,2098.310749891655,-1965.119066591989,,,,983.0,81.757
6002,2,2095,2099.310749891655,-1964.119066591989,,,,985.0,81.749
6003,2,2096,2100.310749891655,-1963.119066591989,,,,988.0,81.742
6004,2,2097,2101.310749891655,-1962.119066591989,,,,990.0,81.737
6005,2,2098,2102.310749891655,-1961.119066591989,,,,993.0,81.732
6006,2,2099,2103.310749891655,-1960.119066591989,,,,996.0,81.726
6007,2,2100,2104.310749891655,-1959.119066591989,,,,999.0,81.721
6008,2,2101,2105.310749891655,-1958.119066591989,,,,1002.0,81.719
6022,2,2115,2119.310749891655,-1944.119066591989,,,,1047.0,81.716
6023,2,2116,2120.310749891655,-1943.119066591989,,,,1053.0,81.707
6024,2,2117,2121.310749891655,-1942.119066591989,,,,1058.0,81.701
6025,2,2118,2122.310749891655,-1941.119066591989,,,,1062.0,81.696
6026,2,2119,2123.310749891655,-1940.119066591989,,,,1065.0,81.694
6040,2,2133,2137.310749891655,-1926.119066591989,,,,1103.0,81.687
6041,2,2134,2138.310749891655,-1925.119066591989,,,,1107.0,81.674
6042,2,2135,2139.310749891655,-1924.119066591989,,,,1110.0,81.662
6043,2,2136,2140.310749891655,-1923.119066591989,,,,1116.0,81.652
6044,2,2137,2141.310749891655,-1922.119066591989,,,,1120.0,81.644
6045,2,2138,2142.310749891655,-1921.119066591989,,,,1124.0,81.641
6046,2,2139,2143.310749891655,-1920.119066591989,,,,1128.0,81.639
6061,2,2154,2158.310749891655,-1905.119066591989,,,,1165.0,81.629
6062,2,2155,2159.310749891655,-1904.119066591989,,,,1166.0,81.614
6063,2,2156,2160.310749891655,-1903.119066591989,,,,1168.0,81.601
6064,2,2157,2161.310749891655,-1902.119066591989,,,,1173.0,81.587
6065,2,2158,2162.310749891655,-1901.119066591989,,,,1176.0,81.576
6066,2,2159,2163.310749891655,-1900.119066591989,,,,1180.0,81.566
6067,2,2160,2164.310749891655,-1899.119066591989,,,,1184.0,81.558
6068,2,2161,2165.310749891655,-1898.119066591989,,,,1187.0,81.554
6082,2,2175,2179.310749891655,-1884.119066591989,,,,1214.0,81.542
6083,2,2176,2180.310749891655,-1883.119066591989,,,,1215.0,81.529
6084,2,2177,2181.310749891655,-1882.119066591989,,,,1217.0,81.515
6085,2,2178,2182.310749891655,-1881.119066591989,,,,1220.0,81.502
6086,2,2179,2183.310749891655,-1880.119066591989,,,,1223.0,81.493
6087,2,2180,2184.310749891655,-1879.119066591989,,,,1226.0,81.486
6088,2,2181,2185.310749891655,-1878.119066591989,,,,1228.0,81.481
6089,2,2182,2186.310749891655,-1877.119066591989,,,,1229.0,81.48
6105,2,2198,2202.310749891655,-1861.119066591989,,,,1246.0,81.479
6106,2,2199,2203.310749891655,-1860.119066591989,,,,1246.0,81.468
6107,2,2200,2204.310749891655,-1859.119066591989,,,,1246.0,81.454
6108,2,2201,2205.310749891655,-1858.119066591989,,,,1246.0,81.442
6109,2,2202,2206.310749891655,-1857.119066591989,,,,1246.0,81.428
6110,2,2203,2207.310749891655,-1856.119066591989,,,,1247.0,81.418
6111,2,2204,2208.310749891655,-1855.119066591989,,,,1248.0,81.408
6112,2,2205,2209.310749891655,-1854.119066591989,,,,1250.0,81.401
6113,2,2206,2210.310749891655,-1853.119066591989,,,,1250.0,81.398
6114,2,2207,2211.310749891655,-1852.119066591989,,,,1250.0,81.395
6115,2,2208,2212.310749891655,-1851.119066591989,,,,1251.0,81.392
6116,2,2209,2213.310749891655,-1850.119066591989,,,,1250.0,81.386
6117,2,2210,2214.310749891655,-1849.119066591989,,,,1249.0,81.377
6118,2,2211,2215.310749891655,-1848.119066591989,,,,1249.0,81.364
6119,2,2212,2216.310749891655,-1847.119066591989,,,,1248.0,81.353
6120,2,2213,2217.310749891655,-1846.119066591989,,,,1250.0,81.341
6121,2,2214,2218.310749891655,-1845.119066591989,,,,1251.0,81.33
6122,2,2215,2219.310749891655,-1844.119066591989,,,,1253.0,81.322
6123,2,2216,2220.310749891655,-1843.119066591989,,,,1253.0,81.313
6124,2,2217,2221.310749891655,-1842.119066591989,,,,1254.0,81.302
6125,2,2218,2222.310749891655,-1841.119066591989,,,,1253.0,81.29
6126,2,2219,2223.310749891655,-1840.119066591989,,,,1253.0,81.279
6127,2,2220,2224.310749891655,-1839.119066591989,,,,1253.0,81.266
6128,2,2221,2225.310749891655,-1838.119066591989,,,,1255.0,81.254
6129,2,2222,2226.310749891655,-1837.119066591989,,,,1256.0,81.242
6130,2,2223,2227.310749891655,-1836.119066591989,,,,1256.0,81.231
6131,2,2224,2228.310749891655,-1835.119066591989,,,,1257.0,81.22
6132,2,2225,2229.310749891655,-1834.119066591989,,,,1256.0,81.209
6133,2,2226,2230.310749891655,-1833.119066591989,,,,1255.0,81.196
6134,2,2227,2231.310749891655,-1832.119066591989,,,,1254.0,81.183
6135,2,2228,2232.310749891655,-1831.119066591989,,,,1254.0,81.171
6136,2,2229,2233.310749891655,-1830.119066591989,,,,1253.0,81.16
6137,2,2230,2234.310749891655,-1829.119066591989,,,,1252.0,81.15
6138,2,2231,2235.310749891655,-1828.119066591989,,,,1251.0,81.142
6139,2,2232,2236.310749891655,-1827.119066591989,,,,1248.0,81.131
6140,2,2233,2237.310749891655,-1826.119066591989,,,,1245.0,81.119
6141,2,2234,2238.310749891655,-1825.119066591989,,,,1240.0,81.105
6142,2,2235,2239.310749891655,-1824.119066591989,,,,1238.0,81.093
6143,2,2236,2240.310749891655,-1823.119066591989,,,,1236.0,81.081
6144,2,2237,2241.310749891655,-1822.119066591989,,,,1235.0,81.072
6145,2,2238,2242.310749891655,-1821.119066591989,,,,1233.0,81.063
6146,2,2239,2243.310749891655,-1820.119066591989,,,,1230.0,81.051
6147,2,2240,2244.310749891655,-1819.119066591989,,,,1225.0,81.039
6148,2,2241,2245.310749891655,-1818.119066591989,,,,1220.0,81.024
6149,2,2242,2246.310749891655,-1817.119066591989,,,,1215.0,81.006
6150,2,2243,2247.310749891655,-1816.119066591989,,,,1213.0,80.991
6151,2,2244,2248.310749891655,-1815.119066591989,,,,1212.0,80.978
6152,2,2245,2249.310749891655,-1814.119066591989,,,,1211.0,80.967
6153,2,2246,2250.310749891655,-1813.119066591989,,,,1209.0,80.955
6154,2,2247,2251.310749891655,-1812.119066591989,,,,1207.0,80.945
6155,2,2248,2252.310749891655,-1811.119066591989,,,,1203.0,80.931
6156,2,2249,2253.310749891655,-1810.119066591989,,,,1199.0,80.917
6157,2,2250,2254.310749891655,-1809.119066591989,,,,1196.0,80.903
6158,2,2251,2255.310749891655,-1808.119066591989,,,,1196.0,80.889
6159,2,2252,2256.310749891655,-1807.119066591989,,,,1194.0,80.878
6160,2,2253,2257.310749891655,-1806.119066591989,,,,1193.0,80.865
6161,2,2254,2258.310749891655,-1805.119066591989,,,,1191.0,80.854
6162,2,2255,2259.310749891655,-1804.119066591989,,,,1188.0,80.842
6163,2,2256,2260.310749891655,-1803.119066591989,,,,1184.0,80.827
6164,2,2257,2261.310749891655,-1802.119066591989,,,,1181.0,80.814
6165,2,2258,2262.310749891655,-1801.119066591989,,,,1179.0,80.799
6166,2,2259,2263.310749891655,-1800.119066591989,,,,1179.0,80.787
6167,2,2260,2264.310749891655,-1799.119066591989,,,,1179.0,80.776
6168,2,2261,2265.310749891655,-1798.119066591989,,,,1178.0,80.767
6169,2,2262,2266.310749891655,-1797.119066591989,,,,1177.0,80.758
6170,2,2263,2267.310749891655,-1796.119066591989,,,,1174.0,80.75
6171,2,2264,2268.310749891655,-1795.119066591989,,,,1172.0,80.738
6172,2,2265,2269.310749891655,-1794.119066591989,,,,1170.0,80.726
6173,2,2266,2270.310749891655,-1793.119066591989,,,,1168.0,80.714
6174,2,2267,2271.310749891655,-1792.119066591989,,,,1167.0,80.703
6175,2,2268,2272.310749891655,-1791.119066591989,,,,1167.0,80.693
6176,2,2269,2273.310749891655,-1790.119066591989,,,,1167.0,80.685
6177,2,2270,2274.310749891655,-1789.119066591989,,,,1167.0,80.678
6178,2,2271,2275.310749891655,-1788.119066591989,,,,1166.0,80.671
6179,2,2272,2276.310749891655,-1787.119066591989,,,,1163.0,80.662
6180,2,2273,2277.310749891655,-1786.119066591989,,,,1159.0,80.651
6181,2,2274,2278.310749891655,-1785.119066591989,,,,1155.0,80.639
6182,2,2275,2279.310749891655,-1784.119066591989,,,,1151.0,80.626
6183,2,2276,2280.310749891655,-1783.119066591989,,,,1148.0,80.611
6184,2,2277,2281.310749891655,-1782.119066591989,,,,1147.0,80.6
6185,2,2278,2282.310749891655,-1781.119066591989,,,,1146.0,80.588
6186,2,2279,2283.310749891655,-1780.119066591989,,,,1146.0,80.578
6187,2,2280,2284.310749891655,-1779.119066591989,,,,1145.0,80.566
6188,2,2281,2285.310749891655,-1778.119066591989,,,,1143.0,80.555
6189,2,2282,2286.310749891655,-1777.119066591989,,,,1141.0,80.542
6190,2,2283,2287.310749891655,-1776.119066591989,,,,1138.0,80.528
6191,2,2284,2288.310749891655,-1775.119066591989,,,,1137.0,80.515
6192,2,2285,2289.310749891655,-1774.119066591989,,,,1137.0,80.503
6193,2,2286,2290.310749891655,-1773.119066591989,,,,1138.0,80.492
6194,2,2287,2291.310749891655,-1772.119066591989,,,,1138.0,80.48
6195,2,2288,2292.310749891655,-1771.119066591989,,,,1139.0,80.47
6196,2,2289,2293.310749891655,-1770.119066591989,,,,1138.0,80.458
6197,2,2290,2294.310749891655,-1769.119066591989,,,,1138.0,80.445
6198,2,2291,2295.310749891655,-1768.119066591989,,,,1137.0,80.432
6199,2,2292,2296.310749891655,-1767.119066591989,,,,1135.0,80.422
6200,2,2293,2297.310749891655,-1766.119066591989,,,,1133.0,80.41
6201,2,2294,2298.310749891655,-1765.119066591989,,,,1130.0,80.398
6202,2,2295,2299.310749891655,-1764.119066591989,,,,1126.0,80.386
6203,2,2296,2300.310749891655,-1763.119066591989,,,,1123.0,80.372
6204,2,2297,2301.310749891655,-1762.119066591989,,,,1119.0,80.358
6205,2,2298,2302.310749891655,-1761.119066591989,,,,1117.0,80.344
6206,2,2299,2303.310749891655,-1760.119066591989,,,,1115.0,80.332
6207,2,2300,2304.310749891655,-1759.119066591989,,,,1115.0,80.32
6208,2,2301,2305.310749891655,-1758.119066591989,,,,1115.0,80.308
6209,2,2302,2306.310749891655,-1757.119066591989,,,,1115.0,80.296
6210,2,2303,2307.310749891655,-1756.119066591989,,,,1115.0,80.283
6211,2,2304,2308.310749891655,-1755.119066591989,,,,1116.0,80.27
6212,2,2305,2309.310749891655,-1754.119066591989,,,,1116.0,80.257
6213,2,2306,2310.310749891655,-1753.119066591989,,,,1117.0,80.246
6214,2,2307,2311.310749891655,-1752.119066591989,,,,1118.0,80.234
6215,2,2308,2312.310749891655,-1751.119066591989,,,,1118.0,80.224
6216,2,2309,2313.310749891655,-1750.119066591989,,,,1118.0,80.214
6217,2,2310,2314.310749891655,-1749.119066591989,,,,1116.0,80.202
6218,2,2311,2315.310749891655,-1748.119066591989,,,,1113.0,80.189
6219,2,2312,2316.310749891655,-1747.119066591989,,,,1111.0,80.175
6220,2,2313,2317.310749891655,-1746.119066591989,,,,1110.0,80.16
6221,2,2314,2318.310749891655,-1745.119066591989,,,,1111.0,80.146
6222,2,2315,2319.310749891655,-1744.119066591989,,,,1112.0,80.134
6223,2,2316,2320.310749891655,-1743.119066591989,,,,1112.0,80.122
6224,2,2317,2321.310749891655,-1742.119066591989,,,,1112.0,80.109
6225,2,2318,2322.310749891655,-1741.119066591989,,,,1111.0,80.097
6226,2,2319,2323.310749891655,-1740.119066591989,,,,1110.0,80.084
6227,2,2320,2324.310749891655,-1739.119066591989,,,,1109.0,80.071
6228,2,2321,2325.310749891655,-1738.119066591989,,,,1108.0,80.058
6229,2,2322,2326.310749891655,-1737.119066591989,,,,1107.0,80.043
6230,2,2323,2327.310749891655,-1736.119066591989,,,,1106.0,80.03
6231,2,2324,2328.310749891655,-1735.119066591989,,,,1105.0,80.016
6232,2,2325,2329.310749891655,-1734.119066591989,,,,1105.0,80.003
6233,2,2326,2330.310749891655,-1733.119066591989,,,,1105.0,79.989
6234,2,2327,2331.310749891655,-1732.119066591989,,,,1105.0,79.975
6235,2,2328,2332.310749891655,-1731.119066591989,,,,1106.0,79.962
6236,2,2329,2333.310749891655,-1730.119066591989,,,,1106.0,79.948
6237,2,2330,2334.310749891655,-1729.119066591989,,,,1107.0,79.934
6238,2,2331,2335.310749891655,-1728.119066591989,,,,1107.0,79.919
6239,2,2332,2336.310749891655,-1727.119066591989,,,,1108.0,79.905
6240,2,2333,2337.310749891655,-1726.119066591989,,,,1111.0,79.892
6241,2,2334,2338.310749891655,-1725.119066591989,,,,1114.0,79.88
6242,2,2335,2339.310749891655,-1724.119066591989,,,,1116.0,79.87
6243,2,2336,2340.310749891655,-1723.119066591989,,,,1117.0,79.857
6244,2,2337,2341.310749891655,-1722.119066591989,,,,1117.0,79.843
6245,2,2338,2342.310749891655,-1721.119066591989,,,,1116.0,79.829
6246,2,2339,2343.310749891655,-1720.119066591989,,,,1116.0,79.814
6247,2,2340,2344.310749891655,-1719.119066591989,,,,1116.0,79.801
6248,2,2341,2345.310749891655,-1718.119066591989,,,,1116.0,79.788
6249,2,2342,2346.310749891655,-1717.119066591989,,,,1116.0,79.775
6250,2,2343,2347.310749891655,-1716.119066591989,,,,1117.0,79.764
6251,2,2344,2348.310749891655,-1715.119066591989,,,,1116.0,79.751
6252,2,2345,2349.310749891655,-1714.119066591989,,,,1118.0,79.737
6253,2,2346,2350.310749891655,-1713.119066591989,,,,1120.0,79.725
6254,2,2347,2351.310749891655,-1712.119066591989,,,,1122.0,79.714
6255,2,2348,2352.310749891655,-1711.119066591989,,,,1126.0,79.703
6256,2,2349,2353.310749891655,-1710.119066591989,,,,1127.0,79.693
6257,2,2350,2354.310749891655,-1709.119066591989,,,,1128.0,79.684
6258,2,2351,2355.310749891655,-1708.119066591989,,,,1126.0,79.673
6259,2,2352,2356.310749891655,-1707.119066591989,,,,1127.0,79.661
6260,2,2353,2357.310749891655,-1706.119066591989,,,,1127.0,79.647
6261,2,2354,2358.310749891655,-1705.119066591989,,,,1127.0,79.635
6262,2,2355,2359.310749891655,-1704.119066591989,,,,1128.0,79.624
6263,2,2356,2360.310749891655,-1703.119066591989,,,,1129.0,79.613
6264,2,2357,2361.310749891655,-1702.119066591989,,,,1129.0,79.603
6265,2,2358,2362.310749891655,-1701.119066591989,,,,1130.0,79.592
6266,2,2359,2363.310749891655,-1700.119066591989,,,,1131.0,79.58
6267,2,2360,2364.310749891655,-1699.119066591989,,,,1131.0,79.569
6268,2,2361,2365.310749891655,-1698.119066591989,,,,1131.0,79.558
6269,2,2362,2366.310749891655,-1697.119066591989,,,,1132.0,79.545
6270,2,2363,2367.310749891655,-1696.119066591989,,,,1132.0,79.535
6271,2,2364,2368.310749891655,-1695.119066591989,,,,1132.0,79.524
6272,2,2365,2369.310749891655,-1694.119066591989,,,,1132.0,79.514
6273,2,2366,2370.310749891655,-1693.119066591989,,,,1132.0,79.502
6274,2,2367,2371.310749891655,-1692.119066591989,,,,1131.0,79.491
6275,2,2368,2372.310749891655,-1691.119066591989,,,,1130.0,79.478
6276,2,2369,2373.310749891655,-1690.119066591989,,,,1129.0,79.465
6277,2,2370,2374.310749891655,-1689.119066591989,,,,1128.0,79.451
6278,2,2371,2375.310749891655,-1688.119066591989,,,,1127.0,79.437
6279,2,2372,2376.310749891655,-1687.119066591989,,,,1128.0,79.422
6280,2,2373,2377.310749891655,-1686.119066591989,,,,1128.0,79.408
6281,2,2374,2378.310749891655,-1685.119066591989,,,,1129.0,79.394
6282,2,2375,2379.310749891655,-1684.119066591989,,,,1130.0,79.381
6283,2,2376,2380.310749891655,-1683.119066591989,,,,1132.0,79.37
6284,2,2377,2381.310749891655,-1682.119066591989,,,,1134.0,79.361
6285,2,2378,2382.310749891655,-1681.119066591989,,,,1135.0,79.353
6286,2,2379,2383.310749891655,-1680.119066591989,,,,1135.0,79.342
6287,2,2380,2384.310749891655,-1679.119066591989,,,,1135.0,79.335
6288,2,2381,2385.310749891655,-1678.119066591989,,,,1134.0,79.323
6289,2,2382,2386.310749891655,-1677.119066591989,,,,1132.0,79.311
6290,2,2383,2387.310749891655,-1676.119066591989,,,,1129.0,79.297
6291,2,2384,2388.310749891655,-1675.119066591989,,,,1129.0,79.282
6292,2,2385,2389.310749891655,-1674.119066591989,,,,1133.0,79.271
6293,2,2386,2390.310749891655,-1673.119066591989,,,,1136.0,79.263
6294,2,2387,2391.310749891655,-1672.119066591989,,,,1138.0,79.257
6295,2,2388,2392.310749891655,-1671.119066591989,,,,1139.0,79.25
6296,2,2389,2393.310749891655,-1670.119066591989,,,,1139.0,79.243
6297,2,2390,2394.310749891655,-1669.119066591989,,,,1138.0,79.231
6298,2,2391,2395.310749891655,-1668.119066591989,,,,1137.0,79.219
6299,2,2392,2396.310749891655,-1667.119066591989,,,,1137.0,79.206
6300,2,2393,2397.310749891655,-1666.119066591989,,,,1138.0,79.197
6301,2,2394,2398.310749891655,-1665.119066591989,,,,1140.0,79.19
6302,2,2395,2399.310749891655,-1664.119066591989,,,,1141.0,79.183
6303,2,2396,2400.310749891655,-1663.119066591989,,,,1141.0,79.176
6304,2,2397,2401.310749891655,-1662.119066591989,,,,1138.0,79.167
6305,2,2398,2402.310749891655,-1661.119066591989,,,,1136.0,79.157
6306,2,2399,2403.310749891655,-1660.119066591989,,,,1134.0,79.145
6307,2,2400,2404.310749891655,-1659.119066591989,,,,1135.0,79.135
6308,2,2401,2405.310749891655,-1658.119066591989,,,,1136.0,79.125
6309,2,2402,2406.310749891655,-1657.119066591989,,,,1136.0,79.116
6310,2,2403,2407.310749891655,-1656.119066591989,,,,1137.0,79.107
6311,2,2404,2408.310749891655,-1655.119066591989,,,,1135.0,79.097
6312,2,2405,2409.310749891655,-1654.119066591989,,,,1134.0,79.084
6313,2,2406,2410.310749891655,-1653.119066591989,,,,1132.0,79.07
6314,2,2407,2411.310749891655,-1652.119066591989,,,,1131.0,79.056
6315,2,2408,2412.310749891655,-1651.119066591989,,,,1132.0,79.043
6316,2,2409,2413.310749891655,-1650.119066591989,,,,1133.0,79.033
6317,2,2410,2414.310749891655,-1649.119066591989,,,,1134.0,79.023
6318,2,2411,2415.310749891655,-1648.119066591989,,,,1133.0,79.017
6319,2,2412,2416.310749891655,-1647.119066591989,,,,1131.0,79.006
6320,2,2413,2417.310749891655,-1646.119066591989,,,,1129.0,78.996
6321,2,2414,2418.310749891655,-1645.119066591989,,,,1124.0,78.984
6322,2,2415,2419.310749891655,-1644.119066591989,,,,1121.0,78.969
6323,2,2416,2420.310749891655,-1643.119066591989,,,,1120.0,78.955
6324,2,2417,2421.310749891655,-1642.119066591989,,,,1122.0,78.945
6325,2,2418,2422.310749891655,-1641.119066591989,,,,1124.0,78.936
6326,2,2419,2423.310749891655,-1640.119066591989,,,,1126.0,78.926
6327,2,2420,2424.310749891655,-1639.119066591989,,,,1126.0,78.917
6328,2,2421,2425.310749891655,-1638.119066591989,,,,1125.0,78.906
6329,2,2422,2426.310749891655,-1637.119066591989,,,,1125.0,78.894
6330,2,2423,2427.310749891655,-1636.119066591989,,,,1126.0,78.882
6331,2,2424,2428.310749891655,-1635.119066591989,,,,1126.0,78.87
6332,2,2425,2429.310749891655,-1634.119066591989,,,,1127.0,78.86
6333,2,2426,2430.310749891655,-1633.119066591989,,,,1127.0,78.849
6334,2,2427,2431.310749891655,-1632.119066591989,,,,1128.0,78.837
6335,2,2428,2432.310749891655,-1631.119066591989,,,,1129.0,78.825
6336,2,2429,2433.310749891655,-1630.119066591989,,,,1129.0,78.813
6337,2,2430,2434.310749891655,-1629.119066591989,,,,1130.0,78.801
6338,2,2431,2435.310749891655,-1628.119066591989,,,,1131.0,78.79
6339,2,2432,2436.310749891655,-1627.119066591989,,,,1131.0,78.776
6340,2,2433,2437.310749891655,-1626.119066591989,,,,1132.0,78.764
6341,2,2434,2438.310749891655,-1625.119066591989,,,,1133.0,78.753
6342,2,2435,2439.310749891655,-1624.119066591989,,,,1134.0,78.742
6343,2,2436,2440.310749891655,-1623.119066591989,,,,1134.0,78.731
6344,2,2437,2441.310749891655,-1622.119066591989,,,,1134.0,78.72
6345,2,2438,2442.310749891655,-1621.119066591989,,,,1134.0,78.709
6346,2,2439,2443.310749891655,-1620.119066591989,,,,1134.0,78.698
6347,2,2440,2444.310749891655,-1619.119066591989,,,,1134.0,78.687
6348,2,2441,2445.310749891655,-1618.119066591989,,,,1135.0,78.675
6349,2,2442,2446.310749891655,-1617.119066591989,,,,1137.0,78.664
6350,2,2443,2447.310749891655,-1616.119066591989,,,,1138.0,78.656
6351,2,2444,2448.310749891655,-1615.119066591989,,,,1139.0,78.648
6352,2,2445,2449.310749891655,-1614.119066591989,,,,1139.0,78.641
6353,2,2446,2450.310749891655,-1613.119066591989,,,,1137.0,78.629
6354,2,2447,2451.310749891655,-1612.119066591989,,,,1135.0,78.617
6355,2,2448,2452.310749891655,-1611.119066591989,,,,1135.0,78.605
6356,2,2449,2453.310749891655,-1610.119066591989,,,,1135.0,78.593
6357,2,2450,2454.310749891655,-1609.119066591989,,,,1136.0,78.584
6358,2,2451,2455.310749891655,-1608.119066591989,,,,1136.0,78.575
6359,2,2452,2456.310749891655,-1607.119066591989,,,,1136.0,78.566
6360,2,2453,2457.310749891655,-1606.119066591989,,,,1137.0,78.558
6361,2,2454,2458.310749891655,-1605.119066591989,,,,1136.0,78.549
6362,2,2455,2459.310749891655,-1604.119066591989,,,,1135.0,78.538
6363,2,2456,2460.310749891655,-1603.119066591989,,,,1135.0,78.527
6364,2,2457,2461.310749891655,-1602.119066591989,,,,1136.0,78.516
6365,2,2458,2462.310749891655,-1601.119066591989,,,,1138.0,78.508
6366,2,2459,2463.310749891655,-1600.119066591989,,,,1141.0,78.5
6367,2,2460,2464.310749891655,-1599.119066591989,,,,1142.0,78.492
6368,2,2461,2465.310749891655,-1598.119066591989,,,,1143.0,78.483
6369,2,2462,2466.310749891655,-1597.119066591989,,,,1143.0,78.472
6370,2,2463,2467.310749891655,-1596.119066591989,,,,1141.0,78.46
6371,2,2464,2468.310749891655,-1595.119066591989,,,,1141.0,78.447
6372,2,2465,2469.310749891655,-1594.119066591989,,,,1145.0,78.438
6373,2,2466,2470.310749891655,-1593.119066591989,,,,1149.0,78.431
6374,2,2467,2471.310749891655,-1592.119066591989,,,,1153.0,78.427
6375,2,2468,2472.310749891655,-1591.119066591989,,,,1156.0,78.422
6376,2,2469,2473.310749891655,-1590.119066591989,,,,1157.0,78.416
6377,2,2470,2474.310749891655,-1589.119066591989,,,,1155.0,78.409
6378,2,2471,2475.310749891655,-1588.119066591989,,,,1153.0,78.399
6379,2,2472,2476.310749891655,-1587.119066591989,,,,1153.0,78.388
6380,2,2473,2477.310749891655,-1586.119066591989,,,,1154.0,78.379
6381,2,2474,2478.310749891655,-1585.119066591989,,,,1155.0,78.372
6382,2,2475,2479.310749891655,-1584.119066591989,,,,1157.0,78.364
6383,2,2476,2480.310749891655,-1583.119066591989,,,,1157.0,78.357
6384,2,2477,2481.310749891655,-1582.119066591989,,,,1155.0,78.349
6385,2,2478,2482.310749891655,-1581.119066591989,,,,1154.0,78.34
6386,2,2479,2483.310749891655,-1580.119066591989,,,,1153.0,78.328
6387,2,2480,2484.310749891655,-1579.119066591989,,,,1152.0,78.317
6388,2,2481,2485.310749891655,-1578.119066591989,,,,1152.0,78.306
6389,2,2482,2486.310749891655,-1577.119066591989,,,,1153.0,78.298
6390,2,2483,2487.310749891655,-1576.119066591989,,,,1154.0,78.289
6391,2,2484,2488.310749891655,-1575.119066591989,,,,1153.0,78.28
6392,2,2485,2489.310749891655,-1574.119066591989,,,,1150.0,78.27
6393,2,2486,2490.310749891655,-1573.119066591989,,,,1148.0,78.258
6394,2,2487,2491.310749891655,-1572.119066591989,,,,1146.0,78.244
6395,2,2488,2492.310749891655,-1571.119066591989,,,,1145.0,78.232
6396,2,2489,2493.310749891655,-1570.119066591989,,,,1145.0,78.22
6397,2,2490,2494.310749891655,-1569.119066591989,,,,1146.0,78.21
6398,2,2491,2495.310749891655,-1568.119066591989,,,,1146.0,78.201
6399,2,2492,2496.310749891655,-1567.119066591989,,,,1145.0,78.19
6400,2,2493,2497.310749891655,-1566.119066591989,,,,1144.0,78.178
6401,2,2494,2498.310749891655,-1565.119066591989,,,,1145.0,78.166
6402,2,2495,2499.310749891655,-1564.119066591989,,,,1144.0,78.155
6403,2,2496,2500.310749891655,-1563.119066591989,,,,1145.0,78.144
6404,2,2497,2501.310749891655,-1562.119066591989,,,,1145.0,78.132
6405,2,2498,2502.310749891655,-1561.119066591989,,,,1145.0,78.121
6406,2,2499,2503.310749891655,-1560.119066591989,,,,1145.0,78.11
6407,2,2500,2504.310749891655,-1559.119066591989,,,,1145.0,78.099
6408,2,2501,2505.310749891655,-1558.119066591989,,,,1145.0,78.091
6409,2,2502,2506.310749891655,-1557.119066591989,,,,1146.0,78.081
6410,2,2503,2507.310749891655,-1556.119066591989,,,,1148.0,78.073
6411,2,2504,2508.310749891655,-1555.119066591989,,,,1150.0,78.066
6412,2,2505,2509.310749891655,-1554.119066591989,,,,1151.0,78.058
6413,2,2506,2510.310749891655,-1553.119066591989,,,,1151.0,78.048
6414,2,2507,2511.310749891655,-1552.119066591989,,,,1152.0,78.039
6415,2,2508,2512.310749891655,-1551.119066591989,,,,1153.0,78.03
6416,2,2509,2513.310749891655,-1550.119066591989,,,,1154.0,78.021
6417,2,2510,2514.310749891655,-1549.119066591989,,,,1156.0,78.012
6418,2,2511,2515.310749891655,-1548.119066591989,,,,1157.0,78.005
6419,2,2512,2516.310749891655,-1547.119066591989,,,,1158.0,77.996
6420,2,2513,2517.310749891655,-1546.119066591989,,,,1159.0,77.989
6421,2,2514,2518.310749891655,-1545.119066591989,,,,1159.0,77.981
6422,2,2515,2519.310749891655,-1544.119066591989,,,,1159.0,77.973
6423,2,2516,2520.310749891655,-1543.119066591989,,,,1160.0,77.965
6424,2,2517,2521.310749891655,-1542.119066591989,,,,1159.0,77.956
6425,2,2518,2522.310749891655,-1541.119066591989,,,,1158.0,77.948
6426,2,2519,2523.310749891655,-1540.119066591989,,,,1159.0,77.938
6427,2,2520,2524.310749891655,-1539.119066591989,,,,1158.0,77.931
6428,2,2521,2525.310749891655,-1538.119066591989,,,,1158.0,77.923
6429,2,2522,2526.310749891655,-1537.119066591989,,,,1158.0,77.916
6430,2,2523,2527.310749891655,-1536.119066591989,,,,1157.0,77.908
6431,2,2524,2528.310749891655,-1535.119066591989,,,,1157.0,77.897
6432,2,2525,2529.310749891655,-1534.119066591989,,,,1155.0,77.888
6433,2,2526,2530.310749891655,-1533.119066591989,,,,1155.0,77.878
6434,2,2527,2531.310749891655,-1532.119066591989,,,,1155.0,77.869
6435,2,2528,2532.310749891655,-1531.119066591989,,,,1155.0,77.861
6436,2,2529,2533.310749891655,-1530.119066591989,,,,1155.0,77.855
6437,2,2530,2534.310749891655,-1529.119066591989,,,,1153.0,77.846
6438,2,2531,2535.310749891655,-1528.119066591989,,,,1152.0,77.837
6439,2,2532,2536.310749891655,-1527.119066591989,,,,1150.0,77.825
6440,2,2533,2537.310749891655,-1526.119066591989,,,,1148.0,77.814
6441,2,2534,2538.310749891655,-1525.119066591989,,,,1148.0,77.805
6442,2,2535,2539.310749891655,-1524.119066591989,,,,1148.0,77.796
6443,2,2536,2540.310749891655,-1523.119066591989,,,,1148.0,77.789
6444,2,2537,2541.310749891655,-1522.119066591989,,,,1146.0,77.78
6445,2,2538,2542.310749891655,-1521.119066591989,,,,1145.0,77.771
6446,2,2539,2543.310749891655,-1520.119066591989,,,,1143.0,77.762
6447,2,2540,2544.310749891655,-1519.119066591989,,,,1142.0,77.752
6448,2,2541,2545.310749891655,-1518.119066591989,,,,1142.0,77.745
6449,2,2542,2546.310749891655,-1517.119066591989,,,,1142.0,77.735
6450,2,2543,2547.310749891655,-1516.119066591989,,,,1143.0,77.728
6451,2,2544,2548.310749891655,-1515.119066591989,,,,1143.0,77.719
6452,2,2545,2549.310749891655,-1514.119066591989,,,,1144.0,77.712
6453,2,2546,2550.310749891655,-1513.119066591989,,,,1145.0,77.704
6454,2,2547,2551.310749891655,-1512.119066591989,,,,1144.0,77.697
6455,2,2548,2552.310749891655,-1511.119066591989,,,,1144.0,77.688
6456,2,2549,2553.310749891655,-1510.119066591989,,,,1143.0,77.679
6457,2,2550,2554.310749891655,-1509.119066591989,,,,1141.0,77.671
6458,2,2551,2555.310749891655,-1508.119066591989,,,,1140.0,77.661
6459,2,2552,2556.310749891655,-1507.119066591989,,,,1141.0,77.653
6460,2,2553,2557.310749891655,-1506.119066591989,,,,1141.0,77.643
6461,2,2554,2558.310749891655,-1505.119066591989,,,,1141.0,77.634
6462,2,2555,2559.310749891655,-1504.119066591989,,,,1140.0,77.625
6463,2,2556,2560.310749891655,-1503.119066591989,,,,1139.0,77.614
6464,2,2557,2561.310749891655,-1502.119066591989,,,,1138.0,77.604
6465,2,2558,2562.310749891655,-1501.119066591989,,,,1136.0,77.595
6466,2,2559,2563.310749891655,-1500.119066591989,,,,1135.0,77.586
6467,2,2560,2564.310749891655,-1499.119066591989,,,,1134.0,77.574
6468,2,2561,2565.310749891655,-1498.119066591989,,,,1133.0,77.565
6469,2,2562,2566.310749891655,-1497.119066591989,,,,1131.0,77.555
6470,2,2563,2567.310749891655,-1496.119066591989,,,,1129.0,77.544
6471,2,2564,2568.310749891655,-1495.119066591989,,,,1128.0,77.534
6472,2,2565,2569.310749891655,-1494.119066591989,,,,1126.0,77.524
6473,2,2566,2570.310749891655,-1493.119066591989,,,,1124.0,77.513
6474,2,2567,2571.310749891655,-1492.119066591989,,,,1124.0,77.502
6475,2,2568,2572.310749891655,-1491.119066591989,,,,1124.0,77.494
6476,2,2569,2573.310749891655,-1490.119066591989,,,,1124.0,77.486
6477,2,2570,2574.310749891655,-1489.119066591989,,,,1124.0,77.479
6478,2,2571,2575.310749891655,-1488.119066591989,,,,1122.0,77.472
6479,2,2572,2576.310749891655,-1487.119066591989,,,,1121.0,77.463
6480,2,2573,2577.310749891655,-1486.119066591989,,,,1120.0,77.454
6481,2,2574,2578.310749891655,-1485.119066591989,,,,1119.0,77.444
6482,2,2575,2579.310749891655,-1484.119066591989,,,,1118.0,77.434
6483,2,2576,2580.310749891655,-1483.119066591989,,,,1119.0,77.426
6484,2,2577,2581.310749891655,-1482.119066591989,,,,1118.0,77.42
6485,2,2578,2582.310749891655,-1481.119066591989,,,,1118.0,77.415
6486,2,2579,2583.310749891655,-1480.119066591989,,,,1118.0,77.408
6487,2,2580,2584.310749891655,-1479.119066591989,,,,1117.0,77.399
6488,2,2581,2585.310749891655,-1478.119066591989,,,,1116.0,77.39
6489,2,2582,2586.310749891655,-1477.119066591989,,,,1115.0,77.379
6490,2,2583,2587.310749891655,-1476.119066591989,,,,1116.0,77.373
6491,2,2584,2588.310749891655,-1475.119066591989,,,,1116.0,77.365
6492,2,2585,2589.310749891655,-1474.119066591989,,,,1117.0,77.357
6493,2,2586,2590.310749891655,-1473.119066591989,,,,1116.0,77.348
6494,2,2587,2591.310749891655,-1472.119066591989,,,,1115.0,77.339
6495,2,2588,2592.310749891655,-1471.119066591989,,,,1115.0,77.33
6496,2,2589,2593.310749891655,-1470.119066591989,,,,1117.0,77.325
6497,2,2590,2594.310749891655,-1469.119066591989,,,,1117.0,77.318
6498,2,2591,2595.310749891655,-1468.119066591989,,,,1116.0,77.313
6499,2,2592,2596.310749891655,-1467.119066591989,,,,1115.0,77.305
6500,2,2593,2597.310749891655,-1466.119066591989,,,,1114.0,77.297
6501,2,2594,2598.310749891655,-1465.119066591989,,,,1112.0,77.289
6502,2,2595,2599.310749891655,-1464.119066591989,,,,1112.0,77.282
6503,2,2596,2600.310749891655,-1463.119066591989,,,,1113.0,77.276
6504,2,2597,2601.310749891655,-1462.119066591989,,,,1113.0,77.272
6505,2,2598,2602.310749891655,-1461.119066591989,,,,1114.0,77.265
6506,2,2599,2603.310749891655,-1460.119066591989,,,,1116.0,77.259
6507,2,2600,2604.310749891655,-1459.119066591989,,,,1116.0,77.251
6508,2,2601,2605.310749891655,-1458.119066591989,,,,1117.0,77.244
6509,2,2602,2606.310749891655,-1457.119066591989,,,,1118.0,77.236
6510,2,2603,2607.310749891655,-1456.119066591989,,,,1119.0,77.228
6511,2,2604,2608.310749891655,-1455.119066591989,,,,1121.0,77.223
6512,2,2605,2609.310749891655,-1454.119066591989,,,,1124.0,77.218
6513,2,2606,2610.310749891655,-1453.119066591989,,,,1125.0,77.212
6514,2,2607,2611.310749891655,-1452.119066591989,,,,1125.0,77.207
6515,2,2608,2612.310749891655,-1451.119066591989,,,,1125.0,77.202
6516,2,2609,2613.310749891655,-1450.119066591989,,,,1123.0,77.197
6517,2,2610,2614.310749891655,-1449.119066591989,,,,1122.0,77.19
6518,2,2611,2615.310749891655,-1448.119066591989,,,,1121.0,77.181
6519,2,2612,2616.310749891655,-1447.119066591989,,,,1121.0,77.173
6520,2,2613,2617.310749891655,-1446.119066591989,,,,1120.0,77.165
6521,2,2614,2618.310749891655,-1445.119066591989,,,,1120.0,77.159
6522,2,2615,2619.310749891655,-1444.119066591989,,,,1119.0,77.15
6523,2,2616,2620.310749891655,-1443.119066591989,,,,1117.0,77.143
6524,2,2617,2621.310749891655,-1442.119066591989,,,,1115.0,77.135
6525,2,2618,2622.310749891655,-1441.119066591989,,,,1112.0,77.125
6526,2,2619,2623.310749891655,-1440.119066591989,,,,1111.0,77.116
6527,2,2620,2624.310749891655,-1439.119066591989,,,,1111.0,77.106
6528,2,2621,2625.310749891655,-1438.119066591989,,,,1113.0,77.098
6529,2,2622,2626.310749891655,-1437.119066591989,,,,1115.0,77.091
6530,2,2623,2627.310749891655,-1436.119066591989,,,,1116.0,77.086
6531,2,2624,2628.310749891655,-1435.119066591989,,,,1116.0,77.081
6532,2,2625,2629.310749891655,-1434.119066591989,,,,1115.0,77.077
6533,2,2626,2630.310749891655,-1433.119066591989,,,,1113.0,77.071
6534,2,2627,2631.310749891655,-1432.119066591989,,,,1113.0,77.065
6535,2,2628,2632.310749891655,-1431.119066591989,,,,1114.0,77.058
6536,2,2629,2633.310749891655,-1430.119066591989,,,,1116.0,77.05
6537,2,2630,2634.310749891655,-1429.119066591989,,,,1118.0,77.044
6538,2,2631,2635.310749891655,-1428.119066591989,,,,1119.0,77.039
6539,2,2632,2636.310749891655,-1427.119066591989,,,,1118.0,77.033
6540,2,2633,2637.310749891655,-1426.119066591989,,,,1116.0,77.026
6541,2,2634,2638.310749891655,-1425.119066591989,,,,1115.0,77.016
6542,2,2635,2639.310749891655,-1424.119066591989,,,,1114.0,77.007
6543,2,2636,2640.310749891655,-1423.119066591989,,,,1115.0,76.998
6544,2,2637,2641.310749891655,-1422.119066591989,,,,1117.0,76.99
6545,2,2638,2642.310749891655,-1421.119066591989,,,,1119.0,76.986
6546,2,2639,2643.310749891655,-1420.119066591989,,,,1118.0,76.982
6547,2,2640,2644.310749891655,-1419.119066591989,,,,1117.0,76.978
6548,2,2641,2645.310749891655,-1418.119066591989,,,,1114.0,76.972
6549,2,2642,2646.310749891655,-1417.119066591989,,,,1111.0,76.966
6550,2,2643,2647.310749891655,-1416.119066591989,,,,1109.0,76.957
6551,2,2644,2648.310749891655,-1415.119066591989,,,,1107.0,76.947
6552,2,2645,2649.310749891655,-1414.119066591989,,,,1106.0,76.938
6553,2,2646,2650.310749891655,-1413.119066591989,,,,1106.0,76.929
6554,2,2647,2651.310749891655,-1412.119066591989,,,,1105.0,76.921
6555,2,2648,2652.310749891655,-1411.119066591989,,,,1104.0,76.914
6556,2,2649,2653.310749891655,-1410.119066591989,,,,1103.0,76.904
6557,2,2650,2654.310749891655,-1409.119066591989,,,,1103.0,76.892
6558,2,2651,2655.310749891655,-1408.119066591989,,,,1103.0,76.883
6559,2,2652,2656.310749891655,-1407.119066591989,,,,1103.0,76.874
6560,2,2653,2657.310749891655,-1406.119066591989,,,,1104.0,76.864
6561,2,2654,2658.310749891655,-1405.119066591989,,,,1105.0,76.855
6562,2,2655,2659.310749891655,-1404.119066591989,,,,1104.0,76.848
6563,2,2656,2660.310749891655,-1403.119066591989,,,,1104.0,76.84
6564,2,2657,2661.310749891655,-1402.119066591989,,,,1102.0,76.831
6565,2,2658,2662.310749891655,-1401.119066591989,,,,1099.0,76.822
6566,2,2659,2663.310749891655,-1400.119066591989,,,,1097.0,76.814
6567,2,2660,2664.310749891655,-1399.119066591989,,,,1097.0,76.805
6568,2,2661,2665.310749891655,-1398.119066591989,,,,1097.0,76.799
6569,2,2662,2666.310749891655,-1397.119066591989,,,,1097.0,76.792
6570,2,2663,2667.310749891655,-1396.119066591989,,,,1097.0,76.784
6571,2,2664,2668.310749891655,-1395.119066591989,,,,1095.0,76.777
6572,2,2665,2669.310749891655,-1394.119066591989,,,,1094.0,76.768
6573,2,2666,2670.310749891655,-1393.119066591989,,,,1093.0,76.76
6574,2,2667,2671.310749891655,-1392.119066591989,,,,1093.0,76.75
6575,2,2668,2672.310749891655,-1391.119066591989,,,,1093.0,76.741
6576,2,2669,2673.310749891655,-1390.119066591989,,,,1093.0,76.733
6577,2,2670,2674.310749891655,-1389.119066591989,,,,1093.0,76.724
6578,2,2671,2675.310749891655,-1388.119066591989,,,,1092.0,76.715
6579,2,2672,2676.310749891655,-1387.119066591989,,,,1090.0,76.706
6580,2,2673,2677.310749891655,-1386.119066591989,,,,1088.0,76.694
6581,2,2674,2678.310749891655,-1385.119066591989,,,,1087.0,76.683
6582,2,2675,2679.310749891655,-1384.119066591989,,,,1085.0,76.672
6583,2,2676,2680.310749891655,-1383.119066591989,,,,1085.0,76.663
6584,2,2677,2681.310749891655,-1382.119066591989,,,,1085.0,76.654
6585,2,2678,2682.310749891655,-1381.119066591989,,,,1084.0,76.645
6586,2,2679,2683.310749891655,-1380.119066591989,,,,1083.0,76.635
6587,2,2680,2684.310749891655,-1379.119066591989,,,,1081.0,76.624
6588,2,2681,2685.310749891655,-1378.119066591989,,,,1079.0,76.612
6589,2,2682,2686.310749891655,-1377.119066591989,,,,1078.0,76.601
6590,2,2683,2687.310749891655,-1376.119066591989,,,,1077.0,76.59
6591,2,2684,2688.310749891655,-1375.119066591989,,,,1076.0,76.58
6592,2,2685,2689.310749891655,-1374.119066591989,,,,1075.0,76.57
6593,2,2686,2690.310749891655,-1373.119066591989,,,,1073.0,76.558
6594,2,2687,2691.310749891655,-1372.119066591989,,,,1072.0,76.548
6595,2,2688,2692.310749891655,-1371.119066591989,,,,1070.0,76.537
6596,2,2689,2693.310749891655,-1370.119066591989,,,,1069.0,76.527
6597,2,2690,2694.310749891655,-1369.119066591989,,,,1068.0,76.519
6598,2,2691,2695.310749891655,-1368.119066591989,,,,1066.0,76.511
6599,2,2692,2696.310749891655,-1367.119066591989,,,,1064.0,76.502
6600,2,2693,2697.310749891655,-1366.119066591989,,,,1061.0,76.493
6601,2,2694,2698.310749891655,-1365.119066591989,,,,1058.0,76.482
6602,2,2695,2699.310749891655,-1364.119066591989,,,,1057.0,76.473
6603,2,2696,2700.310749891655,-1363.119066591989,,,,1055.0,76.465
6604,2,2697,2701.310749891655,-1362.119066591989,,,,1053.0,76.459
6605,2,2698,2702.310749891655,-1361.119066591989,,,,1051.0,76.449
6606,2,2699,2703.310749891655,-1360.119066591989,,,,1049.0,76.441
6607,2,2700,2704.310749891655,-1359.119066591989,,,,1048.0,76.43
6608,2,2701,2705.310749891655,-1358.119066591989,,,,1048.0,76.421
6609,2,2702,2706.310749891655,-1357.119066591989,,,,1048.0,76.413
6610,2,2703,2707.310749891655,-1356.119066591989,,,,1048.0,76.406
6611,2,2704,2708.310749891655,-1355.119066591989,,,,1047.0,76.398
6612,2,2705,2709.310749891655,-1354.119066591989,,,,1045.0,76.388
6613,2,2706,2710.310749891655,-1353.119066591989,,,,1043.0,76.379
6614,2,2707,2711.310749891655,-1352.119066591989,,,,1041.0,76.369
6615,2,2708,2712.310749891655,-1351.119066591989,,,,1040.0,76.359
6616,2,2709,2713.310749891655,-1350.119066591989,,,,1039.0,76.35
6617,2,2710,2714.310749891655,-1349.119066591989,,,,1038.0,76.34
6618,2,2711,2715.310749891655,-1348.119066591989,,,,1037.0,76.331
6619,2,2712,2716.310749891655,-1347.119066591989,,,,1035.0,76.322
6620,2,2713,2717.310749891655,-1346.119066591989,,,,1033.0,76.311
6621,2,2714,2718.310749891655,-1345.119066591989,,,,1031.0,76.299
6622,2,2715,2719.310749891655,-1344.119066591989,,,,1030.0,76.287
6623,2,2716,2720.310749891655,-1343.119066591989,,,,1030.0,76.276
6624,2,2717,2721.310749891655,-1342.119066591989,,,,1030.0,76.266
6625,2,2718,2722.310749891655,-1341.119066591989,,,,1029.0,76.257
6626,2,2719,2723.310749891655,-1340.119066591989,,,,1028.0,76.246
6627,2,2720,2724.310749891655,-1339.119066591989,,,,1027.0,76.234
6628,2,2721,2725.310749891655,-1338.119066591989,,,,1026.0,76.222
6629,2,2722,2726.310749891655,-1337.119066591989,,,,1026.0,76.21
6630,2,2723,2727.310749891655,-1336.119066591989,,,,1025.0,76.198
6631,2,2724,2728.310749891655,-1335.119066591989,,,,1025.0,76.185
6632,2,2725,2729.310749891655,-1334.119066591989,,,,1025.0,76.171
6633,2,2726,2730.310749891655,-1333.119066591989,,,,1024.0,76.158
6634,2,2727,2731.310749891655,-1332.119066591989,,,,1025.0,76.146
6635,2,2728,2732.310749891655,-1331.119066591989,,,,1024.0,76.134
6636,2,2729,2733.310749891655,-1330.119066591989,,,,1023.0,76.121
6637,2,2730,2734.310749891655,-1329.119066591989,,,,1023.0,76.112
6638,2,2731,2735.310749891655,-1328.119066591989,,,,1023.0,76.102
6639,2,2732,2736.310749891655,-1327.119066591989,,,,1024.0,76.093
6640,2,2733,2737.310749891655,-1326.119066591989,,,,1026.0,76.084
6641,2,2734,2738.310749891655,-1325.119066591989,,,,1028.0,76.076
6642,2,2735,2739.310749891655,-1324.119066591989,,,,1031.0,76.068
6643,2,2736,2740.310749891655,-1323.119066591989,,,,1033.0,76.061
6644,2,2737,2741.310749891655,-1322.119066591989,,,,1035.0,76.051
6645,2,2738,2742.310749891655,-1321.119066591989,,,,1036.0,76.039
6646,2,2739,2743.310749891655,-1320.119066591989,,,,1038.0,76.03
6647,2,2740,2744.310749891655,-1319.119066591989,,,,1041.0,76.022
6648,2,2741,2745.310749891655,-1318.119066591989,,,,1043.0,76.018
6649,2,2742,2746.310749891655,-1317.119066591989,,,,1045.0,76.016
6650,2,2743,2747.310749891655,-1316.119066591989,,,,1046.0,76.013
6687,2,2780,2784.310749891655,-1279.119066591989,,,,1114.0,76.012
6705,2,2798,2802.310749891655,-1261.119066591989,,,,1150.0,76.01
6706,2,2799,2803.310749891655,-1260.119066591989,,,,1154.0,76.007
6774,2,2867,2871.310749891655,-1192.119066591989,,,,1340.0,76.002
6775,2,2868,2872.310749891655,-1191.119066591989,,,,1343.0,75.998
6855,2,2948,2952.310749891655,-1111.119066591989,,,,1525.0,75.994
6856,2,2949,2953.310749891655,-1110.119066591989,,,,1527.0,75.987
6857,2,2950,2954.310749891655,-1109.119066591989,,,,1529.0,75.98
6858,2,2951,2955.310749891655,-1108.119066591989,,,,1531.0,75.974
6859,2,2952,2956.310749891655,-1107.119066591989,,,,1533.0,75.971
6860,2,2953,2957.310749891655,-1106.119066591989,,,,1535.0,75.97
6950,2,3043,3047.310749891655,-1016.119066591989,,,,1701.0,75.967
6951,2,3044,3048.310749891655,-1015.119066591989,,,,1704.0,75.964
6977,2,3070,3074.310749891655,-989.119066591989,,,,1724.0,75.963
6978,2,3071,3075.310749891655,-988.119066591989,,,,1725.0,75.961
6979,2,3072,3076.310749891655,-987.119066591989,,,,1725.0,75.956
6980,2,3073,3077.310749891655,-986.119066591989,,,,1725.0,75.953
7003,2,3096,3100.310749891655,-963.119066591989,,,,1732.0,75.951
7004,2,3097,3101.310749891655,-962.119066591989,,,,1733.0,75.944
7005,2,3098,3102.310749891655,-961.119066591989,,,,1734.0,75.936
7006,2,3099,3103.310749891655,-960.119066591989,,,,1733.0,75.929
7007,2,3100,3104.310749891655,-959.119066591989,,,,1732.0,75.919
7008,2,3101,3105.310749891655,-958.119066591989,,,,1729.0,75.908
7009,2,3102,3106.310749891655,-957.119066591989,,,,1727.0,75.897
7010,2,3103,3107.310749891655,-956.119066591989,,,,1725.0,75.884
7011,2,3104,3108.310749891655,-955.119066591989,,,,1723.0,75.874
7012,2,3105,3109.310749891655,-954.119066591989,,,,1721.0,75.862
7013,2,3106,3110.310749891655,-953.119066591989,,,,1720.0,75.851
7014,2,3107,3111.310749891655,-952.119066591989,,,,1719.0,75.839
7015,2,3108,3112.310749891655,-951.119066591989,,,,1716.0,75.826
7016,2,3109,3113.310749891655,-950.119066591989,,,,1715.0,75.811
7017,2,3110,3114.310749891655,-949.119066591989,,,,1713.0,75.799
7018,2,3111,3115.310749891655,-948.119066591989,,,,1711.0,75.787
7019,2,3112,3116.310749891655,-947.119066591989,,,,1709.0,75.776
7020,2,3113,3117.310749891655,-946.119066591989,,,,1707.0,75.764
7021,2,3114,3118.310749891655,-945.119066591989,,,,1706.0,75.753
7022,2,3115,3119.310749891655,-944.119066591989,,,,1704.0,75.742
7023,2,3116,3120.310749891655,-943.119066591989,,,,1701.0,75.729
7024,2,3117,3121.310749891655,-942.119066591989,,,,1700.0,75.718
7025,2,3118,3122.310749891655,-941.119066591989,,,,1698.0,75.705
7026,2,3119,3123.310749891655,-940.119066591989,,,,1697.0,75.693
7027,2,3120,3124.310749891655,-939.119066591989,,,,1694.0,75.682
7028,2,3121,3125.310749891655,-938.119066591989,,,,1693.0,75.669
7029,2,3122,3126.310749891655,-937.119066591989,,,,1691.0,75.655
7030,2,3123,3127.310749891655,-936.119066591989,,,,1689.0,75.643
7031,2,3124,3128.310749891655,-935.119066591989,,,,1689.0,75.63
7032,2,3125,3129.310749891655,-934.119066591989,,,,1688.0,75.618
7033,2,3126,3130.310749891655,-933.119066591989,,,,1687.0,75.606
7034,2,3127,3131.310749891655,-932.119066591989,,,,1686.0,75.594
7035,2,3128,3132.310749891655,-931.119066591989,,,,1684.0,75.581
7036,2,3129,3133.310749891655,-930.119066591989,,,,1682.0,75.569
7037,2,3130,3134.310749891655,-929.119066591989,,,,1679.0,75.555
7038,2,3131,3135.310749891655,-928.119066591989,,,,1675.0,75.541
7039,2,3132,3136.310749891655,-927.119066591989,,,,1672.0,75.527
7040,2,3133,3137.310749891655,-926.119066591989,,,,1668.0,75.509
7041,2,3134,3138.310749891655,-925.119066591989,,,,1665.0,75.492
7042,2,3135,3139.310749891655,-924.119066591989,,,,1662.0,75.476
7043,2,3136,3140.310749891655,-923.119066591989,,,,1661.0,75.459
7044,2,3137,3141.310749891655,-922.119066591989,,,,1660.0,75.445
7045,2,3138,3142.310749891655,-921.119066591989,,,,1659.0,75.43
7046,2,3139,3143.310749891655,-920.119066591989,,,,1658.0,75.417
7047,2,3140,3144.310749891655,-919.119066591989,,,,1657.0,75.402
7048,2,3141,3145.310749891655,-918.119066591989,,,,1654.0,75.388
7049,2,3142,3146.310749891655,-917.119066591989,,,,1652.0,75.373
7050,2,3143,3147.310749891655,-916.119066591989,,,,1649.0,75.358
7051,2,3144,3148.310749891655,-915.119066591989,,,,1647.0,75.342
7052,2,3145,3149.310749891655,-914.119066591989,,,,1645.0,75.327
7053,2,3146,3150.310749891655,-913.119066591989,,,,1643.0,75.311
7054,2,3147,3151.310749891655,-912.119066591989,,,,1641.0,75.295
7055,2,3148,3152.310749891655,-911.119066591989,,,,1639.0,75.28
7056,2,3149,3153.310749891655,-910.119066591989,,,,1636.0,75.264
7057,2,3150,3154.310749891655,-909.119066591989,,,,1633.0,75.249
7058,2,3151,3155.310749891655,-908.119066591989,,,,1631.0,75.234
7059,2,3152,3156.310749891655,-907.119066591989,,,,1629.0,75.218
7060,2,3153,3157.310749891655,-906.119066591989,,,,1627.0,75.203
7061,2,3154,3158.310749891655,-905.119066591989,,,,1626.0,75.189
7062,2,3155,3159.310749891655,-904.119066591989,,,,1625.0,75.175
7063,2,3156,3160.310749891655,-903.119066591989,,,,1624.0,75.162
7064,2,3157,3161.310749891655,-902.119066591989,,,,1622.0,75.148
7065,2,3158,3162.310749891655,-901.119066591989,,,,1620.0,75.133
7066,2,3159,3163.310749891655,-900.119066591989,,,,1619.0,75.119
7067,2,3160,3164.310749891655,-899.119066591989,,,,1617.0,75.106
7068,2,3161,3165.310749891655,-898.119066591989,,,,1615.0,75.091
7069,2,3162,3166.310749891655,-897.119066591989,,,,1613.0,75.076
7070,2,3163,3167.310749891655,-896.119066591989,,,,1611.0,75.063
7071,2,3164,3168.310749891655,-895.119066591989,,,,1609.0,75.047
7072,2,3165,3169.310749891655,-894.119066591989,,,,1607.0,75.033
7073,2,3166,3170.310749891655,-893.119066591989,,,,1605.0,75.019
7074,2,3167,3171.310749891655,-892.119066591989,,,,1604.0,75.005
7075,2,3168,3172.310749891655,-891.119066591989,,,,1602.0,74.992
7076,2,3169,3173.310749891655,-890.119066591989,,,,1600.0,74.98
7077,2,3170,3174.310749891655,-889.119066591989,,,,1598.0,74.966
7078,2,3171,3175.310749891655,-888.119066591989,,,,1596.0,74.953
7079,2,3172,3176.310749891655,-887.119066591989,,,,1595.0,74.941
7080,2,3173,3177.310749891655,-886.119066591989,,,,1593.0,74.927
7081,2,3174,3178.310749891655,-885.119066591989,,,,1592.0,74.916
7082,2,3175,3179.310749891655,-884.119066591989,,,,1591.0,74.906
7083,2,3176,3180.310749891655,-883.119066591989,,,,1589.0,74.895
7084,2,3177,3181.310749891655,-882.119066591989,,,,1587.0,74.887
7085,2,3178,3182.310749891655,-881.119066591989,,,,1584.0,74.878
7086,2,3179,3183.310749891655,-880.119066591989,,,,1581.0,74.868
7087,2,3180,3184.310749891655,-879.119066591989,,,,1578.0,74.856
7088,2,3181,3185.310749891655,-878.119066591989,,,,1575.0,74.843
7089,2,3182,3186.310749891655,-877.119066591989,,,,1573.0,74.831
7090,2,3183,3187.310749891655,-876.119066591989,,,,1572.0,74.82
7091,2,3184,3188.310749891655,-875.119066591989,,,,1572.0,74.809
7092,2,3185,3189.310749891655,-874.119066591989,,,,1570.0,74.799
7093,2,3186,3190.310749891655,-873.119066591989,,,,1568.0,74.792
7094,2,3187,3191.310749891655,-872.119066591989,,,,1565.0,74.782
7095,2,3188,3192.310749891655,-871.119066591989,,,,1562.0,74.772
7096,2,3189,3193.310749891655,-870.119066591989,,,,1560.0,74.759
7097,2,3190,3194.310749891655,-869.119066591989,,,,1558.0,74.743
7098,2,3191,3195.310749891655,-868.119066591989,,,,1559.0,74.729
7099,2,3192,3196.310749891655,-867.119066591989,,,,1563.0,74.721
7100,2,3193,3197.310749891655,-866.119066591989,,,,1567.0,74.713
7101,2,3194,3198.310749891655,-865.119066591989,,,,1569.0,74.706
7102,2,3195,3199.310749891655,-864.119066591989,,,,1571.0,74.697
7103,2,3196,3200.310749891655,-863.119066591989,,,,1571.0,74.685
7104,2,3197,3201.310749891655,-862.119066591989,,,,1573.0,74.675
7105,2,3198,3202.310749891655,-861.119066591989,,,,1575.0,74.666
7106,2,3199,3203.310749891655,-860.119066591989,,,,1577.0,74.658
7107,2,3200,3204.310749891655,-859.119066591989,,,,1578.0,74.652
7108,2,3201,3205.310749891655,-858.119066591989,,,,1578.0,74.644
7109,2,3202,3206.310749891655,-857.119066591989,,,,1578.0,74.636
7110,2,3203,3207.310749891655,-856.119066591989,,,,1577.0,74.624
7111,2,3204,3208.310749891655,-855.119066591989,,,,1578.0,74.613
7112,2,3205,3209.310749891655,-854.119066591989,,,,1580.0,74.601
7113,2,3206,3210.310749891655,-853.119066591989,,,,1582.0,74.591
7114,2,3207,3211.310749891655,-852.119066591989,,,,1586.0,74.584
7115,2,3208,3212.310749891655,-851.119066591989,,,,1589.0,74.576
7116,2,3209,3213.310749891655,-850.119066591989,,,,1590.0,74.567
7117,2,3210,3214.310749891655,-849.119066591989,,,,1591.0,74.557
7118,2,3211,3215.310749891655,-848.119066591989,,,,1592.0,74.55
7119,2,3212,3216.310749891655,-847.119066591989,,,,1593.0,74.543
7120,2,3213,3217.310749891655,-846.119066591989,,,,1592.0,74.536
7121,2,3214,3218.310749891655,-845.119066591989,,,,1592.0,74.526
7122,2,3215,3219.310749891655,-844.119066591989,,,,1592.0,74.515
7123,2,3216,3220.310749891655,-843.119066591989,,,,1592.0,74.504
7124,2,3217,3221.310749891655,-842.119066591989,,,,1594.0,74.493
7125,2,3218,3222.310749891655,-841.119066591989,,,,1598.0,74.485
7126,2,3219,3223.310749891655,-840.119066591989,,,,1600.0,74.477
7127,2,3220,3224.310749891655,-839.119066591989,,,,1602.0,74.469
7128,2,3221,3225.310749891655,-838.119066591989,,,,1603.0,74.459
7129,2,3222,3226.310749891655,-837.119066591989,,,,1603.0,74.448
7130,2,3223,3227.310749891655,-836.119066591989,,,,1603.0,74.436
7131,2,3224,3228.310749891655,-835.119066591989,,,,1603.0,74.425
7132,2,3225,3229.310749891655,-834.119066591989,,,,1603.0,74.414
7133,2,3226,3230.310749891655,-833.119066591989,,,,1603.0,74.406
7134,2,3227,3231.310749891655,-832.119066591989,,,,1603.0,74.397
7135,2,3228,3232.310749891655,-831.119066591989,,,,1602.0,74.388
7136,2,3229,3233.310749891655,-830.119066591989,,,,1600.0,74.377
7137,2,3230,3234.310749891655,-829.119066591989,,,,1596.0,74.366
7138,2,3231,3235.310749891655,-828.119066591989,,,,1592.0,74.352
7139,2,3232,3236.310749891655,-827.119066591989,,,,1587.0,74.337
7140,2,3233,3237.310749891655,-826.119066591989,,,,1583.0,74.322
7141,2,3234,3238.310749891655,-825.119066591989,,,,1580.0,74.308
7142,2,3235,3239.310749891655,-824.119066591989,,,,1577.0,74.297
7143,2,3236,3240.310749891655,-823.119066591989,,,,1574.0,74.285
7144,2,3237,3241.310749891655,-822.119066591989,,,,1571.0,74.273
7145,2,3238,3242.310749891655,-821.119066591989,,,,1568.0,74.259
7146,2,3239,3243.310749891655,-820.119066591989,,,,1564.0,74.245
7147,2,3240,3244.310749891655,-819.119066591989,,,,1561.0,74.231
7148,2,3241,3245.310749891655,-818.119066591989,,,,1560.0,74.217
7149,2,3242,3246.310749891655,-817.119066591989,,,,1559.0,74.206
7150,2,3243,3247.310749891655,-816.119066591989,,,,1560.0,74.195
7151,2,3244,3248.310749891655,-815.119066591989,,,,1559.0,74.186
7152,2,3245,3249.310749891655,-814.119066591989,,,,1556.0,74.176
7153,2,3246,3250.310749891655,-813.119066591989,,,,1554.0,74.164
7154,2,3247,3251.310749891655,-812.119066591989,,,,1552.0,74.151
7155,2,3248,3252.310749891655,-811.119066591989,,,,1549.0,74.139
7156,2,3249,3253.310749891655,-810.119066591989,,,,1548.0,74.126
7157,2,3250,3254.310749891655,-809.119066591989,,,,1546.0,74.114
7158,2,3251,3255.310749891655,-808.119066591989,,,,1545.0,74.103
7159,2,3252,3256.310749891655,-807.119066591989,,,,1543.0,74.092
7160,2,3253,3257.310749891655,-806.119066591989,,,,1541.0,74.081
7161,2,3254,3258.310749891655,-805.119066591989,,,,1538.0,74.069
7162,2,3255,3259.310749891655,-804.119066591989,,,,1536.0,74.056
7163,2,3256,3260.310749891655,-803.119066591989,,,,1534.0,74.044
7164,2,3257,3261.310749891655,-802.119066591989,,,,1532.0,74.032
7165,2,3258,3262.310749891655,-801.119066591989,,,,1530.0,74.02
7166,2,3259,3263.310749891655,-800.119066591989,,,,1529.0,74.008
7167,2,3260,3264.310749891655,-799.119066591989,,,,1528.0,73.997
7168,2,3261,3265.310749891655,-798.119066591989,,,,1524.0,73.984
7169,2,3262,3266.310749891655,-797.119066591989,,,,1522.0,73.971
7170,2,3263,3267.310749891655,-796.119066591989,,,,1517.0,73.956
7171,2,3264,3268.310749891655,-795.119066591989,,,,1515.0,73.94
7172,2,3265,3269.310749891655,-794.119066591989,,,,1513.0,73.926
7173,2,3266,3270.310749891655,-793.119066591989,,,,1512.0,73.911
7174,2,3267,3271.310749891655,-792.119066591989,,,,1511.0,73.897
7175,2,3268,3272.310749891655,-791.119066591989,,,,1510.0,73.884
7176,2,3269,3273.310749891655,-790.119066591989,,,,1508.0,73.87
7177,2,3270,3274.310749891655,-789.119066591989,,,,1507.0,73.855
7178,2,3271,3275.310749891655,-788.119066591989,,,,1504.0,73.841
7179,2,3272,3276.310749891655,-787.119066591989,,,,1503.0,73.826
7180,2,3273,3277.310749891655,-786.119066591989,,,,1501.0,73.812
7181,2,3274,3278.310749891655,-785.119066591989,,,,1500.0,73.797
7182,2,3275,3279.310749891655,-784.119066591989,,,,1499.0,73.784
7183,2,3276,3280.310749891655,-783.119066591989,,,,1499.0,73.768
7184,2,3277,3281.310749891655,-782.119066591989,,,,1498.0,73.754
7185,2,3278,3282.310749891655,-781.119066591989,,,,1498.0,73.741
7186,2,3279,3283.310749891655,-780.119066591989,,,,1497.0,73.726
7187,2,3280,3284.310749891655,-779.119066591989,,,,1497.0,73.713
7188,2,3281,3285.310749891655,-778.119066591989,,,,1496.0,73.701
7189,2,3282,3286.310749891655,-777.119066591989,,,,1495.0,73.688
7190,2,3283,3287.310749891655,-776.119066591989,,,,1494.0,73.673
7191,2,3284,3288.310749891655,-775.119066591989,,,,1494.0,73.66
7192,2,3285,3289.310749891655,-774.119066591989,,,,1494.0,73.645
7193,2,3286,3290.310749891655,-773.119066591989,,,,1492.0,73.631
7194,2,3287,3291.310749891655,-772.119066591989,,,,1494.0,73.618
7195,2,3288,3292.310749891655,-771.119066591989,,,,1495.0,73.605
7196,2,3289,3293.310749891655,-770.119066591989,,,,1496.0,73.595
7197,2,3290,3294.310749891655,-769.119066591989,,,,1498.0,73.587
7198,2,3291,3295.310749891655,-768.119066591989,,,,1498.0,73.577
7199,2,3292,3296.310749891655,-767.119066591989,,,,1499.0,73.569
7200,2,3293,3297.310749891655,-766.119066591989,,,,1496.0,73.558
7201,2,3294,3298.310749891655,-765.119066591989,,,,1494.0,73.545
7202,2,3295,3299.310749891655,-764.119066591989,,,,1491.0,73.533
7203,2,3296,3300.310749891655,-763.119066591989,,,,1490.0,73.518
7204,2,3297,3301.310749891655,-762.119066591989,,,,1489.0,73.502
7205,2,3298,3302.310749891655,-761.119066591989,,,,1489.0,73.487
7206,2,3299,3303.310749891655,-760.119066591989,,,,1488.0,73.474
7207,2,3300,3304.310749891655,-759.119066591989,,,,1488.0,73.46
7208,2,3301,3305.310749891655,-758.119066591989,,,,1486.0,73.446
7209,2,3302,3306.310749891655,-757.119066591989,,,,1484.0,73.431
7210,2,3303,3307.310749891655,-756.119066591989,,,,1482.0,73.416
7211,2,3304,3308.310749891655,-755.119066591989,,,,1479.0,73.401
7212,2,3305,3309.310749891655,-754.119066591989,,,,1477.0,73.384
7213,2,3306,3310.310749891655,-753.119066591989,,,,1475.0,73.369
7214,2,3307,3311.310749891655,-752.119066591989,,,,1473.0,73.353
7215,2,3308,3312.310749891655,-751.119066591989,,,,1471.0,73.336
7216,2,3309,3313.310749891655,-750.119066591989,,,,1469.0,73.319
7217,2,3310,3314.310749891655,-749.119066591989,,,,1466.0,73.304
7218,2,3311,3315.310749891655,-748.119066591989,,,,1464.0,73.287
7219,2,3312,3316.310749891655,-747.119066591989,,,,1462.0,73.27
7220,2,3313,3317.310749891655,-746.119066591989,,,,1460.0,73.256
7221,2,3314,3318.310749891655,-745.119066591989,,,,1458.0,73.238
7222,2,3315,3319.310749891655,-744.119066591989,,,,1456.0,73.222
7223,2,3316,3320.310749891655,-743.119066591989,,,,1455.0,73.206
7224,2,3317,3321.310749891655,-742.119066591989,,,,1454.0,73.19
7225,2,3318,3322.310749891655,-741.119066591989,,,,1453.0,73.174
7226,2,3319,3323.310749891655,-740.119066591989,,,,1452.0,73.16
7227,2,3320,3324.310749891655,-739.119066591989,,,,1452.0,73.144
7228,2,3321,3325.310749891655,-738.119066591989,,,,1450.0,73.128
7229,2,3322,3326.310749891655,-737.119066591989,,,,1448.0,73.113
7230,2,3323,3327.310749891655,-736.119066591989,,,,1446.0,73.095
7231,2,3324,3328.310749891655,-735.119066591989,,,,1444.0,73.08
7232,2,3325,3329.310749891655,-734.119066591989,,,,1441.0,73.062
7233,2,3326,3330.310749891655,-733.119066591989,,,,1438.0,73.045
7234,2,3327,3331.310749891655,-732.119066591989,,,,1436.0,73.029
7235,2,3328,3332.310749891655,-731.119066591989,,,,1434.0,73.012
7236,2,3329,3333.310749891655,-730.119066591989,,,,1432.0,72.995
7237,2,3330,3334.310749891655,-729.119066591989,,,,1431.0,72.979
7238,2,3331,3335.310749891655,-728.119066591989,,,,1430.0,72.963
7239,2,3332,3336.310749891655,-727.119066591989,,,,1429.0,72.948
7240,2,3333,3337.310749891655,-726.119066591989,,,,1427.0,72.933
7241,2,3334,3338.310749891655,-725.119066591989,,,,1425.0,72.918
7242,2,3335,3339.310749891655,-724.119066591989,,,,1422.0,72.901
7243,2,3336,3340.310749891655,-723.119066591989,,,,1420.0,72.884
7244,2,3337,3341.310749891655,-722.119066591989,,,,1418.0,72.867
7245,2,3338,3342.310749891655,-721.119066591989,,,,1416.0,72.851
7246,2,3339,3343.310749891655,-720.119066591989,,,,1414.0,72.834
7247,2,3340,3344.310749891655,-719.119066591989,,,,1412.0,72.818
7248,2,3341,3345.310749891655,-718.119066591989,,,,1411.0,72.804
7249,2,3342,3346.310749891655,-717.119066591989,,,,1409.0,72.789
7250,2,3343,3347.310749891655,-716.119066591989,,,,1408.0,72.774
7251,2,3344,3348.310749891655,-715.119066591989,,,,1406.0,72.758
7252,2,3345,3349.310749891655,-714.119066591989,,,,1403.0,72.743
7253,2,3346,3350.310749891655,-713.119066591989,,,,1401.0,72.727
7254,2,3347,3351.310749891655,-712.119066591989,,,,1398.0,72.712
7255,2,3348,3352.310749891655,-711.119066591989,,,,1396.0,72.696
7256,2,3349,3353.310749891655,-710.119066591989,,,,1395.0,72.681
7257,2,3350,3354.310749891655,-709.119066591989,,,,1393.0,72.666
7258,2,3351,3355.310749891655,-708.119066591989,,,,1391.0,72.653
7259,2,3352,3356.310749891655,-707.119066591989,,,,1390.0,72.638
7260,2,3353,3357.310749891655,-706.119066591989,,,,1389.0,72.625
7261,2,3354,3358.310749891655,-705.119066591989,,,,1386.0,72.609
7262,2,3355,3359.310749891655,-704.119066591989,,,,1385.0,72.595
7263,2,3356,3360.310749891655,-703.119066591989,,,,1384.0,72.583
7264,2,3357,3361.310749891655,-702.119066591989,,,,1382.0,72.569
7265,2,3358,3362.310749891655,-701.119066591989,,,,1381.0,72.558
7266,2,3359,3363.310749891655,-700.119066591989,,,,1380.0,72.544
7267,2,3360,3364.310749891655,-699.119066591989,,,,1378.0,72.531
7268,2,3361,3365.310749891655,-698.119066591989,,,,1378.0,72.52
7269,2,3362,3366.310749891655,-697.119066591989,,,,1378.0,72.508
7270,2,3363,3367.310749891655,-696.119066591989,,,,1378.0,72.498
7271,2,3364,3368.310749891655,-695.119066591989,,,,1379.0,72.489
7272,2,3365,3369.310749891655,-694.119066591989,,,,1379.0,72.478
7273,2,3366,3370.310749891655,-693.119066591989,,,,1381.0,72.47
7274,2,3367,3371.310749891655,-692.119066591989,,,,1382.0,72.463
7275,2,3368,3372.310749891655,-691.119066591989,,,,1384.0,72.456
7276,2,3369,3373.310749891655,-690.119066591989,,,,1385.0,72.449
7277,2,3370,3374.310749891655,-689.119066591989,,,,1386.0,72.442
7278,2,3371,3375.310749891655,-688.119066591989,,,,1386.0,72.432
7279,2,3372,3376.310749891655,-687.119066591989,,,,1385.0,72.422
7280,2,3373,3377.310749891655,-686.119066591989,,,,1384.0,72.409
7281,2,3374,3378.310749891655,-685.119066591989,,,,1384.0,72.397
7282,2,3375,3379.310749891655,-684.119066591989,,,,1384.0,72.385
7283,2,3376,3380.310749891655,-683.119066591989,,,,1385.0,72.375
7284,2,3377,3381.310749891655,-682.119066591989,,,,1384.0,72.365
7285,2,3378,3382.310749891655,-681.119066591989,,,,1383.0,72.357
7286,2,3379,3383.310749891655,-680.119066591989,,,,1382.0,72.346
7287,2,3380,3384.310749891655,-679.119066591989,,,,1380.0,72.336
7288,2,3381,3385.310749891655,-678.119066591989,,,,1377.0,72.324
7289,2,3382,3386.310749891655,-677.119066591989,,,,1375.0,72.313
7290,2,3383,3387.310749891655,-676.119066591989,,,,1375.0,72.301
7291,2,3384,3388.310749891655,-675.119066591989,,,,1374.0,72.29
7292,2,3385,3389.310749891655,-674.119066591989,,,,1373.0,72.28
7293,2,3386,3390.310749891655,-673.119066591989,,,,1373.0,72.27
7294,2,3387,3391.310749891655,-672.119066591989,,,,1371.0,72.259
7295,2,3388,3392.310749891655,-671.119066591989,,,,1370.0,72.248
7296,2,3389,3393.310749891655,-670.119066591989,,,,1370.0,72.234
7297,2,3390,3394.310749891655,-669.119066591989,,,,1368.0,72.222
7298,2,3391,3395.310749891655,-668.119066591989,,,,1368.0,72.209
7299,2,3392,3396.310749891655,-667.119066591989,,,,1368.0,72.197
7300,2,3393,3397.310749891655,-666.119066591989,,,,1367.0,72.185
7301,2,3394,3398.310749891655,-665.119066591989,,,,1367.0,72.173
7302,2,3395,3399.310749891655,-664.119066591989,,,,1366.0,72.161
7303,2,3396,3400.310749891655,-663.119066591989,,,,1366.0,72.148
7304,2,3397,3401.310749891655,-662.119066591989,,,,1366.0,72.134
7305,2,3398,3402.310749891655,-661.119066591989,,,,1366.0,72.121
7306,2,3399,3403.310749891655,-660.119066591989,,,,1369.0,72.107
7307,2,3400,3404.310749891655,-659.119066591989,,,,1370.0,72.096
7308,2,3401,3405.310749891655,-658.119066591989,,,,1372.0,72.084
7309,2,3402,3406.310749891655,-657.119066591989,,,,1375.0,72.073
7310,2,3403,3407.310749891655,-656.119066591989,,,,1377.0,72.062
7311,2,3404,3408.310749891655,-655.119066591989,,,,1378.0,72.052
7312,2,3405,3409.310749891655,-654.119066591989,,,,1379.0,72.041
7313,2,3406,3410.310749891655,-653.119066591989,,,,1381.0,72.029
7314,2,3407,3411.310749891655,-652.119066591989,,,,1383.0,72.018
7315,2,3408,3412.310749891655,-651.119066591989,,,,1385.0,72.006
7316,2,3409,3413.310749891655,-650.119066591989,,,,1386.0,71.996
7317,2,3410,3414.310749891655,-649.119066591989,,,,1387.0,71.986
7318,2,3411,3415.310749891655,-648.119066591989,,,,1388.0,71.975
7319,2,3412,3416.310749891655,-647.119066591989,,,,1388.0,71.964
7320,2,3413,3417.310749891655,-646.119066591989,,,,1388.0,71.952
7321,2,3414,3418.310749891655,-645.119066591989,,,,1388.0,71.941
7322,2,3415,3419.310749891655,-644.119066591989,,,,1387.0,71.93
7323,2,3416,3420.310749891655,-643.119066591989,,,,1388.0,71.922
7324,2,3417,3421.310749891655,-642.119066591989,,,,1388.0,71.912
7325,2,3418,3422.310749891655,-641.119066591989,,,,1389.0,71.903
7326,2,3419,3423.310749891655,-640.119066591989,,,,1388.0,71.894
7327,2,3420,3424.310749891655,-639.119066591989,,,,1390.0,71.887
7328,2,3421,3425.310749891655,-638.119066591989,,,,1391.0,71.882
7329,2,3422,3426.310749891655,-637.119066591989,,,,1391.0,71.879
7330,2,3423,3427.310749891655,-636.119066591989,,,,1393.0,71.877
7331,2,3424,3428.310749891655,-635.119066591989,,,,1393.0,71.876
7332,2,3425,3429.310749891655,-634.119066591989,,,,1395.0,71.873
7333,2,3426,3430.310749891655,-633.119066591989,,,,1396.0,71.871
7334,2,3427,3431.310749891655,-632.119066591989,,,,1398.0,71.865
7335,2,3428,3432.310749891655,-631.119066591989,,,,1399.0,71.861
7336,2,3429,3433.310749891655,-630.119066591989,,,,1402.0,71.857
7337,2,3430,3434.310749891655,-629.119066591989,,,,1402.0,71.851
7338,2,3431,3435.310749891655,-628.119066591989,,,,1402.0,71.844
7339,2,3432,3436.310749891655,-627.119066591989,,,,1402.0,71.835
7340,2,3433,3437.310749891655,-626.119066591989,,,,1402.0,71.827
7341,2,3434,3438.310749891655,-625.119066591989,,,,1404.0,71.82
7342,2,3435,3439.310749891655,-624.119066591989,,,,1405.0,71.814
7343,2,3436,3440.310749891655,-623.119066591989,,,,1406.0,71.811
7344,2,3437,3441.310749891655,-622.119066591989,,,,1408.0,71.807
7345,2,3438,3442.310749891655,-621.119066591989,,,,1410.0,71.804
7346,2,3439,3443.310749891655,-620.119066591989,,,,1411.0,71.799
7347,2,3440,3444.310749891655,-619.119066591989,,,,1412.0,71.792
7348,2,3441,3445.310749891655,-618.119066591989,,,,1412.0,71.784
7349,2,3442,3446.310749891655,-617.119066591989,,,,1411.0,71.772
7350,2,3443,3447.310749891655,-616.119066591989,,,,1413.0,71.762
7351,2,3444,3448.310749891655,-615.119066591989,,,,1414.0,71.751
7352,2,3445,3449.310749891655,-614.119066591989,,,,1414.0,71.743
7353,2,3446,3450.310749891655,-613.119066591989,,,,1415.0,71.739
7354,2,3447,3451.310749891655,-612.119066591989,,,,1416.0,71.735
7355,2,3448,3452.310749891655,-611.119066591989,,,,1416.0,71.731
7356,2,3449,3453.310749891655,-610.119066591989,,,,1415.0,71.727
7357,2,3450,3454.310749891655,-609.119066591989,,,,1415.0,71.725
7358,2,3451,3455.310749891655,-608.119066591989,,,,1414.0,71.724
7373,2,3466,3470.310749891655,-593.119066591989,,,,1410.0,71.721
7374,2,3467,3471.310749891655,-592.119066591989,,,,1411.0,71.712
7375,2,3468,3472.310749891655,-591.119066591989,,,,1412.0,71.705
7376,2,3469,3473.310749891655,-590.119066591989,,,,1414.0,71.696
7377,2,3470,3474.310749891655,-589.119066591989,,,,1415.0,71.686
7378,2,3471,3475.310749891655,-588.119066591989,,,,1417.0,71.677
7379,2,3472,3476.310749891655,-587.119066591989,,,,1418.0,71.668
7380,2,3473,3477.310749891655,-586.119066591989,,,,1418.0,71.658
7381,2,3474,3478.310749891655,-585.119066591989,,,,1419.0,71.649
7382,2,3475,3479.310749891655,-584.119066591989,,,,1419.0,71.64
7383,2,3476,3480.310749891655,-583.119066591989,,,,1419.0,71.628
7384,2,3477,3481.310749891655,-582.119066591989,,,,1418.0,71.617
7385,2,3478,3482.310749891655,-581.119066591989,,,,1418.0,71.606
7386,2,3479,3483.310749891655,-580.119066591989,,,,1417.0,71.596
7387,2,3480,3484.310749891655,-579.119066591989,,,,1416.0,71.589
7388,2,3481,3485.310749891655,-578.119066591989,,,,1413.0,71.58
7389,2,3482,3486.310749891655,-577.119066591989,,,,1409.0,71.571
7390,2,3483,3487.310749891655,-576.119066591989,,,,1404.0,71.557
7391,2,3484,3488.310749891655,-575.119066591989,,,,1401.0,71.544
7392,2,3485,3489.310749891655,-574.119066591989,,,,1398.0,71.534
7393,2,3486,3490.310749891655,-573.119066591989,,,,1399.0,71.526
7394,2,3487,3491.310749891655,-572.119066591989,,,,1399.0,71.521
7395,2,3488,3492.310749891655,-571.119066591989,,,,1398.0,71.514
7396,2,3489,3493.310749891655,-570.119066591989,,,,1397.0,71.505
7397,2,3490,3494.310749891655,-569.119066591989,,,,1394.0,71.494
7398,2,3491,3495.310749891655,-568.119066591989,,,,1393.0,71.481
7399,2,3492,3496.310749891655,-567.119066591989,,,,1392.0,71.467
7400,2,3493,3497.310749891655,-566.119066591989,,,,1392.0,71.458
7401,2,3494,3498.310749891655,-565.119066591989,,,,1393.0,71.448
7402,2,3495,3499.310749891655,-564.119066591989,,,,1394.0,71.441
7403,2,3496,3500.310749891655,-563.119066591989,,,,1394.0,71.43
7404,2,3497,3501.310749891655,-562.119066591989,,,,1395.0,71.418
7405,2,3498,3502.310749891655,-561.119066591989,,,,1395.0,71.408
7406,2,3499,3503.310749891655,-560.119066591989,,,,1396.0,71.396
7407,2,3500,3504.310749891655,-559.119066591989,,,,1395.0,71.385
7408,2,3501,3505.310749891655,-558.119066591989,,,,1396.0,71.376
7409,2,3502,3506.310749891655,-557.119066591989,,,,1396.0,71.365
7410,2,3503,3507.310749891655,-556.119066591989,,,,1396.0,71.356
7411,2,3504,3508.310749891655,-555.119066591989,,,,1395.0,71.344
7412,2,3505,3509.310749891655,-554.119066591989,,,,1394.0,71.333
7413,2,3506,3510.310749891655,-553.119066591989,,,,1394.0,71.32
7414,2,3507,3511.310749891655,-552.119066591989,,,,1393.0,71.31
7415,2,3508,3512.310749891655,-551.119066591989,,,,1393.0,71.299
7416,2,3509,3513.310749891655,-550.119066591989,,,,1393.0,71.29
7417,2,3510,3514.310749891655,-549.119066591989,,,,1392.0,71.279
7418,2,3511,3515.310749891655,-548.119066591989,,,,1391.0,71.268
7419,2,3512,3516.310749891655,-547.119066591989,,,,1389.0,71.259
7420,2,3513,3517.310749891655,-546.119066591989,,,,1388.0,71.247
7421,2,3514,3518.310749891655,-545.119066591989,,,,1386.0,71.238
7422,2,3515,3519.310749891655,-544.119066591989,,,,1385.0,71.226
7423,2,3516,3520.310749891655,-543.119066591989,,,,1384.0,71.214
7424,2,3517,3521.310749891655,-542.119066591989,,,,1384.0,71.203
7425,2,3518,3522.310749891655,-541.119066591989,,,,1385.0,71.192
7426,2,3519,3523.310749891655,-540.119066591989,,,,1386.0,71.181
7427,2,3520,3524.310749891655,-539.119066591989,,,,1386.0,71.17
7428,2,3521,3525.310749891655,-538.119066591989,,,,1386.0,71.161
7429,2,3522,3526.310749891655,-537.119066591989,,,,1385.0,71.151
7430,2,3523,3527.310749891655,-536.119066591989,,,,1385.0,71.142
7431,2,3524,3528.310749891655,-535.119066591989,,,,1384.0,71.131
7432,2,3525,3529.310749891655,-534.119066591989,,,,1383.0,71.12
7433,2,3526,3530.310749891655,-533.119066591989,,,,1384.0,71.109
7434,2,3527,3531.310749891655,-532.119066591989,,,,1384.0,71.099
7435,2,3528,3532.310749891655,-531.119066591989,,,,1384.0,71.089
7436,2,3529,3533.310749891655,-530.119066591989,,,,1385.0,71.078
7437,2,3530,3534.310749891655,-529.119066591989,,,,1383.0,71.066
7438,2,3531,3535.310749891655,-528.119066591989,,,,1382.0,71.057
7439,2,3532,3536.310749891655,-527.119066591989,,,,1381.0,71.045
7440,2,3533,3537.310749891655,-526.119066591989,,,,1380.0,71.035
7441,2,3534,3538.310749891655,-525.119066591989,,,,1380.0,71.026
7442,2,3535,3539.310749891655,-524.119066591989,,,,1379.0,71.016
7443,2,3536,3540.310749891655,-523.119066591989,,,,1379.0,71.008
7444,2,3537,3541.310749891655,-522.119066591989,,,,1378.0,70.997
7445,2,3538,3542.310749891655,-521.119066591989,,,,1380.0,70.987
7446,2,3539,3543.310749891655,-520.119066591989,,,,1383.0,70.978
7447,2,3540,3544.310749891655,-519.119066591989,,,,1385.0,70.973
7448,2,3541,3545.310749891655,-518.119066591989,,,,1387.0,70.967
7449,2,3542,3546.310749891655,-517.119066591989,,,,1387.0,70.962
7450,2,3543,3547.310749891655,-516.119066591989,,,,1387.0,70.956
7451,2,3544,3548.310749891655,-515.119066591989,,,,1387.0,70.948
7452,2,3545,3549.310749891655,-514.119066591989,,,,1385.0,70.941
7453,2,3546,3550.310749891655,-513.119066591989,,,,1385.0,70.933
7454,2,3547,3551.310749891655,-512.119066591989,,,,1385.0,70.925
7455,2,3548,3552.310749891655,-511.119066591989,,,,1384.0,70.916
7456,2,3549,3553.310749891655,-510.119066591989,,,,1383.0,70.907
7457,2,3550,3554.310749891655,-509.119066591989,,,,1382.0,70.895
7458,2,3551,3555.310749891655,-508.119066591989,,,,1382.0,70.883
7459,2,3552,3556.310749891655,-507.119066591989,,,,1380.0,70.873
7460,2,3553,3557.310749891655,-506.119066591989,,,,1380.0,70.86
7461,2,3554,3558.310749891655,-505.119066591989,,,,1380.0,70.849
7462,2,3555,3559.310749891655,-504.119066591989,,,,1381.0,70.839
7463,2,3556,3560.310749891655,-503.119066591989,,,,1381.0,70.828
7464,2,3557,3561.310749891655,-502.119066591989,,,,1381.0,70.819
7465,2,3558,3562.310749891655,-501.119066591989,,,,1380.0,70.809
7466,2,3559,3563.310749891655,-500.119066591989,,,,1381.0,70.801
7467,2,3560,3564.310749891655,-499.119066591989,,,,1381.0,70.793
7468,2,3561,3565.310749891655,-498.119066591989,,,,1382.0,70.785
7469,2,3562,3566.310749891655,-497.119066591989,,,,1382.0,70.777
7470,2,3563,3567.310749891655,-496.119066591989,,,,1381.0,70.766
7471,2,3564,3568.310749891655,-495.119066591989,,,,1382.0,70.754
7472,2,3565,3569.310749891655,-494.119066591989,,,,1382.0,70.744
7473,2,3566,3570.310749891655,-493.119066591989,,,,1383.0,70.733
7474,2,3567,3571.310749891655,-492.119066591989,,,,1383.0,70.724
7475,2,3568,3572.310749891655,-491.119066591989,,,,1384.0,70.716
7476,2,3569,3573.310749891655,-490.119066591989,,,,1385.0,70.709
7477,2,3570,3574.310749891655,-489.119066591989,,,,1384.0,70.701
7478,2,3571,3575.310749891655,-488.119066591989,,,,1384.0,70.693
7479,2,3572,3576.310749891655,-487.119066591989,,,,1383.0,70.681
7480,2,3573,3577.310749891655,-486.119066591989,,,,1383.0,70.672
7481,2,3574,3578.310749891655,-485.119066591989,,,,1381.0,70.662
7482,2,3575,3579.310749891655,-484.119066591989,,,,1380.0,70.652
7483,2,3576,3580.310749891655,-483.119066591989,,,,1379.0,70.641
7484,2,3577,3581.310749891655,-482.119066591989,,,,1379.0,70.63
7485,2,3578,3582.310749891655,-481.119066591989,,,,1378.0,70.621
7486,2,3579,3583.310749891655,-480.119066591989,,,,1378.0,70.611
7487,2,3580,3584.310749891655,-479.119066591989,,,,1377.0,70.603
7488,2,3581,3585.310749891655,-478.119066591989,,,,1377.0,70.593
7489,2,3582,3586.310749891655,-477.119066591989,,,,1376.0,70.581
7490,2,3583,3587.310749891655,-476.119066591989,,,,1376.0,70.571
7491,2,3584,3588.310749891655,-475.119066591989,,,,1377.0,70.561
7492,2,3585,3589.310749891655,-474.119066591989,,,,1377.0,70.553
7493,2,3586,3590.310749891655,-473.119066591989,,,,1378.0,70.545
7494,2,3587,3591.310749891655,-472.119066591989,,,,1378.0,70.534
7495,2,3588,3592.310749891655,-471.119066591989,,,,1377.0,70.525
7496,2,3589,3593.310749891655,-470.119066591989,,,,1378.0,70.515
7497,2,3590,3594.310749891655,-469.119066591989,,,,1378.0,70.505
7498,2,3591,3595.310749891655,-468.119066591989,,,,1378.0,70.497
7499,2,3592,3596.310749891655,-467.119066591989,,,,1378.0,70.49
7500,2,3593,3597.310749891655,-466.119066591989,,,,1376.0,70.482
7501,2,3594,3598.310749891655,-465.119066591989,,,,1373.0,70.473
7502,2,3595,3599.310749891655,-464.119066591989,,,,1370.0,70.461
7503,2,3596,3600.310749891655,-463.119066591989,,,,1370.0,70.451
7504,2,3597,3601.310749891655,-462.119066591989,,,,1370.0,70.444
7505,2,3598,3602.310749891655,-461.119066591989,,,,1371.0,70.437
7506,2,3599,3603.310749891655,-460.119066591989,,,,1370.0,70.43
7507,2,3600,3604.310749891655,-459.119066591989,,,,1369.0,70.421
7508,2,3601,3605.310749891655,-458.119066591989,,,,1367.0,70.41
7509,2,3602,3606.310749891655,-457.119066591989,,,,1365.0,70.395
7510,2,3603,3607.310749891655,-456.119066591989,,,,1365.0,70.381
7511,2,3604,3608.310749891655,-455.119066591989,,,,1366.0,70.368
7512,2,3605,3609.310749891655,-454.119066591989,,,,1368.0,70.359
7513,2,3606,3610.310749891655,-453.119066591989,,,,1370.0,70.348
7514,2,3607,3611.310749891655,-452.119066591989,,,,1370.0,70.337
7515,2,3608,3612.310749891655,-451.119066591989,,,,1369.0,70.326
7516,2,3609,3613.310749891655,-450.119066591989,,,,1369.0,70.312
7517,2,3610,3614.310749891655,-449.119066591989,,,,1368.0,70.297
7518,2,3611,3615.310749891655,-448.119066591989,,,,1370.0,70.284
7519,2,3612,3616.310749891655,-447.119066591989,,,,1372.0,70.274
7520,2,3613,3617.310749891655,-446.119066591989,,,,1374.0,70.263
7521,2,3614,3618.310749891655,-445.119066591989,,,,1376.0,70.255
7522,2,3615,3619.310749891655,-444.119066591989,,,,1375.0,70.244
7523,2,3616,3620.310749891655,-443.119066591989,,,,1374.0,70.23
7524,2,3617,3621.310749891655,-442.119066591989,,,,1373.0,70.216
7525,2,3618,3622.310749891655,-441.119066591989,,,,1373.0,70.203
7526,2,3619,3623.310749891655,-440.119066591989,,,,1373.0,70.191
7527,2,3620,3624.310749891655,-439.119066591989,,,,1373.0,70.18
7528,2,3621,3625.310749891655,-438.119066591989,,,,1374.0,70.169
7529,2,3622,3626.310749891655,-437.119066591989,,,,1373.0,70.157
7530,2,3623,3627.310749891655,-436.119066591989,,,,1373.0,70.144
7531,2,3624,3628.310749891655,-435.119066591989,,,,1373.0,70.13
7532,2,3625,3629.310749891655,-434.119066591989,,,,1374.0,70.119
7533,2,3626,3630.310749891655,-433.119066591989,,,,1376.0,70.108
7534,2,3627,3631.310749891655,-432.119066591989,,,,1379.0,70.096
7535,2,3628,3632.310749891655,-431.119066591989,,,,1381.0,70.088
7536,2,3629,3633.310749891655,-430.119066591989,,,,1383.0,70.077
7537,2,3630,3634.310749891655,-429.119066591989,,,,1386.0,70.069
7538,2,3631,3635.310749891655,-428.119066591989,,,,1388.0,70.063
7539,2,3632,3636.310749891655,-427.119066591989,,,,1390.0,70.06
7553,2,3646,3650.310749891655,-413.119066591989,,,,1418.0,70.053
7554,2,3647,3651.310749891655,-412.119066591989,,,,1421.0,70.045
7555,2,3648,3652.310749891655,-411.119066591989,,,,1424.0,70.04
7556,2,3649,3653.310749891655,-410.119066591989,,,,1426.0,70.038
7571,2,3664,3668.310749891655,-395.119066591989,,,,1453.0,70.036
7572,2,3665,3669.310749891655,-394.119066591989,,,,1456.0,70.025
7573,2,3666,3670.310749891655,-393.119066591989,,,,1459.0,70.015
7574,2,3667,3671.310749891655,-392.119066591989,,,,1461.0,70.006
7575,2,3668,3672.310749891655,-391.119066591989,,,,1463.0,70.0
7576,2,3669,3673.310749891655,-390.119066591989,,,,1465.0,69.998
7588,2,3681,3685.310749891655,-378.119066591989,,,,1492.0,69.996
7589,2,3682,3686.310749891655,-377.119066591989,,,,1494.0,69.984
7590,2,3683,3687.310749891655,-376.119066591989,,,,1496.0,69.975
7591,2,3684,3688.310749891655,-375.119066591989,,,,1500.0,69.97
7609,2,3702,3706.310749891655,-357.119066591989,,,,1532.0,69.96
7610,2,3703,3707.310749891655,-356.119066591989,,,,1535.0,69.952
7611,2,3704,3708.310749891655,-355.119066591989,,,,1536.0,69.946
7612,2,3705,3709.310749891655,-354.119066591989,,,,1538.0,69.944
7635,2,3728,3732.310749891655,-331.119066591989,,,,1561.0,69.939
7636,2,3729,3733.310749891655,-330.119066591989,,,,1563.0,69.927
7637,2,3730,3734.310749891655,-329.119066591989,,,,1564.0,69.916
7638,2,3731,3735.310749891655,-328.119066591989,,,,1565.0,69.905
7639,2,3732,3736.310749891655,-327.119066591989,,,,1566.0,69.894
7640,2,3733,3737.310749891655,-326.119066591989,,,,1568.0,69.885
7641,2,3734,3738.310749891655,-325.119066591989,,,,1568.0,69.879
7642,2,3735,3739.310749891655,-324.119066591989,,,,1568.0,69.876
7742,2,3835,3839.310749891655,-224.119066591989,,,,1659.0,69.869
7743,2,3836,3840.310749891655,-223.119066591989,,,,1660.0,69.859
7744,2,3837,3841.310749891655,-222.119066591989,,,,1662.0,69.85
7745,2,3838,3842.310749891655,-221.119066591989,,,,1663.0,69.844
7746,2,3839,3843.310749891655,-220.119066591989,,,,1664.0,69.839
7747,2,3840,3844.310749891655,-219.119066591989,,,,1664.0,69.838
7748,2,3841,3845.310749891655,-218.119066591989,,,,1664.0,69.837
7764,2,3857,3861.310749891655,-202.119066591989,,,,1667.0,69.836
7765,2,3858,3862.310749891655,-201.119066591989,,,,1668.0,69.827
7766,2,3859,3863.310749891655,-200.119066591989,,,,1668.0,69.818
7767,2,3860,3864.310749891655,-199.119066591989,,,,1668.0,69.807
7768,2,3861,3865.310749891655,-198.119066591989,,,,1666.0,69.794
7769,2,3862,3866.310749891655,-197.119066591989,,,,1665.0,69.78
7770,2,3863,3867.310749891655,-196.119066591989,,,,1665.0,69.763
7771,2,3864,3868.310749891655,-195.119066591989,,,,1666.0,69.75
7772,2,3865,3869.310749891655,-194.119066591989,,,,1668.0,69.737
7773,2,3866,3870.310749891655,-193.119066591989,,,,1670.0,69.728
7774,2,3867,3871.310749891655,-192.119066591989,,,,1671.0,69.718
7775,2,3868,3872.310749891655,-191.119066591989,,,,1671.0,69.709
7776,2,3869,3873.310749891655,-190.119066591989,,,,1671.0,69.698
7777,2,3870,3874.310749891655,-189.119066591989,,,,1669.0,69.684
7778,2,3871,3875.310749891655,-188.119066591989,,,,1666.0,69.668
7779,2,3872,3876.310749891655,-187.119066591989,,,,1664.0,69.651
7780,2,3873,3877.310749891655,-186.119066591989,,,,1664.0,69.636
7781,2,3874,3878.310749891655,-185.119066591989,,,,1665.0,69.62
7782,2,3875,3879.310749891655,-184.119066591989,,,,1666.0,69.607
7783,2,3876,3880.310749891655,-183.119066591989,,,,1667.0,69.595
7784,2,3877,3881.310749891655,-182.119066591989,,,,1666.0,69.583
7785,2,3878,3882.310749891655,-181.119066591989,,,,1665.0,69.569
7786,2,3879,3883.310749891655,-180.119066591989,,,,1663.0,69.554
7787,2,3880,3884.310749891655,-179.119066591989,,,,1661.0,69.54
7788,2,3881,3885.310749891655,-178.119066591989,,,,1659.0,69.526
7789,2,3882,3886.310749891655,-177.119066591989,,,,1657.0,69.511
7790,2,3883,3887.310749891655,-176.119066591989,,,,1655.0,69.498
7791,2,3884,3888.310749891655,-175.119066591989,,,,1653.0,69.483
7792,2,3885,3889.310749891655,-174.119066591989,,,,1651.0,69.468
7793,2,3886,3890.310749891655,-173.119066591989,,,,1649.0,69.453
7794,2,3887,3891.310749891655,-172.119066591989,,,,1646.0,69.439
7795,2,3888,3892.310749891655,-171.119066591989,,,,1644.0,69.423
7796,2,3889,3893.310749891655,-170.119066591989,,,,1641.0,69.408
7797,2,3890,3894.310749891655,-169.119066591989,,,,1638.0,69.391
7798,2,3891,3895.310749891655,-168.119066591989,,,,1637.0,69.377
7799,2,3892,3896.310749891655,-167.119066591989,,,,1636.0,69.364
7800,2,3893,3897.310749891655,-166.119066591989,,,,1636.0,69.352
7801,2,3894,3898.310749891655,-165.119066591989,,,,1635.0,69.343
7802,2,3895,3899.310749891655,-164.119066591989,,,,1633.0,69.331
7803,2,3896,3900.310749891655,-163.119066591989,,,,1630.0,69.32
7804,2,3897,3901.310749891655,-162.119066591989,,,,1627.0,69.308
7805,2,3898,3902.310749891655,-161.119066591989,,,,1624.0,69.294
7806,2,3899,3903.310749891655,-160.119066591989,,,,1622.0,69.281
7807,2,3900,3904.310749891655,-159.119066591989,,,,1621.0,69.27
7808,2,3901,3905.310749891655,-158.119066591989,,,,1620.0,69.257
7809,2,3902,3906.310749891655,-157.119066591989,,,,1619.0,69.245
7810,2,3903,3907.310749891655,-156.119066591989,,,,1616.0,69.233
7811,2,3904,3908.310749891655,-155.119066591989,,,,1614.0,69.22
7812,2,3905,3909.310749891655,-154.119066591989,,,,1613.0,69.208
7813,2,3906,3910.310749891655,-153.119066591989,,,,1611.0,69.195
7814,2,3907,3911.310749891655,-152.119066591989,,,,1608.0,69.182
7815,2,3908,3912.310749891655,-151.119066591989,,,,1607.0,69.169
7816,2,3909,3913.310749891655,-150.119066591989,,,,1605.0,69.157
7817,2,3910,3914.310749891655,-149.119066591989,,,,1603.0,69.145
7818,2,3911,3915.310749891655,-148.119066591989,,,,1602.0,69.132
7819,2,3912,3916.310749891655,-147.119066591989,,,,1599.0,69.119
7820,2,3913,3917.310749891655,-146.119066591989,,,,1597.0,69.107
7821,2,3914,3918.310749891655,-145.119066591989,,,,1595.0,69.096
7822,2,3915,3919.310749891655,-144.119066591989,,,,1592.0,69.084
7823,2,3916,3920.310749891655,-143.119066591989,,,,1590.0,69.07
7824,2,3917,3921.310749891655,-142.119066591989,,,,1587.0,69.056
7825,2,3918,3922.310749891655,-141.119066591989,,,,1586.0,69.043
7826,2,3919,3923.310749891655,-140.119066591989,,,,1585.0,69.032
7827,2,3920,3924.310749891655,-139.119066591989,,,,1585.0,69.02
7828,2,3921,3925.310749891655,-138.119066591989,,,,1585.0,69.008
7829,2,3922,3926.310749891655,-137.119066591989,,,,1585.0,68.998
7830,2,3923,3927.310749891655,-136.119066591989,,,,1584.0,68.986
7831,2,3924,3928.310749891655,-135.119066591989,,,,1583.0,68.974
7832,2,3925,3929.310749891655,-134.119066591989,,,,1582.0,68.962
7833,2,3926,3930.310749891655,-133.119066591989,,,,1580.0,68.951
7834,2,3927,3931.310749891655,-132.119066591989,,,,1580.0,68.939
7835,2,3928,3932.310749891655,-131.119066591989,,,,1580.0,68.927
7836,2,3929,3933.310749891655,-130.119066591989,,,,1579.0,68.916
7837,2,3930,3934.310749891655,-129.119066591989,,,,1578.0,68.903
7838,2,3931,3935.310749891655,-128.119066591989,,,,1578.0,68.89
7839,2,3932,3936.310749891655,-127.119066591989,,,,1577.0,68.878
7840,2,3933,3937.310749891655,-126.119066591989,,,,1578.0,68.866
7841,2,3934,3938.310749891655,-125.119066591989,,,,1579.0,68.855
7842,2,3935,3939.310749891655,-124.119066591989,,,,1579.0,68.847
7843,2,3936,3940.310749891655,-123.119066591989,,,,1578.0,68.838
7844,2,3937,3941.310749891655,-122.119066591989,,,,1577.0,68.828
7845,2,3938,3942.310749891655,-121.119066591989,,,,1576.0,68.816
7846,2,3939,3943.310749891655,-120.119066591989,,,,1574.0,68.803
7847,2,3940,3944.310749891655,-119.119066591989,,,,1572.0,68.791
7848,2,3941,3945.310749891655,-118.119066591989,,,,1571.0,68.777
7849,2,3942,3946.310749891655,-117.119066591989,,,,1571.0,68.764
7850,2,3943,3947.310749891655,-116.119066591989,,,,1571.0,68.753
7851,2,3944,3948.310749891655,-115.119066591989,,,,1570.0,68.741
7852,2,3945,3949.310749891655,-114.119066591989,,,,1570.0,68.729
7853,2,3946,3950.310749891655,-113.119066591989,,,,1568.0,68.716
7854,2,3947,3951.310749891655,-112.119066591989,,,,1567.0,68.702
7855,2,3948,3952.310749891655,-111.119066591989,,,,1565.0,68.69
7856,2,3949,3953.310749891655,-110.119066591989,,,,1564.0,68.676
7857,2,3950,3954.310749891655,-109.119066591989,,,,1564.0,68.665
7858,2,3951,3955.310749891655,-108.119066591989,,,,1563.0,68.652
7859,2,3952,3956.310749891655,-107.119066591989,,,,1562.0,68.641
7860,2,3953,3957.310749891655,-106.119066591989,,,,1562.0,68.627
7861,2,3954,3958.310749891655,-105.119066591989,,,,1560.0,68.616
7862,2,3955,3959.310749891655,-104.119066591989,,,,1559.0,68.604
7863,2,3956,3960.310749891655,-103.119066591989,,,,1557.0,68.594
7864,2,3957,3961.310749891655,-102.119066591989,,,,1557.0,68.583
7865,2,3958,3962.310749891655,-101.119066591989,,,,1556.0,68.573
7866,2,3959,3963.310749891655,-100.119066591989,,,,1554.0,68.562
7867,2,3960,3964.310749891655,-99.119066591989,,,,1552.0,68.551
7868,2,3961,3965.310749891655,-98.119066591989,,,,1550.0,68.538
7869,2,3962,3966.310749891655,-97.119066591989,,,,1548.0,68.526
7870,2,3963,3967.310749891655,-96.119066591989,,,,1546.0,68.515
7871,2,3964,3968.310749891655,-95.119066591989,,,,1545.0,68.502
7872,2,3965,3969.310749891655,-94.119066591989,,,,1542.0,68.49
7873,2,3966,3970.310749891655,-93.119066591989,,,,1541.0,68.477
7874,2,3967,3971.310749891655,-92.119066591989,,,,1540.0,68.463
7875,2,3968,3972.310749891655,-91.119066591989,,,,1537.0,68.449
7876,2,3969,3973.310749891655,-90.119066591989,,,,1534.0,68.434
7877,2,3970,3974.310749891655,-89.119066591989,,,,1532.0,68.42
7878,2,3971,3975.310749891655,-88.119066591989,,,,1530.0,68.405
7879,2,3972,3976.310749891655,-87.119066591989,,,,1529.0,68.39
7880,2,3973,3977.310749891655,-86.119066591989,,,,1527.0,68.377
7881,2,3974,3978.310749891655,-85.119066591989,,,,1528.0,68.362
7882,2,3975,3979.310749891655,-84.119066591989,,,,1526.0,68.349
7883,2,3976,3980.310749891655,-83.119066591989,,,,1525.0,68.335
7884,2,3977,3981.310749891655,-82.119066591989,,,,1523.0,68.322
7885,2,3978,3982.310749891655,-81.119066591989,,,,1521.0,68.306
7886,2,3979,3983.310749891655,-80.119066591989,,,,1519.0,68.29
7887,2,3980,3984.310749891655,-79.119066591989,,,,1516.0,68.275
7888,2,3981,3985.310749891655,-78.119066591989,,,,1513.0,68.259
7889,2,3982,3986.310749891655,-77.119066591989,,,,1512.0,68.244
7890,2,3983,3987.310749891655,-76.119066591989,,,,1511.0,68.228
7891,2,3984,3988.310749891655,-75.119066591989,,,,1509.0,68.214
7892,2,3985,3989.310749891655,-74.119066591989,,,,1508.0,68.199
7893,2,3986,3990.310749891655,-73.119066591989,,,,1507.0,68.185
7894,2,3987,3991.310749891655,-72.119066591989,,,,1504.0,68.171
7895,2,3988,3992.310749891655,-71.119066591989,,,,1503.0,68.157
7896,2,3989,3993.310749891655,-70.119066591989,,,,1501.0,68.142
7897,2,3990,3994.310749891655,-69.119066591989,,,,1499.0,68.127
7898,2,3991,3995.310749891655,-68.119066591989,,,,1497.0,68.112
7899,2,3992,3996.310749891655,-67.119066591989,,,,1496.0,68.098
7900,2,3993,3997.310749891655,-66.119066591989,,,,1494.0,68.084
7901,2,3994,3998.310749891655,-65.119066591989,,,,1493.0,68.07
7902,2,3995,3999.310749891655,-64.119066591989,,,,1491.0,68.057
7903,2,3996,4000.310749891655,-63.119066591989,,,,1489.0,68.045
7904,2,3997,4001.310749891655,-62.119066591989,,,,1488.0,68.031
7905,2,3998,4002.310749891655,-61.119066591989,,,,1486.0,68.018
7906,2,3999,4003.310749891655,-60.119066591989,,,,1485.0,68.005
7907,2,4000,4004.310749891655,-59.119066591989,,,,1482.0,67.991
7908,2,4001,4005.310749891655,-58.119066591989,,,,1481.0,67.978
7909,2,4002,4006.310749891655,-57.119066591989,,,,1479.0,67.966
7910,2,4003,4007.310749891655,-56.119066591989,,,,1478.0,67.953
7911,2,4004,4008.310749891655,-55.119066591989,,,,1477.0,67.941
7912,2,4005,4009.310749891655,-54.119066591989,,,,1476.0,67.93
7913,2,4006,4010.310749891655,-53.119066591989,,,,1474.0,67.917
7914,2,4007,4011.310749891655,-52.119066591989,,,,1473.0,67.905
7915,2,4008,4012.310749891655,-51.119066591989,,,,1470.0,67.892
7916,2,4009,4013.310749891655,-50.119066591989,,,,1469.0,67.877
7917,2,4010,4014.310749891655,-49.119066591989,,,,1468.0,67.862
7918,2,4011,4015.310749891655,-48.119066591989,,,,1466.0,67.849
7919,2,4012,4016.310749891655,-47.119066591989,,,,1466.0,67.836
7920,2,4013,4017.310749891655,-46.119066591989,,,,1467.0,67.824
7921,2,4014,4018.310749891655,-45.119066591989,,,,1467.0,67.814
7922,2,4015,4019.310749891655,-44.119066591989,,,,1466.0,67.804
7923,2,4016,4020.310749891655,-43.119066591989,,,,1464.0,67.794
7924,2,4017,4021.310749891655,-42.119066591989,,,,1462.0,67.782
7925,2,4018,4022.310749891655,-41.119066591989,,,,1458.0,67.768
7926,2,4019,4023.310749891655,-40.119066591989,,,,1458.0,67.755
7927,2,4020,4024.310749891655,-39.119066591989,,,,1458.0,67.744
7928,2,4021,4025.310749891655,-38.119066591989,,,,1459.0,67.733
7929,2,4022,4026.310749891655,-37.119066591989,,,,1461.0,67.725
7930,2,4023,4027.310749891655,-36.119066591989,,,,1460.0,67.716
7931,2,4024,4028.310749891655,-35.119066591989,,,,1459.0,67.707
7932,2,4025,4029.310749891655,-34.119066591989,,,,1456.0,67.696
7933,2,4026,4030.310749891655,-33.119066591989,,,,1454.0,67.682
7934,2,4027,4031.310749891655,-32.119066591989,,,,1452.0,67.667
7935,2,4028,4032.310749891655,-31.119066591989,,,,1451.0,67.653
7936,2,4029,4033.310749891655,-30.119066591989,,,,1452.0,67.64
7937,2,4030,4034.310749891655,-29.119066591989,,,,1455.0,67.631
7938,2,4031,4035.310749891655,-28.119066591989,,,,1457.0,67.621
7939,2,4032,4036.310749891655,-27.119066591989,,,,1459.0,67.612
7940,2,4033,4037.310749891655,-26.119066591989,,,,1459.0,67.602
7941,2,4034,4038.310749891655,-25.119066591989,,,,1460.0,67.591
7942,2,4035,4039.310749891655,-24.119066591989,,,,1459.0,67.578
7943,2,4036,4040.310749891655,-23.119066591989,,,,1459.0,67.566
7944,2,4037,4041.310749891655,-22.119066591989,,,,1462.0,67.554
7945,2,4038,4042.310749891655,-21.119066591989,,,,1464.0,67.544
7946,2,4039,4043.310749891655,-20.119066591989,,,,1466.0,67.535
7947,2,4040,4044.310749891655,-19.119066591989,,,,1468.0,67.525
7948,2,4041,4045.310749891655,-18.119066591989,,,,1470.0,67.515
7949,2,4042,4046.310749891655,-17.119066591989,,,,1472.0,67.504
7950,2,4043,4047.310749891655,-16.119066591989,,,,1474.0,67.493
7951,2,4044,4048.310749891655,-15.119066591989,,,,1476.0,67.483
7952,2,4045,4049.310749891655,-14.119066591989,,,,1478.0,67.473
7953,2,4046,4050.310749891655,-13.119066591989,,,,1479.0,67.465
7954,2,4047,4051.310749891655,-12.119066591989,,,,1481.0,67.456
7955,2,4048,4052.310749891655,-11.119066591989,,,,1483.0,67.447
7956,2,4049,4053.310749891655,-10.119066591989,,,,1485.0,67.437
7957,2,4050,4054.310749891655,-9.119066591989,,,,1488.0,67.428
7958,2,4051,4055.310749891655,-8.119066591989,,,,1491.0,67.418
7959,2,4052,4056.310749891655,-7.119066591989,,,,1493.0,67.41
7960,2,4053,4057.310749891655,-6.119066591989,,,,1495.0,67.402
7961,2,4054,4058.310749891655,-5.119066591989,,,,1497.0,67.394
7962,2,4055,4059.310749891655,-4.119066591989,,,,1497.0,67.385
7963,2,4056,4060.310749891655,-3.119066591989,,,,1499.0,67.377
7964,2,4057,4061.310749891655,-2.119066591989,,,,1500.0,67.371
7965,2,4058,4062.310749891655,-1.119066591989,,,,1502.0,67.368
7976,2,4069,4073.310749891655,9.880933408011,,,,1518.0,67.367
7977,2,4070,4074.310749891655,10.880933408011,,,,1518.0,67.356
7978,2,4071,4075.310749891655,11.880933408011,,,,1518.0,67.343
7979,2,4072,4076.310749891655,12.880933408011,,,,1519.0,67.331
7980,2,4073,4077.310749891655,13.880933408011,,,,1520.0,67.318
7981,2,4074,4078.310749891655,14.880933408011,,,,1519.0,67.307
7982,2,4075,4079.310749891655,15.880933408011,,,,1518.0,67.297
7983,2,4076,4080.310749891655,16.880933408011,,,,1518.0,67.285
7984,2,4077,4081.310749891655,17.880933408011,,,,1518.0,67.273
7985,2,4078,4082.310749891655,18.880933408011,,,,1518.0,67.262
7986,2,4079,4083.310749891655,19.880933408011,,,,1518.0,67.25
7987,2,4080,4084.310749891655,20.880933408011,,,,1517.0,67.239
7988,2,4081,4085.310749891655,21.880933408011,,,,1516.0,67.229
7989,2,4082,4086.310749891655,22.880933408011,,,,1516.0,67.218
7990,2,4083,4087.310749891655,23.880933408011,,,,1514.0,67.207
7991,2,4084,4088.310749891655,24.880933408011,,,,1512.0,67.198
7992,2,4085,4089.310749891655,25.880933408011,,,,1510.0,67.188
7993,2,4086,4090.310749891655,26.880933408011,,,,1509.0,67.177
7994,2,4087,4091.310749891655,27.880933408011,,,,1508.0,67.168
7995,2,4088,4092.310749891655,28.880933408011,,,,1507.0,67.161
7996,2,4089,4093.310749891655,29.880933408011,,,,1504.0,67.152
7997,2,4090,4094.310749891655,30.880933408011,,,,1502.0,67.142
7998,2,4091,4095.310749891655,31.880933408011,,,,1502.0,67.136
7999,2,4092,4096.310749891655,32.880933408011,,,,1501.0,67.132
8000,2,4093,4097.310749891655,33.880933408011,,,,1501.0,67.131
8001,3,1,4098.310749891655,34.880933408011,,,,1501.0,67.009
8024,3,24,4121.310749891655,57.880933408011,,,,1493.0,67.001
8025,3,25,4122.310749891655,58.880933408011,,,,1493.0,66.993
8026,3,26,4123.310749891655,59.880933408011,,,,1493.0,66.986
8027,3,27,4124.310749891655,60.880933408011,,,,1492.0,66.978
8028,3,28,4125.310749891655,61.880933408011,,,,1490.0,66.97
8029,3,29,4126.310749891655,62.880933408011,,,,1488.0,66.961
8030,3,30,4127.310749891655,63.880933408011,,,,1485.0,66.95
8031,3,31,4128.310749891655,64.880933408011,,,,1484.0,66.941
8032,3,32,4129.310749891655,65.880933408011,,,,1483.0,66.932
8033,3,33,4130.310749891655,66.880933408011,,,,1481.0,66.923
8034,3,34,4131.310749891655,67.880933408011,,,,1480.0,66.915
8035,3,35,4132.310749891655,68.880933408011,,,,1478.0,66.906
8036,3,36,4133.310749891655,69.880933408011,,,,1475.0,66.899
8037,3,37,4134.310749891655,70.880933408011,,,,1474.0,66.889
8038,3,38,4135.310749891655,71.880933408011,,,,1472.0,66.88
8039,3,39,4136.310749891655,72.880933408011,,,,1471.0,66.869
8040,3,40,4137.310749891655,73.880933408011,,,,1471.0,66.86
8041,3,41,4138.310749891655,74.880933408011,,,,1470.0,66.85
8042,3,42,4139.310749891655,75.880933408011,,,,1469.0,66.84
8043,3,43,4140.310749891655,76.880933408011,,,,1469.0,66.829
8044,3,44,4141.310749891655,77.880933408011,,,,1470.0,66.819
8045,3,45,4142.310749891655,78.880933408011,,,,1471.0,66.808
8046,3,46,4143.310749891655,79.880933408011,,,,1472.0,66.799
8047,3,47,4144.310749891655,80.880933408011,,,,1472.0,66.789
8048,3,48,4145.310749891655,81.880933408011,,,,1473.0,66.781
8049,3,49,4146.310749891655,82.880933408011,,,,1475.0,66.775
8050,3,50,4147.310749891655,83.880933408011,,,,1476.0,66.769
8051,3,51,4148.310749891655,84.880933408011,,,,1475.0,66.763
8052,3,52,4149.310749891655,85.880933408011,,,,1474.0,66.755
8053,3,53,4150.310749891655,86.880933408011,,,,1474.0,66.745
8054,3,54,4151.310749891655,87.880933408011,,,,1476.0,66.735
8055,3,55,4152.310749891655,88.880933408011,,,,1478.0,66.729
8056,3,56,4153.310749891655,89.880933408011,,,,1481.0,66.724
8057,3,57,4154.310749891655,90.880933408011,,,,1482.0,66.72
8058,3,58,4155.310749891655,91.880933408011,,,,1483.0,66.712
8059,3,59,4156.310749891655,92.880933408011,,,,1484.0,66.705
8060,3,60,4157.310749891655,93.880933408011,,,,1485.0,66.697
8061,3,61,4158.310749891655,94.880933408011,,,,1488.0,66.688
8062,3,62,4159.310749891655,95.880933408011,,,,1492.0,66.681
8063,3,63,4160.310749891655,96.880933408011,,,,1496.0,66.671
8064,3,64,4161.310749891655,97.880933408011,,,,1501.0,66.664
8065,3,65,4162.310749891655,98.880933408011,,,,1503.0,66.657
8066,3,66,4163.310749891655,99.880933408011,,,,1506.0,66.65
8067,3,67,4164.310749891655,100.880933408011,,,,1508.0,66.646
8205,3,205,4302.310749891655,238.880933408011,,,,1750.0,66.644
8206,3,206,4303.310749891655,239.880933408011,,,,1749.0,66.631
8207,3,207,4304.310749891655,240.880933408011,,,,1749.0,66.617
8208,3,208,4305.310749891655,241.880933408011,,,,1752.0,66.606
8209,3,209,4306.310749891655,242.880933408011,,,,1754.0,66.596
8210,3,210,4307.310749891655,243.880933408011,,,,1755.0,66.588
8211,3,211,4308.310749891655,244.880933408011,,,,1756.0,66.578
8212,3,212,4309.310749891655,245.880933408011,,,,1756.0,66.566
8213,3,213,4310.310749891655,246.880933408011,,,,1756.0,66.554
8214,3,214,4311.310749891655,247.880933408011,,,,1757.0,66.539
8215,3,215,4312.310749891655,248.880933408011,,,,1757.0,66.527
8216,3,216,4313.310749891655,249.880933408011,,,,1757.0,66.517
8217,3,217,4314.310749891655,250.880933408011,,,,1758.0,66.507
8218,3,218,4315.310749891655,251.880933408011,,,,1758.0,66.496
8219,3,219,4316.310749891655,252.880933408011,,,,1756.0,66.484
8220,3,220,4317.310749891655,253.880933408011,,,,1755.0,66.47
8221,3,221,4318.310749891655,254.880933408011,,,,1753.0,66.457
8222,3,222,4319.310749891655,255.880933408011,,,,1753.0,66.443
8223,3,223,4320.310749891655,256.880933408011,,,,1753.0,66.431
8224,3,224,4321.310749891655,257.880933408011,,,,1751.0,66.417
8225,3,225,4322.310749891655,258.880933408011,,,,1750.0,66.402
8226,3,226,4323.310749891655,259.880933408011,,,,1749.0,66.387
8227,3,227,4324.310749891655,260.880933408011,,,,1748.0,66.374
8228,3,228,4325.310749891655,261.880933408011,,,,1747.0,66.359
8229,3,229,4326.310749891655,262.880933408011,,,,1745.0,66.347
8230,3,230,4327.310749891655,263.880933408011,,,,1743.0,66.332
8231,3,231,4328.310749891655,264.880933408011,,,,1739.0,66.317
8232,3,232,4329.310749891655,265.880933408011,,,,1735.0,66.302
8233,3,233,4330.310749891655,266.880933408011,,,,1730.0,66.287
8234,3,234,4331.310749891655,267.880933408011,,,,1725.0,66.27
8235,3,235,4332.310749891655,268.880933408011,,,,1721.0,66.254
8236,3,236,4333.310749891655,269.880933408011,,,,1717.0,66.237
8237,3,237,4334.310749891655,270.880933408011,,,,1715.0,66.222
8238,3,238,4335.310749891655,271.880933408011,,,,1713.0,66.207
8239,3,239,4336.310749891655,272.880933408011,,,,1714.0,66.195
8240,3,240,4337.310749891655,273.880933408011,,,,1714.0,66.184
8241,3,241,4338.310749891655,274.880933408011,,,,1714.0,66.172
8242,3,242,4339.310749891655,275.880933408011,,,,1712.0,66.16
8243,3,243,4340.310749891655,276.880933408011,,,,1710.0,66.146
8244,3,244,4341.310749891655,277.880933408011,,,,1708.0,66.134
8245,3,245,4342.310749891655,278.880933408011,,,,1707.0,66.117
8246,3,246,4343.310749891655,279.880933408011,,,,1706.0,66.104
8247,3,247,4344.310749891655,280.880933408011,,,,1706.0,66.091
8248,3,248,4345.310749891655,281.880933408011,,,,1704.0,66.081
8249,3,249,4346.310749891655,282.880933408011,,,,1704.0,66.069
8250,3,250,4347.310749891655,283.880933408011,,,,1703.0,66.055
8251,3,251,4348.310749891655,284.880933408011,,,,1699.0,66.041
8252,3,252,4349.310749891655,285.880933408011,,,,1697.0,66.027
8253,3,253,4350.310749891655,286.880933408011,,,,1696.0,66.012
8254,3,254,4351.310749891655,287.880933408011,,,,1696.0,65.997
8255,3,255,4352.310749891655,288.880933408011,,,,1696.0,65.985
8256,3,256,4353.310749891655,289.880933408011,,,,1696.0,65.974
8257,3,257,4354.310749891655,290.880933408011,,,,1696.0,65.962
8258,3,258,4355.310749891655,291.880933408011,,,,1695.0,65.95
8259,3,259,4356.310749891655,292.880933408011,,,,1693.0,65.938
8260,3,260,4357.310749891655,293.880933408011,,,,1692.0,65.923
8261,3,261,4358.310749891655,294.880933408011,,,,1691.0,65.909
8262,3,262,4359.310749891655,295.880933408011,,,,1691.0,65.896
8263,3,263,4360.310749891655,296.880933408011,,,,1690.0,65.885
8264,3,264,4361.310749891655,297.880933408011,,,,1690.0,65.873
8265,3,265,4362.310749891655,298.880933408011,,,,1690.0,65.862
8266,3,266,4363.310749891655,299.880933408011,,,,1689.0,65.85
8267,3,267,4364.310749891655,300.880933408011,,,,1687.0,65.838
8268,3,268,4365.310749891655,301.880933408011,,,,1686.0,65.824
8269,3,269,4366.310749891655,302.880933408011,,,,1684.0,65.81
8270,3,270,4367.310749891655,303.880933408011,,,,1683.0,65.796
8271,3,271,4368.310749891655,304.880933408011,,,,1683.0,65.782
8272,3,272,4369.310749891655,305.880933408011,,,,1682.0,65.769
8273,3,273,4370.310749891655,306.880933408011,,,,1682.0,65.757
8274,3,274,4371.310749891655,307.880933408011,,,,1681.0,65.744
8275,3,275,4372.310749891655,308.880933408011,,,,1680.0,65.732
8276,3,276,4373.310749891655,309.880933408011,,,,1678.0,65.718
8277,3,277,4374.310749891655,310.880933408011,,,,1678.0,65.704
8278,3,278,4375.310749891655,311.880933408011,,,,1677.0,65.69
8279,3,279,4376.310749891655,312.880933408011,,,,1676.0,65.676
8280,3,280,4377.310749891655,313.880933408011,,,,1676.0,65.664
8281,3,281,4378.310749891655,314.880933408011,,,,1676.0,65.651
8282,3,282,4379.310749891655,315.880933408011,,,,1676.0,65.639
8283,3,283,4380.310749891655,316.880933408011,,,,1674.0,65.627
8284,3,284,4381.310749891655,317.880933408011,,,,1673.0,65.615
8285,3,285,4382.310749891655,318.880933408011,,,,1672.0,65.601
8286,3,286,4383.310749891655,319.880933408011,,,,1671.0,65.587
8287,3,287,4384.310749891655,320.880933408011,,,,1670.0,65.574
8288,3,288,4385.310749891655,321.880933408011,,,,1670.0,65.56
8289,3,289,4386.310749891655,322.880933408011,,,,1670.0,65.547
8290,3,290,4387.310749891655,323.880933408011,,,,1669.0,65.534
8291,3,291,4388.310749891655,324.880933408011,,,,1668.0,65.52
8292,3,292,4389.310749891655,325.880933408011,,,,1667.0,65.507
8293,3,293,4390.310749891655,326.880933408011,,,,1667.0,65.493
8294,3,294,4391.310749891655,327.880933408011,,,,1665.0,65.479
8295,3,295,4392.310749891655,328.880933408011,,,,1665.0,65.466
8296,3,296,4393.310749891655,329.880933408011,,,,1663.0,65.452
8297,3,297,4394.310749891655,330.880933408011,,,,1662.0,65.439
8298,3,298,4395.310749891655,331.880933408011,,,,1661.0,65.425
8299,3,299,4396.310749891655,332.880933408011,,,,1660.0,65.41
8300,3,300,4397.310749891655,333.880933408011,,,,1659.0,65.397
8301,3,301,4398.310749891655,334.880933408011,,,,1658.0,65.382
8302,3,302,4399.310749891655,335.880933408011,,,,1657.0,65.369
8303,3,303,4400.310749891655,336.880933408011,,,,1657.0,65.355
8304,3,304,4401.310749891655,337.880933408011,,,,1655.0,65.341
8305,3,305,4402.310749891655,338.880933408011,,,,1654.0,65.329
8306,3,306,4403.310749891655,339.880933408011,,,,1654.0,65.316
8307,3,307,4404.310749891655,340.880933408011,,,,1653.0,65.304
8308,3,308,4405.310749891655,341.880933408011,,,,1652.0,65.293
8309,3,309,4406.310749891655,342.880933408011,,,,1650.0,65.279
8310,3,310,4407.310749891655,343.880933408011,,,,1649.0,65.267
8311,3,311,4408.310749891655,344.880933408011,,,,1648.0,65.254
8312,3,312,4409.310749891655,345.880933408011,,,,1647.0,65.242
8313,3,313,4410.310749891655,346.880933408011,,,,1647.0,65.228
8314,3,314,4411.310749891655,347.880933408011,,,,1645.0,65.217
8315,3,315,4412.310749891655,348.880933408011,,,,1645.0,65.204
8316,3,316,4413.310749891655,349.880933408011,,,,1644.0,65.191
8317,3,317,4414.310749891655,350.880933408011,,,,1643.0,65.18
8318,3,318,4415.310749891655,351.880933408011,,,,1642.0,65.168
8319,3,319,4416.310749891655,352.880933408011,,,,1641.0,65.155
8320,3,320,4417.310749891655,353.880933408011,,,,1640.0,65.142
8321,3,321,4418.310749891655,354.880933408011,,,,1639.0,65.131
8322,3,322,4419.310749891655,355.880933408011,,,,1640.0,65.117
8323,3,323,4420.310749891655,356.880933408011,,,,1640.0,65.106
8324,3,324,4421.310749891655,357.880933408011,,,,1639.0,65.096
8325,3,325,4422.310749891655,358.880933408011,,,,1639.0,65.085
8326,3,326,4423.310749891655,359.880933408011,,,,1638.0,65.073
8327,3,327,4424.310749891655,360.880933408011,,,,1636.0,65.061
8328,3,328,4425.310749891655,361.880933408011,,,,1634.0,65.047
8329,3,329,4426.310749891655,362.880933408011,,,,1633.0,65.034
8330,3,330,4427.310749891655,363.880933408011,,,,1633.0,65.021
8331,3,331,4428.310749891655,364.880933408011,,,,1632.0,65.009
8332,3,332,4429.310749891655,365.880933408011,,,,1631.0,64.996
8333,3,333,4430.310749891655,366.880933408011,,,,1631.0,64.986
8334,3,334,4431.310749891655,367.880933408011,,,,1629.0,64.971
8335,3,335,4432.310749891655,368.880933408011,,,,1628.0,64.959
8336,3,336,4433.310749891655,369.880933408011,,,,1627.0,64.945
8337,3,337,4434.310749891655,370.880933408011,,,,1626.0,64.931
8338,3,338,4435.310749891655,371.880933408011,,,,1625.0,64.919
8339,3,339,4436.310749891655,372.880933408011,,,,1625.0,64.905
8340,3,340,4437.310749891655,373.880933408011,,,,1624.0,64.893
8341,3,341,4438.310749891655,374.880933408011,,,,1624.0,64.88
8342,3,342,4439.310749891655,375.880933408011,,,,1623.0,64.868
8343,3,343,4440.310749891655,376.880933408011,,,,1623.0,64.855
8344,3,344,4441.310749891655,377.880933408011,,,,1622.0,64.84
8345,3,345,4442.310749891655,378.880933408011,,,,1620.0,64.827
8346,3,346,4443.310749891655,379.880933408011,,,,1620.0,64.816
8347,3,347,4444.310749891655,380.880933408011,,,,1620.0,64.804
8348,3,348,4445.310749891655,381.880933408011,,,,1620.0,64.791
8349,3,349,4446.310749891655,382.880933408011,,,,1620.0,64.78
8350,3,350,4447.310749891655,383.880933408011,,,,1619.0,64.768
8351,3,351,4448.310749891655,384.880933408011,,,,1618.0,64.757
8352,3,352,4449.310749891655,385.880933408011,,,,1617.0,64.745
8353,3,353,4450.310749891655,386.880933408011,,,,1615.0,64.734
8354,3,354,4451.310749891655,387.880933408011,,,,1614.0,64.722
8355,3,355,4452.310749891655,388.880933408011,,,,1612.0,64.71
8356,3,356,4453.310749891655,389.880933408011,,,,1612.0,64.699
8357,3,357,4454.310749891655,390.880933408011,,,,1610.0,64.687
8358,3,358,4455.310749891655,391.880933408011,,,,1608.0,64.676
8359,3,359,4456.310749891655,392.880933408011,,,,1607.0,64.665
8360,3,360,4457.310749891655,393.880933408011,,,,1606.0,64.654
8361,3,361,4458.310749891655,394.880933408011,,,,1606.0,64.644
8362,3,362,4459.310749891655,395.880933408011,,,,1606.0,64.633
8363,3,363,4460.310749891655,396.880933408011,,,,1606.0,64.623
8364,3,364,4461.310749891655,397.880933408011,,,,1605.0,64.616
8365,3,365,4462.310749891655,398.880933408011,,,,1603.0,64.608
8366,3,366,4463.310749891655,399.880933408011,,,,1601.0,64.597
8367,3,367,4464.310749891655,400.880933408011,,,,1597.0,64.587
8368,3,368,4465.310749891655,401.880933408011,,,,1593.0,64.575
8369,3,369,4466.310749891655,402.880933408011,,,,1592.0,64.562
8370,3,370,4467.310749891655,403.880933408011,,,,1591.0,64.552
8371,3,371,4468.310749891655,404.880933408011,,,,1590.0,64.54
8372,3,372,4469.310749891655,405.880933408011,,,,1591.0,64.53
8373,3,373,4470.310749891655,406.880933408011,,,,1590.0,64.521
8374,3,374,4471.310749891655,407.880933408011,,,,1590.0,64.511
8375,3,375,4472.310749891655,408.880933408011,,,,1587.0,64.501
8376,3,376,4473.310749891655,409.880933408011,,,,1585.0,64.491
8377,3,377,4474.310749891655,410.880933408011,,,,1582.0,64.479
8378,3,378,4475.310749891655,411.880933408011,,,,1580.0,64.469
8379,3,379,4476.310749891655,412.880933408011,,,,1579.0,64.457
8380,3,380,4477.310749891655,413.880933408011,,,,1577.0,64.446
8381,3,381,4478.310749891655,414.880933408011,,,,1578.0,64.435
8382,3,382,4479.310749891655,415.880933408011,,,,1581.0,64.426
8383,3,383,4480.310749891655,416.880933408011,,,,1585.0,64.419
8384,3,384,4481.310749891655,417.880933408011,,,,1588.0,64.413
8385,3,385,4482.310749891655,418.880933408011,,,,1590.0,64.409
8386,3,386,4483.310749891655,419.880933408011,,,,1590.0,64.402
8387,3,387,4484.310749891655,420.880933408011,,,,1588.0,64.393
8388,3,388,4485.310749891655,421.880933408011,,,,1586.0,64.382
8389,3,389,4486.310749891655,422.880933408011,,,,1583.0,64.368
8390,3,390,4487.310749891655,423.880933408011,,,,1584.0,64.355
8391,3,391,4488.310749891655,424.880933408011,,,,1586.0,64.344
8392,3,392,4489.310749891655,425.880933408011,,,,1588.0,64.335
8393,3,393,4490.310749891655,426.880933408011,,,,1590.0,64.327
8394,3,394,4491.310749891655,427.880933408011,,,,1591.0,64.32
8395,3,395,4492.310749891655,428.880933408011,,,,1589.0,64.311
8396,3,396,4493.310749891655,429.880933408011,,,,1586.0,64.3
8397,3,397,4494.310749891655,430.880933408011,,,,1583.0,64.287
8398,3,398,4495.310749891655,431.880933408011,,,,1581.0,64.274
8399,3,399,4496.310749891655,432.880933408011,,,,1580.0,64.263
8400,3,400,4497.310749891655,433.880933408011,,,,1581.0,64.254
8401,3,401,4498.310749891655,434.880933408011,,,,1581.0,64.244
8402,3,402,4499.310749891655,435.880933408011,,,,1580.0,64.236
8403,3,403,4500.310749891655,436.880933408011,,,,1578.0,64.226
8404,3,404,4501.310749891655,437.880933408011,,,,1575.0,64.214
8405,3,405,4502.310749891655,438.880933408011,,,,1572.0,64.202
8406,3,406,4503.310749891655,439.880933408011,,,,1570.0,64.19
8407,3,407,4504.310749891655,440.880933408011,,,,1570.0,64.18
8408,3,408,4505.310749891655,441.880933408011,,,,1569.0,64.17
8409,3,409,4506.310749891655,442.880933408011,,,,1569.0,64.159
8410,3,410,4507.310749891655,443.880933408011,,,,1568.0,64.151
8411,3,411,4508.310749891655,444.880933408011,,,,1566.0,64.141
8412,3,412,4509.310749891655,445.880933408011,,,,1563.0,64.13
8413,3,413,4510.310749891655,446.880933408011,,,,1558.0,64.119
8414,3,414,4511.310749891655,447.880933408011,,,,1554.0,64.104
8415,3,415,4512.310749891655,448.880933408011,,,,1550.0,64.09
8416,3,416,4513.310749891655,449.880933408011,,,,1549.0,64.073
8417,3,417,4514.310749891655,450.880933408011,,,,1547.0,64.059
8418,3,418,4515.310749891655,451.880933408011,,,,1545.0,64.046
8419,3,419,4516.310749891655,452.880933408011,,,,1545.0,64.034
8420,3,420,4517.310749891655,453.880933408011,,,,1545.0,64.023
8421,3,421,4518.310749891655,454.880933408011,,,,1547.0,64.013
8422,3,422,4519.310749891655,455.880933408011,,,,1549.0,64.003
8423,3,423,4520.310749891655,456.880933408011,,,,1551.0,63.994
8424,3,424,4521.310749891655,457.880933408011,,,,1552.0,63.985
8425,3,425,4522.310749891655,458.880933408011,,,,1552.0,63.976
8426,3,426,4523.310749891655,459.880933408011,,,,1550.0,63.967
8427,3,427,4524.310749891655,460.880933408011,,,,1548.0,63.953
8428,3,428,4525.310749891655,461.880933408011,,,,1545.0,63.94
8429,3,429,4526.310749891655,462.880933408011,,,,1542.0,63.926
8430,3,430,4527.310749891655,463.880933408011,,,,1540.0,63.913
8431,3,431,4528.310749891655,464.880933408011,,,,1541.0,63.901
8432,3,432,4529.310749891655,465.880933408011,,,,1540.0,63.889
8433,3,433,4530.310749891655,466.880933408011,,,,1538.0,63.874
8434,3,434,4531.310749891655,467.880933408011,,,,1537.0,63.861
8435,3,435,4532.310749891655,468.880933408011,,,,1535.0,63.847
8436,3,436,4533.310749891655,469.880933408011,,,,1533.0,63.835
8437,3,437,4534.310749891655,470.880933408011,,,,1532.0,63.822
8438,3,438,4535.310749891655,471.880933408011,,,,1531.0,63.81
8439,3,439,4536.310749891655,472.880933408011,,,,1528.0,63.797
8440,3,440,4537.310749891655,473.880933408011,,,,1527.0,63.783
8441,3,441,4538.310749891655,474.880933408011,,,,1526.0,63.77
8442,3,442,4539.310749891655,475.880933408011,,,,1525.0,63.756
8443,3,443,4540.310749891655,476.880933408011,,,,1524.0,63.744
8444,3,444,4541.310749891655,477.880933408011,,,,1523.0,63.732
8445,3,445,4542.310749891655,478.880933408011,,,,1522.0,63.718
8446,3,446,4543.310749891655,479.880933408011,,,,1521.0,63.706
8447,3,447,4544.310749891655,480.880933408011,,,,1519.0,63.693
8448,3,448,4545.310749891655,481.880933408011,,,,1519.0,63.682
8449,3,449,4546.310749891655,482.880933408011,,,,1518.0,63.669
8450,3,450,4547.310749891655,483.880933408011,,,,1518.0,63.659
8451,3,451,4548.310749891655,484.880933408011,,,,1517.0,63.65
8452,3,452,4549.310749891655,485.880933408011,,,,1517.0,63.639
8453,3,453,4550.310749891655,486.880933408011,,,,1515.0,63.628
8454,3,454,4551.310749891655,487.880933408011,,,,1513.0,63.618
8455,3,455,4552.310749891655,488.880933408011,,,,1512.0,63.608
8456,3,456,4553.310749891655,489.880933408011,,,,1510.0,63.597
8457,3,457,4554.310749891655,490.880933408011,,,,1508.0,63.586
8458,3,458,4555.310749891655,491.880933408011,,,,1506.0,63.576
8459,3,459,4556.310749891655,492.880933408011,,,,1504.0,63.565
8460,3,460,4557.310749891655,493.880933408011,,,,1501.0,63.552
8461,3,461,4558.310749891655,494.880933408011,,,,1498.0,63.539
8462,3,462,4559.310749891655,495.880933408011,,,,1496.0,63.524
8463,3,463,4560.310749891655,496.880933408011,,,,1494.0,63.511
8464,3,464,4561.310749891655,497.880933408011,,,,1493.0,63.5
8465,3,465,4562.310749891655,498.880933408011,,,,1493.0,63.489
8466,3,466,4563.310749891655,499.880933408011,,,,1491.0,63.479
8467,3,467,4564.310749891655,500.880933408011,,,,1490.0,63.467
8468,3,468,4565.310749891655,501.880933408011,,,,1487.0,63.455
8469,3,469,4566.310749891655,502.880933408011,,,,1486.0,63.44
8470,3,470,4567.310749891655,503.880933408011,,,,1483.0,63.427
8471,3,471,4568.310749891655,504.880933408011,,,,1482.0,63.415
8472,3,472,4569.310749891655,505.880933408011,,,,1481.0,63.402
8473,3,473,4570.310749891655,506.880933408011,,,,1480.0,63.39
8474,3,474,4571.310749891655,507.880933408011,,,,1478.0,63.378
8475,3,475,4572.310749891655,508.880933408011,,,,1476.0,63.365
8476,3,476,4573.310749891655,509.880933408011,,,,1475.0,63.353
8477,3,477,4574.310749891655,510.880933408011,,,,1472.0,63.34
8478,3,478,4575.310749891655,511.880933408011,,,,1469.0,63.328
8479,3,479,4576.310749891655,512.880933408011,,,,1467.0,63.314
8480,3,480,4577.310749891655,513.880933408011,,,,1464.0,63.299
8481,3,481,4578.310749891655,514.880933408011,,,,1460.0,63.284
8482,3,482,4579.310749891655,515.880933408011,,,,1459.0,63.269
8483,3,483,4580.310749891655,516.880933408011,,,,1458.0,63.255
8484,3,484,4581.310749891655,517.880933408011,,,,1458.0,63.241
8485,3,485,4582.310749891655,518.880933408011,,,,1458.0,63.227
8486,3,486,4583.310749891655,519.880933408011,,,,1457.0,63.214
8487,3,487,4584.310749891655,520.880933408011,,,,1456.0,63.199
8488,3,488,4585.310749891655,521.880933408011,,,,1454.0,63.185
8489,3,489,4586.310749891655,522.880933408011,,,,1453.0,63.172
8490,3,490,4587.310749891655,523.880933408011,,,,1452.0,63.158
8491,3,491,4588.310749891655,524.880933408011,,,,1450.0,63.145
8492,3,492,4589.310749891655,525.880933408011,,,,1448.0,63.13
8493,3,493,4590.310749891655,526.880933408011,,,,1448.0,63.117
8494,3,494,4591.310749891655,527.880933408011,,,,1446.0,63.103
8495,3,495,4592.310749891655,528.880933408011,,,,1445.0,63.091
8496,3,496,4593.310749891655,529.880933408011,,,,1443.0,63.076
8497,3,497,4594.310749891655,530.880933408011,,,,1441.0,63.063
8498,3,498,4595.310749891655,531.880933408011,,,,1438.0,63.048
8499,3,499,4596.310749891655,532.880933408011,,,,1436.0,63.034
8500,3,500,4597.310749891655,533.880933408011,,,,1434.0,63.019
8501,3,501,4598.310749891655,534.880933408011,,,,1433.0,63.005
8502,3,502,4599.310749891655,535.880933408011,,,,1433.0,62.993
8503,3,503,4600.310749891655,536.880933408011,,,,1431.0,62.981
8504,3,504,4601.310749891655,537.880933408011,,,,1430.0,62.967
8505,3,505,4602.310749891655,538.880933408011,,,,1428.0,62.954
8506,3,506,4603.310749891655,539.880933408011,,,,1426.0,62.94
8507,3,507,4604.310749891655,540.880933408011,,,,1425.0,62.926
8508,3,508,4605.310749891655,541.880933408011,,,,1423.0,62.912
8509,3,509,4606.310749891655,542.880933408011,,,,1421.0,62.899
8510,3,510,4607.310749891655,543.880933408011,,,,1418.0,62.884
8511,3,511,4608.310749891655,544.880933408011,,,,1417.0,62.87
8512,3,512,4609.310749891655,545.880933408011,,,,1416.0,62.856
8513,3,513,4610.310749891655,546.880933408011,,,,1419.0,62.844
8514,3,514,4611.310749891655,547.880933408011,,,,1421.0,62.834
8515,3,515,4612.310749891655,548.880933408011,,,,1424.0,62.825
8516,3,516,4613.310749891655,549.880933408011,,,,1427.0,62.817
8517,3,517,4614.310749891655,550.880933408011,,,,1428.0,62.807
8518,3,518,4615.310749891655,551.880933408011,,,,1428.0,62.797
8519,3,519,4616.310749891655,552.880933408011,,,,1428.0,62.783
8520,3,520,4617.310749891655,553.880933408011,,,,1429.0,62.771
8521,3,521,4618.310749891655,554.880933408011,,,,1431.0,62.76
8522,3,522,4619.310749891655,555.880933408011,,,,1435.0,62.75
8523,3,523,4620.310749891655,556.880933408011,,,,1437.0,62.741
8524,3,524,4621.310749891655,557.880933408011,,,,1440.0,62.734
8525,3,525,4622.310749891655,558.880933408011,,,,1442.0,62.726
8526,3,526,4623.310749891655,559.880933408011,,,,1444.0,62.718
8527,3,527,4624.310749891655,560.880933408011,,,,1446.0,62.711
8528,3,528,4625.310749891655,561.880933408011,,,,1447.0,62.702
8529,3,529,4626.310749891655,562.880933408011,,,,1449.0,62.693
8530,3,530,4627.310749891655,563.880933408011,,,,1452.0,62.685
8531,3,531,4628.310749891655,564.880933408011,,,,1454.0,62.68
8532,3,532,4629.310749891655,565.880933408011,,,,1456.0,62.679
8534,3,534,4631.310749891655,567.880933408011,,,,1462.0,62.677
8535,3,535,4632.310749891655,568.880933408011,,,,1465.0,62.676
8536,3,536,4633.310749891655,569.880933408011,,,,1467.0,62.673
8537,3,537,4634.310749891655,570.880933408011,,,,1468.0,62.664
8538,3,538,4635.310749891655,571.880933408011,,,,1469.0,62.655
8539,3,539,4636.310749891655,572.880933408011,,,,1471.0,62.645
8540,3,540,4637.310749891655,573.880933408011,,,,1471.0,62.638
8541,3,541,4638.310749891655,574.880933408011,,,,1473.0,62.633
8552,3,552,4649.310749891655,585.880933408011,,,,1494.0,62.625
8553,3,553,4650.310749891655,586.880933408011,,,,1498.0,62.618
8554,3,554,4651.310749891655,587.880933408011,,,,1501.0,62.614
8572,3,572,4669.310749891655,605.880933408011,,,,1538.0,62.607
8573,3,573,4670.310749891655,606.880933408011,,,,1538.0,62.601
8574,3,574,4671.310749891655,607.880933408011,,,,1540.0,62.599
8714,3,714,4811.310749891655,747.880933408011,,,,1737.0,62.595
8715,3,715,4812.310749891655,748.880933408011,,,,1738.0,62.587
8716,3,716,4813.310749891655,749.880933408011,,,,1738.0,62.578
8717,3,717,4814.310749891655,750.880933408011,,,,1738.0,62.569
8718,3,718,4815.310749891655,751.880933408011,,,,1737.0,62.559
8719,3,719,4816.310749891655,752.880933408011,,,,1735.0,62.549
8720,3,720,4817.310749891655,753.880933408011,,,,1733.0,62.539
8721,3,721,4818.310749891655,754.880933408011,,,,1733.0,62.528
8722,3,722,4819.310749891655,755.880933408011,,,,1732.0,62.518
8723,3,723,4820.310749891655,756.880933408011,,,,1732.0,62.506
8724,3,724,4821.310749891655,757.880933408011,,,,1732.0,62.497
8725,3,725,4822.310749891655,758.880933408011,,,,1732.0,62.487
8726,3,726,4823.310749891655,759.880933408011,,,,1731.0,62.479
8727,3,727,4824.310749891655,760.880933408011,,,,1730.0,62.471
8728,3,728,4825.310749891655,761.880933408011,,,,1731.0,62.461
8729,3,729,4826.310749891655,762.880933408011,,,,1730.0,62.45
8730,3,730,4827.310749891655,763.880933408011,,,,1730.0,62.441
8731,3,731,4828.310749891655,764.880933408011,,,,1729.0,62.433
8732,3,732,4829.310749891655,765.880933408011,,,,1728.0,62.424
8733,3,733,4830.310749891655,766.880933408011,,,,1725.0,62.415
8734,3,734,4831.310749891655,767.880933408011,,,,1722.0,62.404
8735,3,735,4832.310749891655,768.880933408011,,,,1719.0,62.394
8736,3,736,4833.310749891655,769.880933408011,,,,1716.0,62.382
8737,3,737,4834.310749891655,770.880933408011,,,,1714.0,62.371
8738,3,738,4835.310749891655,771.880933408011,,,,1712.0,62.359
8739,3,739,4836.310749891655,772.880933408011,,,,1708.0,62.346
8740,3,740,4837.310749891655,773.880933408011,,,,1706.0,62.335
8741,3,741,4838.310749891655,774.880933408011,,,,1704.0,62.321
8742,3,742,4839.310749891655,775.880933408011,,,,1701.0,62.308
8743,3,743,4840.310749891655,776.880933408011,,,,1698.0,62.296
8744,3,744,4841.310749891655,777.880933408011,,,,1697.0,62.283
8745,3,745,4842.310749891655,778.880933408011,,,,1694.0,62.269
8746,3,746,4843.310749891655,779.880933408011,,,,1692.0,62.255
8747,3,747,4844.310749891655,780.880933408011,,,,1689.0,62.241
8748,3,748,4845.310749891655,781.880933408011,,,,1689.0,62.227
8749,3,749,4846.310749891655,782.880933408011,,,,1688.0,62.213
8750,3,750,4847.310749891655,783.880933408011,,,,1688.0,62.201
8751,3,751,4848.310749891655,784.880933408011,,,,1687.0,62.186
8752,3,752,4849.310749891655,785.880933408011,,,,1686.0,62.172
8753,3,753,4850.310749891655,786.880933408011,,,,1685.0,62.159
8754,3,754,4851.310749891655,787.880933408011,,,,1682.0,62.147
8755,3,755,4852.310749891655,788.880933408011,,,,1680.0,62.132
8756,3,756,4853.310749891655,789.880933408011,,,,1678.0,62.118
8757,3,757,4854.310749891655,790.880933408011,,,,1676.0,62.104
8758,3,758,4855.310749891655,791.880933408011,,,,1674.0,62.09
8759,3,759,4856.310749891655,792.880933408011,,,,1672.0,62.076
8760,3,760,4857.310749891655,793.880933408011,,,,1672.0,62.064
8761,3,761,4858.310749891655,794.880933408011,,,,1670.0,62.051
8762,3,762,4859.310749891655,795.880933408011,,,,1668.0,62.037
8763,3,763,4860.310749891655,796.880933408011,,,,1666.0,62.024
8764,3,764,4861.310749891655,797.880933408011,,,,1664.0,62.01
8765,3,765,4862.310749891655,798.880933408011,,,,1663.0,61.996
8766,3,766,4863.310749891655,799.880933408011,,,,1662.0,61.983
8767,3,767,4864.310749891655,800.880933408011,,,,1661.0,61.972
8768,3,768,4865.310749891655,801.880933408011,,,,1659.0,61.96
8769,3,769,4866.310749891655,802.880933408011,,,,1658.0,61.948
8770,3,770,4867.310749891655,803.880933408011,,,,1656.0,61.936
8771,3,771,4868.310749891655,804.880933408011,,,,1654.0,61.923
8772,3,772,4869.310749891655,805.880933408011,,,,1652.0,61.91
8773,3,773,4870.310749891655,806.880933408011,,,,1651.0,61.897
8774,3,774,4871.310749891655,807.880933408011,,,,1650.0,61.883
8775,3,775,4872.310749891655,808.880933408011,,,,1649.0,61.871
8776,3,776,4873.310749891655,809.880933408011,,,,1649.0,61.858
8777,3,777,4874.310749891655,810.880933408011,,,,1649.0,61.847
8778,3,778,4875.310749891655,811.880933408011,,,,1650.0,61.837
8779,3,779,4876.310749891655,812.880933408011,,,,1650.0,61.825
8780,3,780,4877.310749891655,813.880933408011,,,,1649.0,61.814
8781,3,781,4878.310749891655,814.880933408011,,,,1646.0,61.803
8782,3,782,4879.310749891655,815.880933408011,,,,1644.0,61.791
8783,3,783,4880.310749891655,816.880933408011,,,,1641.0,61.777
8784,3,784,4881.310749891655,817.880933408011,,,,1638.0,61.763
8785,3,785,4882.310749891655,818.880933408011,,,,1636.0,61.75
8786,3,786,4883.310749891655,819.880933408011,,,,1633.0,61.737
8787,3,787,4884.310749891655,820.880933408011,,,,1631.0,61.723
8788,3,788,4885.310749891655,821.880933408011,,,,1629.0,61.711
8789,3,789,4886.310749891655,822.880933408011,,,,1629.0,61.697
8790,3,790,4887.310749891655,823.880933408011,,,,1629.0,61.685
8791,3,791,4888.310749891655,824.880933408011,,,,1628.0,61.674
8792,3,792,4889.310749891655,825.880933408011,,,,1628.0,61.661
8793,3,793,4890.310749891655,826.880933408011,,,,1627.0,61.649
8794,3,794,4891.310749891655,827.880933408011,,,,1625.0,61.636
8795,3,795,4892.310749891655,828.880933408011,,,,1624.0,61.623
8796,3,796,4893.310749891655,829.880933408011,,,,1623.0,61.61
8797,3,797,4894.310749891655,830.880933408011,,,,1623.0,61.598
8798,3,798,4895.310749891655,831.880933408011,,,,1623.0,61.586
8799,3,799,4896.310749891655,832.880933408011,,,,1622.0,61.574
8800,3,800,4897.310749891655,833.880933408011,,,,1622.0,61.562
8801,3,801,4898.310749891655,834.880933408011,,,,1621.0,61.55
8802,3,802,4899.310749891655,835.880933408011,,,,1620.0,61.537
8803,3,803,4900.310749891655,836.880933408011,,,,1619.0,61.524
8804,3,804,4901.310749891655,837.880933408011,,,,1619.0,61.511
8805,3,805,4902.310749891655,838.880933408011,,,,1618.0,61.498
8806,3,806,4903.310749891655,839.880933408011,,,,1619.0,61.485
8807,3,807,4904.310749891655,840.880933408011,,,,1617.0,61.473
8808,3,808,4905.310749891655,841.880933408011,,,,1617.0,61.461
8809,3,809,4906.310749891655,842.880933408011,,,,1616.0,61.448
8810,3,810,4907.310749891655,843.880933408011,,,,1615.0,61.434
8811,3,811,4908.310749891655,844.880933408011,,,,1615.0,61.421
8812,3,812,4909.310749891655,845.880933408011,,,,1614.0,61.408
8813,3,813,4910.310749891655,846.880933408011,,,,1614.0,61.396
8814,3,814,4911.310749891655,847.880933408011,,,,1613.0,61.383
8815,3,815,4912.310749891655,848.880933408011,,,,1613.0,61.369
8816,3,816,4913.310749891655,849.880933408011,,,,1612.0,61.357
8817,3,817,4914.310749891655,850.880933408011,,,,1611.0,61.343
8818,3,818,4915.310749891655,851.880933408011,,,,1610.0,61.33
8819,3,819,4916.310749891655,852.880933408011,,,,1610.0,61.316
8820,3,820,4917.310749891655,853.880933408011,,,,1610.0,61.304
8821,3,821,4918.310749891655,854.880933408011,,,,1609.0,61.289
8822,3,822,4919.310749891655,855.880933408011,,,,1609.0,61.277
8823,3,823,4920.310749891655,856.880933408011,,,,1609.0,61.264
8824,3,824,4921.310749891655,857.880933408011,,,,1608.0,61.25
8825,3,825,4922.310749891655,858.880933408011,,,,1607.0,61.238
8826,3,826,4923.310749891655,859.880933408011,,,,1607.0,61.224
8827,3,827,4924.310749891655,860.880933408011,,,,1606.0,61.209
8828,3,828,4925.310749891655,861.880933408011,,,,1605.0,61.197
8829,3,829,4926.310749891655,862.880933408011,,,,1605.0,61.182
8830,3,830,4927.310749891655,863.880933408011,,,,1603.0,61.169
8831,3,831,4928.310749891655,864.880933408011,,,,1603.0,61.156
8832,3,832,4929.310749891655,865.880933408011,,,,1602.0,61.144
8833,3,833,4930.310749891655,866.880933408011,,,,1601.0,61.132
8834,3,834,4931.310749891655,867.880933408011,,,,1600.0,61.118
8835,3,835,4932.310749891655,868.880933408011,,,,1600.0,61.104
8836,3,836,4933.310749891655,869.880933408011,,,,1599.0,61.093
8837,3,837,4934.310749891655,870.880933408011,,,,1599.0,61.08
8838,3,838,4935.310749891655,871.880933408011,,,,1599.0,61.069
8839,3,839,4936.310749891655,872.880933408011,,,,1597.0,61.058
8840,3,840,4937.310749891655,873.880933408011,,,,1596.0,61.047
8841,3,841,4938.310749891655,874.880933408011,,,,1594.0,61.034
8842,3,842,4939.310749891655,875.880933408011,,,,1593.0,61.022
8843,3,843,4940.310749891655,876.880933408011,,,,1592.0,61.009
8844,3,844,4941.310749891655,877.880933408011,,,,1590.0,60.996
8845,3,845,4942.310749891655,878.880933408011,,,,1590.0,60.986
8846,3,846,4943.310749891655,879.880933408011,,,,1589.0,60.974
8847,3,847,4944.310749891655,880.880933408011,,,,1588.0,60.966
8848,3,848,4945.310749891655,881.880933408011,,,,1587.0,60.956
8849,3,849,4946.310749891655,882.880933408011,,,,1584.0,60.946
8850,3,850,4947.310749891655,883.880933408011,,,,1582.0,60.935
8851,3,851,4948.310749891655,884.880933408011,,,,1579.0,60.923
8852,3,852,4949.310749891655,885.880933408011,,,,1577.0,60.912
8853,3,853,4950.310749891655,886.880933408011,,,,1575.0,60.899
8854,3,854,4951.310749891655,887.880933408011,,,,1573.0,60.888
8855,3,855,4952.310749891655,888.880933408011,,,,1572.0,60.877
8856,3,856,4953.310749891655,889.880933408011,,,,1571.0,60.864
8857,3,857,4954.310749891655,890.880933408011,,,,1569.0,60.853
8858,3,858,4955.310749891655,891.880933408011,,,,1567.0,60.841
8859,3,859,4956.310749891655,892.880933408011,,,,1567.0,60.829
8860,3,860,4957.310749891655,893.880933408011,,,,1568.0,60.816
8861,3,861,4958.310749891655,894.880933408011,,,,1567.0,60.806
8862,3,862,4959.310749891655,895.880933408011,,,,1567.0,60.796
8863,3,863,4960.310749891655,896.880933408011,,,,1566.0,60.785
8864,3,864,4961.310749891655,897.880933408011,,,,1564.0,60.774
8865,3,865,4962.310749891655,898.880933408011,,,,1561.0,60.761
8866,3,866,4963.310749891655,899.880933408011,,,,1557.0,60.746
8867,3,867,4964.310749891655,900.880933408011,,,,1554.0,60.73
8868,3,868,4965.310749891655,901.880933408011,,,,1552.0,60.715
8869,3,869,4966.310749891655,902.880933408011,,,,1551.0,60.701
8870,3,870,4967.310749891655,903.880933408011,,,,1552.0,60.688
8871,3,871,4968.310749891655,904.880933408011,,,,1553.0,60.676
8872,3,872,4969.310749891655,905.880933408011,,,,1553.0,60.664
8873,3,873,4970.310749891655,906.880933408011,,,,1552.0,60.651
8874,3,874,4971.310749891655,907.880933408011,,,,1550.0,60.638
8875,3,875,4972.310749891655,908.880933408011,,,,1548.0,60.624
8876,3,876,4973.310749891655,909.880933408011,,,,1546.0,60.61
8877,3,877,4974.310749891655,910.880933408011,,,,1544.0,60.596
8878,3,878,4975.310749891655,911.880933408011,,,,1543.0,60.582
8879,3,879,4976.310749891655,912.880933408011,,,,1541.0,60.569
8880,3,880,4977.310749891655,913.880933408011,,,,1540.0,60.556
8881,3,881,4978.310749891655,914.880933408011,,,,1538.0,60.542
8882,3,882,4979.310749891655,915.880933408011,,,,1537.0,60.529
8883,3,883,4980.310749891655,916.880933408011,,,,1535.0,60.514
8884,3,884,4981.310749891655,917.880933408011,,,,1535.0,60.501
8885,3,885,4982.310749891655,918.880933408011,,,,1534.0,60.488
8886,3,886,4983.310749891655,919.880933408011,,,,1534.0,60.476
8887,3,887,4984.310749891655,920.880933408011,,,,1533.0,60.464
8888,3,888,4985.310749891655,921.880933408011,,,,1532.0,60.452
8889,3,889,4986.310749891655,922.880933408011,,,,1531.0,60.438
8890,3,890,4987.310749891655,923.880933408011,,,,1529.0,60.426
8891,3,891,4988.310749891655,924.880933408011,,,,1528.0,60.412
8892,3,892,4989.310749891655,925.880933408011,,,,1526.0,60.399
8893,3,893,4990.310749891655,926.880933408011,,,,1525.0,60.386
8894,3,894,4991.310749891655,927.880933408011,,,,1524.0,60.373
8895,3,895,4992.310749891655,928.880933408011,,,,1522.0,60.36
8896,3,896,4993.310749891655,929.880933408011,,,,1520.0,60.347
8897,3,897,4994.310749891655,930.880933408011,,,,1518.0,60.334
8898,3,898,4995.310749891655,931.880933408011,,,,1517.0,60.322
8899,3,899,4996.310749891655,932.880933408011,,,,1514.0,60.308
8900,3,900,4997.310749891655,933.880933408011,,,,1513.0,60.294
8901,3,901,4998.310749891655,934.880933408011,,,,1511.0,60.281
8902,3,902,4999.310749891655,935.880933408011,,,,1509.0,60.268
8903,3,903,5000.310749891655,936.880933408011,,,,1508.0,60.255
8904,3,904,5001.310749891655,937.880933408011,,,,1505.0,60.241
8905,3,905,5002.310749891655,938.880933408011,,,,1504.0,60.227
8906,3,906,5003.310749891655,939.880933408011,,,,1504.0,60.215
8907,3,907,5004.310749891655,940.880933408011,,,,1501.0,60.202
8908,3,908,5005.310749891655,941.880933408011,,,,1499.0,60.189
8909,3,909,5006.310749891655,942.880933408011,,,,1497.0,60.176
8910,3,910,5007.310749891655,943.880933408011,,,,1496.0,60.163
8911,3,911,5008.310749891655,944.880933408011,,,,1494.0,60.15
8912,3,912,5009.310749891655,945.880933408011,,,,1491.0,60.137
8913,3,913,5010.310749891655,946.880933408011,,,,1490.0,60.124
8914,3,914,5011.310749891655,947.880933408011,,,,1489.0,60.108
8915,3,915,5012.310749891655,948.880933408011,,,,1487.0,60.096
8916,3,916,5013.310749891655,949.880933408011,,,,1486.0,60.083
8917,3,917,5014.310749891655,950.880933408011,,,,1485.0,60.068
8918,3,918,5015.310749891655,951.880933408011,,,,1483.0,60.056
8919,3,919,5016.310749891655,952.880933408011,,,,1481.0,60.045
8920,3,920,5017.310749891655,953.880933408011,,,,1481.0,60.033
8921,3,921,5018.310749891655,954.880933408011,,,,1480.0,60.021
8922,3,922,5019.310749891655,955.880933408011,,,,1478.0,60.009
8923,3,923,5020.310749891655,956.880933408011,,,,1475.0,59.996
8924,3,924,5021.310749891655,957.880933408011,,,,1473.0,59.983
8925,3,925,5022.310749891655,958.880933408011,,,,1468.0,59.969
8926,3,926,5023.310749891655,959.880933408011,,,,1466.0,59.955
8927,3,927,5024.310749891655,960.880933408011,,,,1463.0,59.939
8928,3,928,5025.310749891655,961.880933408011,,,,1460.0,59.923
8929,3,929,5026.310749891655,962.880933408011,,,,1459.0,59.907
8930,3,930,5027.310749891655,963.880933408011,,,,1457.0,59.892
8931,3,931,5028.310749891655,964.880933408011,,,,1456.0,59.879
8932,3,932,5029.310749891655,965.880933408011,,,,1454.0,59.866
8933,3,933,5030.310749891655,966.880933408011,,,,1451.0,59.852
8934,3,934,5031.310749891655,967.880933408011,,,,1449.0,59.839
8935,3,935,5032.310749891655,968.880933408011,,,,1448.0,59.826
8936,3,936,5033.310749891655,969.880933408011,,,,1448.0,59.814
8937,3,937,5034.310749891655,970.880933408011,,,,1448.0,59.803
8938,3,938,5035.310749891655,971.880933408011,,,,1448.0,59.792
8939,3,939,5036.310749891655,972.880933408011,,,,1446.0,59.78
8940,3,940,5037.310749891655,973.880933408011,,,,1443.0,59.766
8941,3,941,5038.310749891655,974.880933408011,,,,1440.0,59.752
8942,3,942,5039.310749891655,975.880933408011,,,,1437.0,59.736
8943,3,943,5040.310749891655,976.880933408011,,,,1435.0,59.72
8944,3,944,5041.310749891655,977.880933408011,,,,1432.0,59.704
8945,3,945,5042.310749891655,978.880933408011,,,,1432.0,59.689
8946,3,946,5043.310749891655,979.880933408011,,,,1431.0,59.674
8947,3,947,5044.310749891655,980.880933408011,,,,1431.0,59.661
8948,3,948,5045.310749891655,981.880933408011,,,,1433.0,59.647
8949,3,949,5046.310749891655,982.880933408011,,,,1437.0,59.639
8950,3,950,5047.310749891655,983.880933408011,,,,1440.0,59.63
8951,3,951,5048.310749891655,984.880933408011,,,,1442.0,59.623
8952,3,952,5049.310749891655,985.880933408011,,,,1442.0,59.612
8953,3,953,5050.310749891655,986.880933408011,,,,1443.0,59.601
8954,3,954,5051.310749891655,987.880933408011,,,,1445.0,59.59
8955,3,955,5052.310749891655,988.880933408011,,,,1445.0,59.58
8956,3,956,5053.310749891655,989.880933408011,,,,1448.0,59.572
8957,3,957,5054.310749891655,990.880933408011,,,,1449.0,59.563
8958,3,958,5055.310749891655,991.880933408011,,,,1450.0,59.556
8959,3,959,5056.310749891655,992.880933408011,,,,1450.0,59.545
8960,3,960,5057.310749891655,993.880933408011,,,,1449.0,59.534
8961,3,961,5058.310749891655,994.880933408011,,,,1447.0,59.52
8962,3,962,5059.310749891655,995.880933408011,,,,1447.0,59.505
8963,3,963,5060.310749891655,996.880933408011,,,,1449.0,59.493
8964,3,964,5061.310749891655,997.880933408011,,,,1451.0,59.483
8965,3,965,5062.310749891655,998.880933408011,,,,1452.0,59.476
8966,3,966,5063.310749891655,999.880933408011,,,,1453.0,59.468
8967,3,967,5064.310749891655,1000.880933408011,,,,1452.0,59.459
8968,3,968,5065.310749891655,1001.880933408011,,,,1449.0,59.448
8969,3,969,5066.310749891655,1002.880933408011,,,,1447.0,59.434
8970,3,970,5067.310749891655,1003.880933408011,,,,1445.0,59.422
8971,3,971,5068.310749891655,1004.880933408011,,,,1446.0,59.409
8972,3,972,5069.310749891655,1005.880933408011,,,,1446.0,59.399
8973,3,973,5070.310749891655,1006.880933408011,,,,1446.0,59.39
8974,3,974,5071.310749891655,1007.880933408011,,,,1446.0,59.378
8975,3,975,5072.310749891655,1008.880933408011,,,,1445.0,59.368
8976,3,976,5073.310749891655,1009.880933408011,,,,1443.0,59.356
8977,3,977,5074.310749891655,1010.880933408011,,,,1442.0,59.343
8978,3,978,5075.310749891655,1011.880933408011,,,,1442.0,59.331
8979,3,979,5076.310749891655,1012.880933408011,,,,1442.0,59.321
8980,3,980,5077.310749891655,1013.880933408011,,,,1443.0,59.311
8981,3,981,5078.310749891655,1014.880933408011,,,,1442.0,59.3
8982,3,982,5079.310749891655,1015.880933408011,,,,1441.0,59.289
8983,3,983,5080.310749891655,1016.880933408011,,,,1440.0,59.277
8984,3,984,5081.310749891655,1017.880933408011,,,,1440.0,59.263
8985,3,985,5082.310749891655,1018.880933408011,,,,1440.0,59.251
8986,3,986,5083.310749891655,1019.880933408011,,,,1439.0,59.24
8987,3,987,5084.310749891655,1020.880933408011,,,,1439.0,59.228
8988,3,988,5085.310749891655,1021.880933408011,,,,1437.0,59.217
8989,3,989,5086.310749891655,1022.880933408011,,,,1436.0,59.207
8990,3,990,5087.310749891655,1023.880933408011,,,,1433.0,59.193
8991,3,991,5088.310749891655,1024.880933408011,,,,1431.0,59.179
8992,3,992,5089.310749891655,1025.880933408011,,,,1429.0,59.165
8993,3,993,5090.310749891655,1026.880933408011,,,,1427.0,59.15
8994,3,994,5091.310749891655,1027.880933408011,,,,1428.0,59.139
8995,3,995,5092.310749891655,1028.880933408011,,,,1428.0,59.127
8996,3,996,5093.310749891655,1029.880933408011,,,,1428.0,59.118
8997,3,997,5094.310749891655,1030.880933408011,,,,1427.0,59.107
8998,3,998,5095.310749891655,1031.880933408011,,,,1424.0,59.095
8999,3,999,5096.310749891655,1032.880933408011,,,,1420.0,59.082
9000,3,1000,5097.310749891655,1033.880933408011,,,,1417.0,59.067
9001,3,1001,5098.310749891655,1034.880933408011,,,,1413.0,59.052
9002,3,1002,5099.310749891655,1035.880933408011,,,,1411.0,59.035
9003,3,1003,5100.310749891655,1036.880933408011,,,,1409.0,59.021
9004,3,1004,5101.310749891655,1037.880933408011,,,,1409.0,59.006
9005,3,1005,5102.310749891655,1038.880933408011,,,,1409.0,58.994
9006,3,1006,5103.310749891655,1039.880933408011,,,,1408.0,58.98
9007,3,1007,5104.310749891655,1040.880933408011,,,,1406.0,58.967
9008,3,1008,5105.310749891655,1041.880933408011,,,,1403.0,58.953
9009,3,1009,5106.310749891655,1042.880933408011,,,,1401.0,58.938
9010,3,1010,5107.310749891655,1043.880933408011,,,,1397.0,58.923
9011,3,1011,5108.310749891655,1044.880933408011,,,,1394.0,58.906
9012,3,1012,5109.310749891655,1045.880933408011,,,,1392.0,58.891
9013,3,1013,5110.310749891655,1046.880933408011,,,,1389.0,58.875
9014,3,1014,5111.310749891655,1047.880933408011,,,,1388.0,58.86
9015,3,1015,5112.310749891655,1048.880933408011,,,,1386.0,58.844
9016,3,1016,5113.310749891655,1049.880933408011,,,,1384.0,58.828
9017,3,1017,5114.310749891655,1050.880933408011,,,,1382.0,58.813
9018,3,1018,5115.310749891655,1051.880933408011,,,,1382.0,58.795
9019,3,1019,5116.310749891655,1052.880933408011,,,,1380.0,58.78
9020,3,1020,5117.310749891655,1053.880933408011,,,,1379.0,58.766
9021,3,1021,5118.310749891655,1054.880933408011,,,,1378.0,58.748
9022,3,1022,5119.310749891655,1055.880933408011,,,,1376.0,58.734
9023,3,1023,5120.310749891655,1056.880933408011,,,,1376.0,58.718
9024,3,1024,5121.310749891655,1057.880933408011,,,,1378.0,58.705
9025,3,1025,5122.310749891655,1058.880933408011,,,,1381.0,58.695
9026,3,1026,5123.310749891655,1059.880933408011,,,,1385.0,58.687
9027,3,1027,5124.310749891655,1060.880933408011,,,,1388.0,58.682
9028,3,1028,5125.310749891655,1061.880933408011,,,,1391.0,58.675
9029,3,1029,5126.310749891655,1062.880933408011,,,,1393.0,58.667
9030,3,1030,5127.310749891655,1063.880933408011,,,,1393.0,58.658
9031,3,1031,5128.310749891655,1064.880933408011,,,,1394.0,58.647
9032,3,1032,5129.310749891655,1065.880933408011,,,,1396.0,58.635
9033,3,1033,5130.310749891655,1066.880933408011,,,,1398.0,58.625
9034,3,1034,5131.310749891655,1067.880933408011,,,,1399.0,58.617
9035,3,1035,5132.310749891655,1068.880933408011,,,,1402.0,58.609
9036,3,1036,5133.310749891655,1069.880933408011,,,,1402.0,58.604
9037,3,1037,5134.310749891655,1070.880933408011,,,,1401.0,58.594
9038,3,1038,5135.310749891655,1071.880933408011,,,,1399.0,58.585
9039,3,1039,5136.310749891655,1072.880933408011,,,,1398.0,58.573
9040,3,1040,5137.310749891655,1073.880933408011,,,,1397.0,58.56
9041,3,1041,5138.310749891655,1074.880933408011,,,,1398.0,58.547
9042,3,1042,5139.310749891655,1075.880933408011,,,,1400.0,58.537
9043,3,1043,5140.310749891655,1076.880933408011,,,,1402.0,58.525
9044,3,1044,5141.310749891655,1077.880933408011,,,,1403.0,58.516
9045,3,1045,5142.310749891655,1078.880933408011,,,,1404.0,58.507
9046,3,1046,5143.310749891655,1079.880933408011,,,,1405.0,58.497
9047,3,1047,5144.310749891655,1080.880933408011,,,,1404.0,58.485
9048,3,1048,5145.310749891655,1081.880933408011,,,,1404.0,58.471
9049,3,1049,5146.310749891655,1082.880933408011,,,,1404.0,58.457
9050,3,1050,5147.310749891655,1083.880933408011,,,,1406.0,58.445
9051,3,1051,5148.310749891655,1084.880933408011,,,,1409.0,58.434
9052,3,1052,5149.310749891655,1085.880933408011,,,,1413.0,58.425
9053,3,1053,5150.310749891655,1086.880933408011,,,,1417.0,58.417
9054,3,1054,5151.310749891655,1087.880933408011,,,,1420.0,58.41
9055,3,1055,5152.310749891655,1088.880933408011,,,,1422.0,58.401
9056,3,1056,5153.310749891655,1089.880933408011,,,,1423.0,58.391
9057,3,1057,5154.310749891655,1090.880933408011,,,,1425.0,58.38
9058,3,1058,5155.310749891655,1091.880933408011,,,,1427.0,58.369
9059,3,1059,5156.310749891655,1092.880933408011,,,,1431.0,58.362
9060,3,1060,5157.310749891655,1093.880933408011,,,,1434.0,58.355
9061,3,1061,5158.310749891655,1094.880933408011,,,,1438.0,58.352
9062,3,1062,5159.310749891655,1095.880933408011,,,,1440.0,58.349
9064,3,1064,5161.310749891655,1097.880933408011,,,,1441.0,58.348
9066,3,1066,5163.310749891655,1099.880933408011,,,,1439.0,58.345
9067,3,1067,5164.310749891655,1100.880933408011,,,,1439.0,58.339
9068,3,1068,5165.310749891655,1101.880933408011,,,,1440.0,58.334
9069,3,1069,5166.310749891655,1102.880933408011,,,,1442.0,58.328
9070,3,1070,5167.310749891655,1103.880933408011,,,,1444.0,58.32
9071,3,1071,5168.310749891655,1104.880933408011,,,,1446.0,58.314
9072,3,1072,5169.310749891655,1105.880933408011,,,,1446.0,58.309
9073,3,1073,5170.310749891655,1106.880933408011,,,,1445.0,58.303
9074,3,1074,5171.310749891655,1107.880933408011,,,,1443.0,58.292
9075,3,1075,5172.310749891655,1108.880933408011,,,,1442.0,58.282
9076,3,1076,5173.310749891655,1109.880933408011,,,,1442.0,58.27
9077,3,1077,5174.310749891655,1110.880933408011,,,,1443.0,58.261
9078,3,1078,5175.310749891655,1111.880933408011,,,,1444.0,58.254
9079,3,1079,5176.310749891655,1112.880933408011,,,,1443.0,58.247
9080,3,1080,5177.310749891655,1113.880933408011,,,,1442.0,58.24
9081,3,1081,5178.310749891655,1114.880933408011,,,,1439.0,58.229
9082,3,1082,5179.310749891655,1115.880933408011,,,,1435.0,58.216
9083,3,1083,5180.310749891655,1116.880933408011,,,,1432.0,58.202
9084,3,1084,5181.310749891655,1117.880933408011,,,,1431.0,58.188
9085,3,1085,5182.310749891655,1118.880933408011,,,,1432.0,58.176
9086,3,1086,5183.310749891655,1119.880933408011,,,,1432.0,58.167
9087,3,1087,5184.310749891655,1120.880933408011,,,,1433.0,58.157
9088,3,1088,5185.310749891655,1121.880933408011,,,,1433.0,58.147
9089,3,1089,5186.310749891655,1122.880933408011,,,,1433.0,58.135
9090,3,1090,5187.310749891655,1123.880933408011,,,,1432.0,58.123
9091,3,1091,5188.310749891655,1124.880933408011,,,,1432.0,58.111
9092,3,1092,5189.310749891655,1125.880933408011,,,,1433.0,58.098
9093,3,1093,5190.310749891655,1126.880933408011,,,,1433.0,58.086
9094,3,1094,5191.310749891655,1127.880933408011,,,,1433.0,58.074
9095,3,1095,5192.310749891655,1128.880933408011,,,,1433.0,58.063
9096,3,1096,5193.310749891655,1129.880933408011,,,,1431.0,58.051
9097,3,1097,5194.310749891655,1130.880933408011,,,,1431.0,58.038
9098,3,1098,5195.310749891655,1131.880933408011,,,,1430.0,58.026
9099,3,1099,5196.310749891655,1132.880933408011,,,,1430.0,58.014
9100,3,1100,5197.310749891655,1133.880933408011,,,,1431.0,58.003
9101,3,1101,5198.310749891655,1134.880933408011,,,,1431.0,57.993
9102,3,1102,5199.310749891655,1135.880933408011,,,,1431.0,57.983
9103,3,1103,5200.310749891655,1136.880933408011,,,,1429.0,57.972
9104,3,1104,5201.310749891655,1137.880933408011,,,,1427.0,57.96
9105,3,1105,5202.310749891655,1138.880933408011,,,,1426.0,57.946
9106,3,1106,5203.310749891655,1139.880933408011,,,,1424.0,57.932
9107,3,1107,5204.310749891655,1140.880933408011,,,,1423.0,57.917
9108,3,1108,5205.310749891655,1141.880933408011,,,,1423.0,57.906
9109,3,1109,5206.310749891655,1142.880933408011,,,,1423.0,57.894
9110,3,1110,5207.310749891655,1143.880933408011,,,,1423.0,57.881
9111,3,1111,5208.310749891655,1144.880933408011,,,,1422.0,57.867
9112,3,1112,5209.310749891655,1145.880933408011,,,,1420.0,57.854
9113,3,1113,5210.310749891655,1146.880933408011,,,,1419.0,57.839
9114,3,1114,5211.310749891655,1147.880933408011,,,,1419.0,57.825
9115,3,1115,5212.310749891655,1148.880933408011,,,,1420.0,57.814
9116,3,1116,5213.310749891655,1149.880933408011,,,,1420.0,57.805
9117,3,1117,5214.310749891655,1150.880933408011,,,,1422.0,57.795
9118,3,1118,5215.310749891655,1151.880933408011,,,,1421.0,57.788
9119,3,1119,5216.310749891655,1152.880933408011,,,,1420.0,57.776
9120,3,1120,5217.310749891655,1153.880933408011,,,,1417.0,57.763
9121,3,1121,5218.310749891655,1154.880933408011,,,,1414.0,57.746
9122,3,1122,5219.310749891655,1155.880933408011,,,,1414.0,57.73
9123,3,1123,5220.310749891655,1156.880933408011,,,,1416.0,57.717
9124,3,1124,5221.310749891655,1157.880933408011,,,,1419.0,57.707
9125,3,1125,5222.310749891655,1158.880933408011,,,,1422.0,57.696
9126,3,1126,5223.310749891655,1159.880933408011,,,,1423.0,57.685
9127,3,1127,5224.310749891655,1160.880933408011,,,,1423.0,57.672
9128,3,1128,5225.310749891655,1161.880933408011,,,,1422.0,57.658
9129,3,1129,5226.310749891655,1162.880933408011,,,,1421.0,57.643
9130,3,1130,5227.310749891655,1163.880933408011,,,,1422.0,57.63
9131,3,1131,5228.310749891655,1164.880933408011,,,,1424.0,57.616
9132,3,1132,5229.310749891655,1165.880933408011,,,,1425.0,57.605
9133,3,1133,5230.310749891655,1166.880933408011,,,,1426.0,57.593
9134,3,1134,5231.310749891655,1167.880933408011,,,,1427.0,57.581
9135,3,1135,5232.310749891655,1168.880933408011,,,,1425.0,57.569
9136,3,1136,5233.310749891655,1169.880933408011,,,,1424.0,57.556
9137,3,1137,5234.310749891655,1170.880933408011,,,,1423.0,57.542
9138,3,1138,5235.310749891655,1171.880933408011,,,,1423.0,57.53
9139,3,1139,5236.310749891655,1172.880933408011,,,,1422.0,57.518
9140,3,1140,5237.310749891655,1173.880933408011,,,,1422.0,57.506
9141,3,1141,5238.310749891655,1174.880933408011,,,,1422.0,57.495
9142,3,1142,5239.310749891655,1175.880933408011,,,,1423.0,57.482
9143,3,1143,5240.310749891655,1176.880933408011,,,,1423.0,57.471
9144,3,1144,5241.310749891655,1177.880933408011,,,,1424.0,57.458
9145,3,1145,5242.310749891655,1178.880933408011,,,,1424.0,57.445
9146,3,1146,5243.310749891655,1179.880933408011,,,,1426.0,57.434
9147,3,1147,5244.310749891655,1180.880933408011,,,,1427.0,57.419
9148,3,1148,5245.310749891655,1181.880933408011,,,,1428.0,57.405
9149,3,1149,5246.310749891655,1182.880933408011,,,,1430.0,57.393
9150,3,1150,5247.310749891655,1183.880933408011,,,,1433.0,57.38
9151,3,1151,5248.310749891655,1184.880933408011,,,,1436.0,57.369
9152,3,1152,5249.310749891655,1185.880933408011,,,,1438.0,57.36
9153,3,1153,5250.310749891655,1186.880933408011,,,,1439.0,57.35
9154,3,1154,5251.310749891655,1187.880933408011,,,,1440.0,57.339
9155,3,1155,5252.310749891655,1188.880933408011,,,,1441.0,57.329
9156,3,1156,5253.310749891655,1189.880933408011,,,,1442.0,57.317
9157,3,1157,5254.310749891655,1190.880933408011,,,,1442.0,57.307
9158,3,1158,5255.310749891655,1191.880933408011,,,,1444.0,57.297
9159,3,1159,5256.310749891655,1192.880933408011,,,,1444.0,57.285
9160,3,1160,5257.310749891655,1193.880933408011,,,,1444.0,57.274
9161,3,1161,5258.310749891655,1194.880933408011,,,,1445.0,57.264
9162,3,1162,5259.310749891655,1195.880933408011,,,,1446.0,57.253
9163,3,1163,5260.310749891655,1196.880933408011,,,,1447.0,57.242
9164,3,1164,5261.310749891655,1197.880933408011,,,,1447.0,57.231
9165,3,1165,5262.310749891655,1198.880933408011,,,,1449.0,57.223
9166,3,1166,5263.310749891655,1199.880933408011,,,,1450.0,57.215
9167,3,1167,5264.310749891655,1200.880933408011,,,,1450.0,57.206
9168,3,1168,5265.310749891655,1201.880933408011,,,,1450.0,57.198
9169,3,1169,5266.310749891655,1202.880933408011,,,,1448.0,57.189
9170,3,1170,5267.310749891655,1203.880933408011,,,,1446.0,57.177
9171,3,1171,5268.310749891655,1204.880933408011,,,,1444.0,57.165
9172,3,1172,5269.310749891655,1205.880933408011,,,,1443.0,57.153
9173,3,1173,5270.310749891655,1206.880933408011,,,,1444.0,57.144
9174,3,1174,5271.310749891655,1207.880933408011,,,,1446.0,57.136
9175,3,1175,5272.310749891655,1208.880933408011,,,,1446.0,57.128
9176,3,1176,5273.310749891655,1209.880933408011,,,,1445.0,57.118
9177,3,1177,5274.310749891655,1210.880933408011,,,,1443.0,57.109
9178,3,1178,5275.310749891655,1211.880933408011,,,,1443.0,57.097
9179,3,1179,5276.310749891655,1212.880933408011,,,,1441.0,57.086
9180,3,1180,5277.310749891655,1213.880933408011,,,,1443.0,57.074
9181,3,1181,5278.310749891655,1214.880933408011,,,,1445.0,57.065
9182,3,1182,5279.310749891655,1215.880933408011,,,,1446.0,57.058
9183,3,1183,5280.310749891655,1216.880933408011,,,,1447.0,57.051
9184,3,1184,5281.310749891655,1217.880933408011,,,,1446.0,57.043
9185,3,1185,5282.310749891655,1218.880933408011,,,,1444.0,57.033
9186,3,1186,5283.310749891655,1219.880933408011,,,,1442.0,57.022
9187,3,1187,5284.310749891655,1220.880933408011,,,,1440.0,57.01
9188,3,1188,5285.310749891655,1221.880933408011,,,,1440.0,56.999
9189,3,1189,5286.310749891655,1222.880933408011,,,,1441.0,56.988
9190,3,1190,5287.310749891655,1223.880933408011,,,,1442.0,56.979
9191,3,1191,5288.310749891655,1224.880933408011,,,,1442.0,56.969
9192,3,1192,5289.310749891655,1225.880933408011,,,,1441.0,56.959
9193,3,1193,5290.310749891655,1226.880933408011,,,,1439.0,56.947
9194,3,1194,5291.310749891655,1227.880933408011,,,,1437.0,56.935
9195,3,1195,5292.310749891655,1228.880933408011,,,,1436.0,56.92
9196,3,1196,5293.310749891655,1229.880933408011,,,,1436.0,56.908
9197,3,1197,5294.310749891655,1230.880933408011,,,,1436.0,56.898
9198,3,1198,5295.310749891655,1231.880933408011,,,,1437.0,56.887
9199,3,1199,5296.310749891655,1232.880933408011,,,,1436.0,56.876
9200,3,1200,5297.310749891655,1233.880933408011,,,,1435.0,56.865
9201,3,1201,5298.310749891655,1234.880933408011,,,,1433.0,56.853
9202,3,1202,5299.310749891655,1235.880933408011,,,,1431.0,56.841
9203,3,1203,5300.310749891655,1236.880933408011,,,,1431.0,56.827
9204,3,1204,5301.310749891655,1237.880933408011,,,,1430.0,56.816
9205,3,1205,5302.310749891655,1238.880933408011,,,,1429.0,56.803
9206,3,1206,5303.310749891655,1239.880933408011,,,,1429.0,56.793
9207,3,1207,5304.310749891655,1240.880933408011,,,,1427.0,56.78
9208,3,1208,5305.310749891655,1241.880933408011,,,,1427.0,56.769
9209,3,1209,5306.310749891655,1242.880933408011,,,,1426.0,56.754
9210,3,1210,5307.310749891655,1243.880933408011,,,,1425.0,56.741
9211,3,1211,5308.310749891655,1244.880933408011,,,,1424.0,56.727
9212,3,1212,5309.310749891655,1245.880933408011,,,,1423.0,56.716
9213,3,1213,5310.310749891655,1246.880933408011,,,,1423.0,56.703
9214,3,1214,5311.310749891655,1247.880933408011,,,,1422.0,56.692
9215,3,1215,5312.310749891655,1248.880933408011,,,,1420.0,56.679
9216,3,1216,5313.310749891655,1249.880933408011,,,,1419.0,56.666
9217,3,1217,5314.310749891655,1250.880933408011,,,,1418.0,56.653
9218,3,1218,5315.310749891655,1251.880933408011,,,,1418.0,56.641
9219,3,1219,5316.310749891655,1252.880933408011,,,,1417.0,56.63
9220,3,1220,5317.310749891655,1253.880933408011,,,,1417.0,56.618
9221,3,1221,5318.310749891655,1254.880933408011,,,,1417.0,56.609
9222,3,1222,5319.310749891655,1255.880933408011,,,,1416.0,56.599
9223,3,1223,5320.310749891655,1256.880933408011,,,,1414.0,56.587
9224,3,1224,5321.310749891655,1257.880933408011,,,,1413.0,56.573
9225,3,1225,5322.310749891655,1258.880933408011,,,,1412.0,56.56
9226,3,1226,5323.310749891655,1259.880933408011,,,,1412.0,56.549
9227,3,1227,5324.310749891655,1260.880933408011,,,,1413.0,56.537
9228,3,1228,5325.310749891655,1261.880933408011,,,,1413.0,56.526
9229,3,1229,5326.310749891655,1262.880933408011,,,,1411.0,56.513
9230,3,1230,5327.310749891655,1263.880933408011,,,,1409.0,56.501
9231,3,1231,5328.310749891655,1264.880933408011,,,,1407.0,56.486
9232,3,1232,5329.310749891655,1265.880933408011,,,,1405.0,56.47
9233,3,1233,5330.310749891655,1266.880933408011,,,,1407.0,56.455
9234,3,1234,5331.310749891655,1267.880933408011,,,,1409.0,56.442
9235,3,1235,5332.310749891655,1268.880933408011,,,,1413.0,56.434
9236,3,1236,5333.310749891655,1269.880933408011,,,,1416.0,56.425
9237,3,1237,5334.310749891655,1270.880933408011,,,,1417.0,56.417
9238,3,1238,5335.310749891655,1271.880933408011,,,,1415.0,56.404
9239,3,1239,5336.310749891655,1272.880933408011,,,,1412.0,56.39
9240,3,1240,5337.310749891655,1273.880933408011,,,,1409.0,56.374
9241,3,1241,5338.310749891655,1274.880933408011,,,,1408.0,56.358
9242,3,1242,5339.310749891655,1275.880933408011,,,,1408.0,56.343
9243,3,1243,5340.310749891655,1276.880933408011,,,,1408.0,56.33
9244,3,1244,5341.310749891655,1277.880933408011,,,,1408.0,56.318
9245,3,1245,5342.310749891655,1278.880933408011,,,,1409.0,56.306
9246,3,1246,5343.310749891655,1279.880933408011,,,,1408.0,56.292
9247,3,1247,5344.310749891655,1280.880933408011,,,,1408.0,56.28
9248,3,1248,5345.310749891655,1281.880933408011,,,,1407.0,56.266
9249,3,1249,5346.310749891655,1282.880933408011,,,,1407.0,56.253
9250,3,1250,5347.310749891655,1283.880933408011,,,,1407.0,56.24
9251,3,1251,5348.310749891655,1284.880933408011,,,,1409.0,56.227
9252,3,1252,5349.310749891655,1285.880933408011,,,,1409.0,56.214
9253,3,1253,5350.310749891655,1286.880933408011,,,,1409.0,56.201
9254,3,1254,5351.310749891655,1287.880933408011,,,,1410.0,56.188
9255,3,1255,5352.310749891655,1288.880933408011,,,,1410.0,56.176
9256,3,1256,5353.310749891655,1289.880933408011,,,,1409.0,56.162
9257,3,1257,5354.310749891655,1290.880933408011,,,,1409.0,56.149
9258,3,1258,5355.310749891655,1291.880933408011,,,,1408.0,56.133
9259,3,1259,5356.310749891655,1292.880933408011,,,,1408.0,56.118
9260,3,1260,5357.310749891655,1293.880933408011,,,,1409.0,56.103
9261,3,1261,5358.310749891655,1294.880933408011,,,,1411.0,56.09
9262,3,1262,5359.310749891655,1295.880933408011,,,,1413.0,56.077
9263,3,1263,5360.310749891655,1296.880933408011,,,,1415.0,56.067
9264,3,1264,5361.310749891655,1297.880933408011,,,,1417.0,56.056
9265,3,1265,5362.310749891655,1298.880933408011,,,,1418.0,56.044
9266,3,1266,5363.310749891655,1299.880933408011,,,,1418.0,56.032
9267,3,1267,5364.310749891655,1300.880933408011,,,,1418.0,56.017
9268,3,1268,5365.310749891655,1301.880933408011,,,,1417.0,56.004
9269,3,1269,5366.310749891655,1302.880933408011,,,,1418.0,55.99
9270,3,1270,5367.310749891655,1303.880933408011,,,,1418.0,55.977
9271,3,1271,5368.310749891655,1304.880933408011,,,,1419.0,55.964
9272,3,1272,5369.310749891655,1305.880933408011,,,,1419.0,55.951
9273,3,1273,5370.310749891655,1306.880933408011,,,,1419.0,55.936
9274,3,1274,5371.310749891655,1307.880933408011,,,,1421.0,55.922
9275,3,1275,5372.310749891655,1308.880933408011,,,,1423.0,55.91
9276,3,1276,5373.310749891655,1309.880933408011,,,,1426.0,55.9
9277,3,1277,5374.310749891655,1310.880933408011,,,,1428.0,55.89
9278,3,1278,5375.310749891655,1311.880933408011,,,,1429.0,55.879
9279,3,1279,5376.310749891655,1312.880933408011,,,,1430.0,55.868
9280,3,1280,5377.310749891655,1313.880933408011,,,,1429.0,55.858
9281,3,1281,5378.310749891655,1314.880933408011,,,,1429.0,55.847
9282,3,1282,5379.310749891655,1315.880933408011,,,,1430.0,55.839
9283,3,1283,5380.310749891655,1316.880933408011,,,,1431.0,55.83
9284,3,1284,5381.310749891655,1317.880933408011,,,,1431.0,55.821
9285,3,1285,5382.310749891655,1318.880933408011,,,,1430.0,55.813
9286,3,1286,5383.310749891655,1319.880933408011,,,,1429.0,55.803
9287,3,1287,5384.310749891655,1320.880933408011,,,,1427.0,55.793
9288,3,1288,5385.310749891655,1321.880933408011,,,,1428.0,55.783
9289,3,1289,5386.310749891655,1322.880933408011,,,,1428.0,55.772
9290,3,1290,5387.310749891655,1323.880933408011,,,,1428.0,55.762
9291,3,1291,5388.310749891655,1324.880933408011,,,,1429.0,55.753
9292,3,1292,5389.310749891655,1325.880933408011,,,,1429.0,55.742
9293,3,1293,5390.310749891655,1326.880933408011,,,,1430.0,55.733
9294,3,1294,5391.310749891655,1327.880933408011,,,,1428.0,55.722
9295,3,1295,5392.310749891655,1328.880933408011,,,,1427.0,55.71
9296,3,1296,5393.310749891655,1329.880933408011,,,,1424.0,55.698
9297,3,1297,5394.310749891655,1330.880933408011,,,,1421.0,55.683
9298,3,1298,5395.310749891655,1331.880933408011,,,,1421.0,55.67
9299,3,1299,5396.310749891655,1332.880933408011,,,,1421.0,55.657
9300,3,1300,5397.310749891655,1333.880933408011,,,,1421.0,55.646
9301,3,1301,5398.310749891655,1334.880933408011,,,,1421.0,55.636
9302,3,1302,5399.310749891655,1335.880933408011,,,,1420.0,55.626
9303,3,1303,5400.310749891655,1336.880933408011,,,,1417.0,55.617
9304,3,1304,5401.310749891655,1337.880933408011,,,,1415.0,55.605
9305,3,1305,5402.310749891655,1338.880933408011,,,,1410.0,55.593
9306,3,1306,5403.310749891655,1339.880933408011,,,,1407.0,55.579
9307,3,1307,5404.310749891655,1340.880933408011,,,,1404.0,55.566
9308,3,1308,5405.310749891655,1341.880933408011,,,,1404.0,55.554
9309,3,1309,5406.310749891655,1342.880933408011,,,,1402.0,55.543
9310,3,1310,5407.310749891655,1343.880933408011,,,,1400.0,55.531
9311,3,1311,5408.310749891655,1344.880933408011,,,,1397.0,55.519
9312,3,1312,5409.310749891655,1345.880933408011,,,,1394.0,55.505
9313,3,1313,5410.310749891655,1346.880933408011,,,,1391.0,55.492
9314,3,1314,5411.310749891655,1347.880933408011,,,,1389.0,55.477
9315,3,1315,5412.310749891655,1348.880933408011,,,,1389.0,55.466
9316,3,1316,5413.310749891655,1349.880933408011,,,,1388.0,55.453
9317,3,1317,5414.310749891655,1350.880933408011,,,,1388.0,55.443
9318,3,1318,5415.310749891655,1351.880933408011,,,,1387.0,55.431
9319,3,1319,5416.310749891655,1352.880933408011,,,,1384.0,55.422
9320,3,1320,5417.310749891655,1353.880933408011,,,,1381.0,55.411
9321,3,1321,5418.310749891655,1354.880933408011,,,,1378.0,55.4
9322,3,1322,5419.310749891655,1355.880933408011,,,,1375.0,55.388
9323,3,1323,5420.310749891655,1356.880933408011,,,,1374.0,55.378
9324,3,1324,5421.310749891655,1357.880933408011,,,,1374.0,55.367
9325,3,1325,5422.310749891655,1358.880933408011,,,,1374.0,55.358
9326,3,1326,5423.310749891655,1359.880933408011,,,,1375.0,55.348
9327,3,1327,5424.310749891655,1360.880933408011,,,,1374.0,55.339
9328,3,1328,5425.310749891655,1361.880933408011,,,,1372.0,55.329
9329,3,1329,5426.310749891655,1362.880933408011,,,,1371.0,55.317
9330,3,1330,5427.310749891655,1363.880933408011,,,,1371.0,55.306
9331,3,1331,5428.310749891655,1364.880933408011,,,,1372.0,55.295
9332,3,1332,5429.310749891655,1365.880933408011,,,,1372.0,55.286
9333,3,1333,5430.310749891655,1366.880933408011,,,,1372.0,55.275
9334,3,1334,5431.310749891655,1367.880933408011,,,,1372.0,55.265
9335,3,1335,5432.310749891655,1368.880933408011,,,,1371.0,55.253
9336,3,1336,5433.310749891655,1369.880933408011,,,,1369.0,55.242
9337,3,1337,5434.310749891655,1370.880933408011,,,,1368.0,55.231
9338,3,1338,5435.310749891655,1371.880933408011,,,,1366.0,55.217
9339,3,1339,5436.310749891655,1372.880933408011,,,,1366.0,55.205
9340,3,1340,5437.310749891655,1373.880933408011,,,,1366.0,55.192
9341,3,1341,5438.310749891655,1374.880933408011,,,,1365.0,55.178
9342,3,1342,5439.310749891655,1375.880933408011,,,,1363.0,55.165
9343,3,1343,5440.310749891655,1376.880933408011,,,,1361.0,55.151
9344,3,1344,5441.310749891655,1377.880933408011,,,,1359.0,55.137
9345,3,1345,5442.310749891655,1378.880933408011,,,,1356.0,55.123
9346,3,1346,5443.310749891655,1379.880933408011,,,,1355.0,55.112
9347,3,1347,5444.310749891655,1380.880933408011,,,,1355.0,55.099
9348,3,1348,5445.310749891655,1381.880933408011,,,,1353.0,55.088
9349,3,1349,5446.310749891655,1382.880933408011,,,,1352.0,55.076
9350,3,1350,5447.310749891655,1383.880933408011,,,,1350.0,55.065
9351,3,1351,5448.310749891655,1384.880933408011,,,,1347.0,55.052
9352,3,1352,5449.310749891655,1385.880933408011,,,,1343.0,55.038
9353,3,1353,5450.310749891655,1386.880933408011,,,,1342.0,55.025
9354,3,1354,5451.310749891655,1387.880933408011,,,,1340.0,55.012
9355,3,1355,5452.310749891655,1388.880933408011,,,,1339.0,54.997
9356,3,1356,5453.310749891655,1389.880933408011,,,,1338.0,54.986
9357,3,1357,5454.310749891655,1390.880933408011,,,,1337.0,54.975
9358,3,1358,5455.310749891655,1391.880933408011,,,,1336.0,54.964
9359,3,1359,5456.310749891655,1392.880933408011,,,,1333.0,54.952
9360,3,1360,5457.310749891655,1393.880933408011,,,,1331.0,54.938
9361,3,1361,5458.310749891655,1394.880933408011,,,,1329.0,54.925
9362,3,1362,5459.310749891655,1395.880933408011,,,,1327.0,54.911
9363,3,1363,5460.310749891655,1396.880933408011,,,,1324.0,54.896
9364,3,1364,5461.310749891655,1397.880933408011,,,,1323.0,54.884
9365,3,1365,5462.310749891655,1398.880933408011,,,,1322.0,54.873
9366,3,1366,5463.310749891655,1399.880933408011,,,,1321.0,54.865
9367,3,1367,5464.310749891655,1400.880933408011,,,,1319.0,54.857
9368,3,1368,5465.310749891655,1401.880933408011,,,,1318.0,54.849
9369,3,1369,5466.310749891655,1402.880933408011,,,,1315.0,54.839
9370,3,1370,5467.310749891655,1403.880933408011,,,,1312.0,54.829
9371,3,1371,5468.310749891655,1404.880933408011,,,,1311.0,54.818
9372,3,1372,5469.310749891655,1405.880933408011,,,,1310.0,54.808
9373,3,1373,5470.310749891655,1406.880933408011,,,,1311.0,54.798
9374,3,1374,5471.310749891655,1407.880933408011,,,,1310.0,54.788
9375,3,1375,5472.310749891655,1408.880933408011,,,,1309.0,54.777
9376,3,1376,5473.310749891655,1409.880933408011,,,,1308.0,54.768
9377,3,1377,5474.310749891655,1410.880933408011,,,,1309.0,54.757
9378,3,1378,5475.310749891655,1411.880933408011,,,,1310.0,54.747
9379,3,1379,5476.310749891655,1412.880933408011,,,,1313.0,54.738
9380,3,1380,5477.310749891655,1413.880933408011,,,,1315.0,54.728
9381,3,1381,5478.310749891655,1414.880933408011,,,,1317.0,54.719
9382,3,1382,5479.310749891655,1415.880933408011,,,,1318.0,54.71
9383,3,1383,5480.310749891655,1416.880933408011,,,,1319.0,54.7
9384,3,1384,5481.310749891655,1417.880933408011,,,,1319.0,54.688
9385,3,1385,5482.310749891655,1418.880933408011,,,,1321.0,54.676
9386,3,1386,5483.310749891655,1419.880933408011,,,,1321.0,54.664
9387,3,1387,5484.310749891655,1420.880933408011,,,,1322.0,54.653
9388,3,1388,5485.310749891655,1421.880933408011,,,,1324.0,54.642
9389,3,1389,5486.310749891655,1422.880933408011,,,,1325.0,54.636
9390,3,1390,5487.310749891655,1423.880933408011,,,,1328.0,54.63
9391,3,1391,5488.310749891655,1424.880933408011,,,,1331.0,54.629
9408,3,1408,5505.310749891655,1441.880933408011,,,,1359.0,54.622
9409,3,1409,5506.310749891655,1442.880933408011,,,,1361.0,54.614
9410,3,1410,5507.310749891655,1443.880933408011,,,,1363.0,54.608
9411,3,1411,5508.310749891655,1444.880933408011,,,,1366.0,54.604
9412,3,1412,5509.310749891655,1445.880933408011,,,,1369.0,54.603
9426,3,1426,5523.310749891655,1459.880933408011,,,,1384.0,54.595
9427,3,1427,5524.310749891655,1460.880933408011,,,,1385.0,54.584
9428,3,1428,5525.310749891655,1461.880933408011,,,,1386.0,54.573
9429,3,1429,5526.310749891655,1462.880933408011,,,,1387.0,54.566
9430,3,1430,5527.310749891655,1463.880933408011,,,,1389.0,54.56
9431,3,1431,5528.310749891655,1464.880933408011,,,,1390.0,54.557
9432,3,1432,5529.310749891655,1465.880933408011,,,,1391.0,54.556
9449,3,1449,5546.310749891655,1482.880933408011,,,,1402.0,54.553
9450,3,1450,5547.310749891655,1483.880933408011,,,,1403.0,54.54
9451,3,1451,5548.310749891655,1484.880933408011,,,,1404.0,54.529
9452,3,1452,5549.310749891655,1485.880933408011,,,,1404.0,54.516
9453,3,1453,5550.310749891655,1486.880933408011,,,,1405.0,54.505
9454,3,1454,5551.310749891655,1487.880933408011,,,,1405.0,54.495
9455,3,1455,5552.310749891655,1488.880933408011,,,,1407.0,54.486
9456,3,1456,5553.310749891655,1489.880933408011,,,,1407.0,54.478
9457,3,1457,5554.310749891655,1490.880933408011,,,,1406.0,54.468
9458,3,1458,5555.310749891655,1491.880933408011,,,,1407.0,54.458
9459,3,1459,5556.310749891655,1492.880933408011,,,,1405.0,54.447
9460,3,1460,5557.310749891655,1493.880933408011,,,,1406.0,54.436
9461,3,1461,5558.310749891655,1494.880933408011,,,,1404.0,54.426
9462,3,1462,5559.310749891655,1495.880933408011,,,,1404.0,54.417
9463,3,1463,5560.310749891655,1496.880933408011,,,,1403.0,54.409
9464,3,1464,5561.310749891655,1497.880933408011,,,,1402.0,54.4
9465,3,1465,5562.310749891655,1498.880933408011,,,,1401.0,54.392
9466,3,1466,5563.310749891655,1499.880933408011,,,,1400.0,54.384
9467,3,1467,5564.310749891655,1500.880933408011,,,,1400.0,54.377
9468,3,1468,5565.310749891655,1501.880933408011,,,,1399.0,54.369
9469,3,1469,5566.310749891655,1502.880933408011,,,,1400.0,54.361
9470,3,1470,5567.310749891655,1503.880933408011,,,,1401.0,54.355
9471,3,1471,5568.310749891655,1504.880933408011,,,,1402.0,54.35
9472,3,1472,5569.310749891655,1505.880933408011,,,,1404.0,54.345
9473,3,1473,5570.310749891655,1506.880933408011,,,,1405.0,54.341
9474,3,1474,5571.310749891655,1507.880933408011,,,,1405.0,54.338
9475,3,1475,5572.310749891655,1508.880933408011,,,,1404.0,54.332
9476,3,1476,5573.310749891655,1509.880933408011,,,,1403.0,54.324
9477,3,1477,5574.310749891655,1510.880933408011,,,,1403.0,54.314
9478,3,1478,5575.310749891655,1511.880933408011,,,,1403.0,54.304
9479,3,1479,5576.310749891655,1512.880933408011,,,,1404.0,54.297
9480,3,1480,5577.310749891655,1513.880933408011,,,,1405.0,54.289
9481,3,1481,5578.310749891655,1514.880933408011,,,,1407.0,54.284
9482,3,1482,5579.310749891655,1515.880933408011,,,,1407.0,54.276
9483,3,1483,5580.310749891655,1516.880933408011,,,,1408.0,54.268
9484,3,1484,5581.310749891655,1517.880933408011,,,,1409.0,54.26
9485,3,1485,5582.310749891655,1518.880933408011,,,,1408.0,54.251
9486,3,1486,5583.310749891655,1519.880933408011,,,,1407.0,54.244
9487,3,1487,5584.310749891655,1520.880933408011,,,,1407.0,54.235
9488,3,1488,5585.310749891655,1521.880933408011,,,,1406.0,54.229
9489,3,1489,5586.310749891655,1522.880933408011,,,,1405.0,54.22
9490,3,1490,5587.310749891655,1523.880933408011,,,,1405.0,54.213
9491,3,1491,5588.310749891655,1524.880933408011,,,,1404.0,54.204
9492,3,1492,5589.310749891655,1525.880933408011,,,,1404.0,54.195
9493,3,1493,5590.310749891655,1526.880933408011,,,,1403.0,54.184
9494,3,1494,5591.310749891655,1527.880933408011,,,,1404.0,54.174
9495,3,1495,5592.310749891655,1528.880933408011,,,,1403.0,54.164
9496,3,1496,5593.310749891655,1529.880933408011,,,,1404.0,54.153
9497,3,1497,5594.310749891655,1530.880933408011,,,,1404.0,54.143
9498,3,1498,5595.310749891655,1531.880933408011,,,,1403.0,54.131
9499,3,1499,5596.310749891655,1532.880933408011,,,,1403.0,54.121
9500,3,1500,5597.310749891655,1533.880933408011,,,,1400.0,54.109
9501,3,1501,5598.310749891655,1534.880933408011,,,,1398.0,54.094
9502,3,1502,5599.310749891655,1535.880933408011,,,,1395.0,54.08
9503,3,1503,5600.310749891655,1536.880933408011,,,,1394.0,54.063
9504,3,1504,5601.310749891655,1537.880933408011,,,,1394.0,54.049
9505,3,1505,5602.310749891655,1538.880933408011,,,,1396.0,54.035
9506,3,1506,5603.310749891655,1539.880933408011,,,,1399.0,54.025
9507,3,1507,5604.310749891655,1540.880933408011,,,,1401.0,54.016
9508,3,1508,5605.310749891655,1541.880933408011,,,,1402.0,54.005
9509,3,1509,5606.310749891655,1542.880933408011,,,,1403.0,53.994
9510,3,1510,5607.310749891655,1543.880933408011,,,,1402.0,53.981
9511,3,1511,5608.310749891655,1544.880933408011,,,,1402.0,53.969
9512,3,1512,5609.310749891655,1545.880933408011,,,,1402.0,53.956
9513,3,1513,5610.310749891655,1546.880933408011,,,,1402.0,53.945
9514,3,1514,5611.310749891655,1547.880933408011,,,,1401.0,53.934
9515,3,1515,5612.310749891655,1548.880933408011,,,,1401.0,53.922
9516,3,1516,5613.310749891655,1549.880933408011,,,,1400.0,53.909
9517,3,1517,5614.310749891655,1550.880933408011,,,,1399.0,53.897
9518,3,1518,5615.310749891655,1551.880933408011,,,,1398.0,53.885
9519,3,1519,5616.310749891655,1552.880933408011,,,,1398.0,53.874
9520,3,1520,5617.310749891655,1553.880933408011,,,,1398.0,53.862
9521,3,1521,5618.310749891655,1554.880933408011,,,,1398.0,53.851
9522,3,1522,5619.310749891655,1555.880933408011,,,,1398.0,53.841
9523,3,1523,5620.310749891655,1556.880933408011,,,,1398.0,53.831
9524,3,1524,5621.310749891655,1557.880933408011,,,,1398.0,53.822
9525,3,1525,5622.310749891655,1558.880933408011,,,,1398.0,53.813
9526,3,1526,5623.310749891655,1559.880933408011,,,,1398.0,53.806
9527,3,1527,5624.310749891655,1560.880933408011,,,,1397.0,53.799
9528,3,1528,5625.310749891655,1561.880933408011,,,,1395.0,53.79
9529,3,1529,5626.310749891655,1562.880933408011,,,,1392.0,53.78
9530,3,1530,5627.310749891655,1563.880933408011,,,,1390.0,53.771
9531,3,1531,5628.310749891655,1564.880933408011,,,,1387.0,53.761
9532,3,1532,5629.310749891655,1565.880933408011,,,,1386.0,53.752
9533,3,1533,5630.310749891655,1566.880933408011,,,,1385.0,53.741
9534,3,1534,5631.310749891655,1567.880933408011,,,,1383.0,53.731
9535,3,1535,5632.310749891655,1568.880933408011,,,,1381.0,53.721
9536,3,1536,5633.310749891655,1569.880933408011,,,,1380.0,53.711
9537,3,1537,5634.310749891655,1570.880933408011,,,,1378.0,53.701
9538,3,1538,5635.310749891655,1571.880933408011,,,,1376.0,53.692
9539,3,1539,5636.310749891655,1572.880933408011,,,,1375.0,53.681
9540,3,1540,5637.310749891655,1573.880933408011,,,,1375.0,53.67
9541,3,1541,5638.310749891655,1574.880933408011,,,,1374.0,53.66
9542,3,1542,5639.310749891655,1575.880933408011,,,,1373.0,53.65
9543,3,1543,5640.310749891655,1576.880933408011,,,,1372.0,53.641
9544,3,1544,5641.310749891655,1577.880933408011,,,,1370.0,53.631
9545,3,1545,5642.310749891655,1578.880933408011,,,,1368.0,53.619
9546,3,1546,5643.310749891655,1579.880933408011,,,,1367.0,53.607
9547,3,1547,5644.310749891655,1580.880933408011,,,,1365.0,53.596
9548,3,1548,5645.310749891655,1581.880933408011,,,,1363.0,53.584
9549,3,1549,5646.310749891655,1582.880933408011,,,,1361.0,53.572
9550,3,1550,5647.310749891655,1583.880933408011,,,,1359.0,53.559
9551,3,1551,5648.310749891655,1584.880933408011,,,,1356.0,53.547
9552,3,1552,5649.310749891655,1585.880933408011,,,,1353.0,53.535
9553,3,1553,5650.310749891655,1586.880933408011,,,,1351.0,53.522
9554,3,1554,5651.310749891655,1587.880933408011,,,,1348.0,53.509
9555,3,1555,5652.310749891655,1588.880933408011,,,,1346.0,53.496
9556,3,1556,5653.310749891655,1589.880933408011,,,,1346.0,53.483
9557,3,1557,5654.310749891655,1590.880933408011,,,,1346.0,53.474
9558,3,1558,5655.310749891655,1591.880933408011,,,,1344.0,53.465
9559,3,1559,5656.310749891655,1592.880933408011,,,,1343.0,53.455
9560,3,1560,5657.310749891655,1593.880933408011,,,,1341.0,53.444
9561,3,1561,5658.310749891655,1594.880933408011,,,,1337.0,53.432
9562,3,1562,5659.310749891655,1595.880933408011,,,,1334.0,53.419
9563,3,1563,5660.310749891655,1596.880933408011,,,,1332.0,53.406
9564,3,1564,5661.310749891655,1597.880933408011,,,,1330.0,53.393
9565,3,1565,5662.310749891655,1598.880933408011,,,,1329.0,53.381
9566,3,1566,5663.310749891655,1599.880933408011,,,,1327.0,53.369
9567,3,1567,5664.310749891655,1600.880933408011,,,,1324.0,53.357
9568,3,1568,5665.310749891655,1601.880933408011,,,,1322.0,53.345
9569,3,1569,5666.310749891655,1602.880933408011,,,,1319.0,53.333
9570,3,1570,5667.310749891655,1603.880933408011,,,,1316.0,53.32
9571,3,1571,5668.310749891655,1604.880933408011,,,,1314.0,53.307
9572,3,1572,5669.310749891655,1605.880933408011,,,,1311.0,53.293
9573,3,1573,5670.310749891655,1606.880933408011,,,,1308.0,53.279
9574,3,1574,5671.310749891655,1607.880933408011,,,,1307.0,53.265
9575,3,1575,5672.310749891655,1608.880933408011,,,,1305.0,53.25
9576,3,1576,5673.310749891655,1609.880933408011,,,,1304.0,53.237
9577,3,1577,5674.310749891655,1610.880933408011,,,,1303.0,53.225
9578,3,1578,5675.310749891655,1611.880933408011,,,,1301.0,53.213
9579,3,1579,5676.310749891655,1612.880933408011,,,,1299.0,53.201
9580,3,1580,5677.310749891655,1613.880933408011,,,,1297.0,53.187
9581,3,1581,5678.310749891655,1614.880933408011,,,,1294.0,53.173
9582,3,1582,5679.310749891655,1615.880933408011,,,,1291.0,53.158
9583,3,1583,5680.310749891655,1616.880933408011,,,,1289.0,53.143
9584,3,1584,5681.310749891655,1617.880933408011,,,,1288.0,53.13
9585,3,1585,5682.310749891655,1618.880933408011,,,,1287.0,53.117
9586,3,1586,5683.310749891655,1619.880933408011,,,,1286.0,53.105
9587,3,1587,5684.310749891655,1620.880933408011,,,,1283.0,53.092
9588,3,1588,5685.310749891655,1621.880933408011,,,,1281.0,53.077
9589,3,1589,5686.310749891655,1622.880933408011,,,,1278.0,53.063
9590,3,1590,5687.310749891655,1623.880933408011,,,,1275.0,53.047
9591,3,1591,5688.310749891655,1624.880933408011,,,,1273.0,53.032
9592,3,1592,5689.310749891655,1625.880933408011,,,,1271.0,53.016
9593,3,1593,5690.310749891655,1626.880933408011,,,,1270.0,53.003
9594,3,1594,5691.310749891655,1627.880933408011,,,,1269.0,52.988
9595,3,1595,5692.310749891655,1628.880933408011,,,,1268.0,52.973
9596,3,1596,5693.310749891655,1629.880933408011,,,,1267.0,52.957
9597,3,1597,5694.310749891655,1630.880933408011,,,,1267.0,52.942
9598,3,1598,5695.310749891655,1631.880933408011,,,,1267.0,52.927
9599,3,1599,5696.310749891655,1632.880933408011,,,,1267.0,52.914
9600,3,1600,5697.310749891655,1633.880933408011,,,,1268.0,52.901
9601,3,1601,5698.310749891655,1634.880933408011,,,,1267.0,52.887
9602,3,1602,5699.310749891655,1635.880933408011,,,,1268.0,52.875
9603,3,1603,5700.310749891655,1636.880933408011,,,,1267.0,52.863
9604,3,1604,5701.310749891655,1637.880933408011,,,,1266.0,52.851
9605,3,1605,5702.310749891655,1638.880933408011,,,,1266.0,52.839
9606,3,1606,5703.310749891655,1639.880933408011,,,,1264.0,52.827
9607,3,1607,5704.310749891655,1640.880933408011,,,,1262.0,52.813
9608,3,1608,5705.310749891655,1641.880933408011,,,,1260.0,52.801
9609,3,1609,5706.310749891655,1642.880933408011,,,,1258.0,52.787
9610,3,1610,5707.310749891655,1643.880933408011,,,,1257.0,52.775
9611,3,1611,5708.310749891655,1644.880933408011,,,,1255.0,52.762
9612,3,1612,5709.310749891655,1645.880933408011,,,,1254.0,52.751
9613,3,1613,5710.310749891655,1646.880933408011,,,,1253.0,52.74
9614,3,1614,5711.310749891655,1647.880933408011,,,,1251.0,52.727
9615,3,1615,5712.310749891655,1648.880933408011,,,,1250.0,52.714
9616,3,1616,5713.310749891655,1649.880933408011,,,,1247.0,52.7
9617,3,1617,5714.310749891655,1650.880933408011,,,,1246.0,52.687
9618,3,1618,5715.310749891655,1651.880933408011,,,,1244.0,52.674
9619,3,1619,5716.310749891655,1652.880933408011,,,,1243.0,52.661
9620,3,1620,5717.310749891655,1653.880933408011,,,,1241.0,52.648
9621,3,1621,5718.310749891655,1654.880933408011,,,,1240.0,52.635
9622,3,1622,5719.310749891655,1655.880933408011,,,,1237.0,52.621
9623,3,1623,5720.310749891655,1656.880933408011,,,,1236.0,52.608
9624,3,1624,5721.310749891655,1657.880933408011,,,,1235.0,52.596
9625,3,1625,5722.310749891655,1658.880933408011,,,,1233.0,52.583
9626,3,1626,5723.310749891655,1659.880933408011,,,,1231.0,52.57
9627,3,1627,5724.310749891655,1660.880933408011,,,,1229.0,52.556
9628,3,1628,5725.310749891655,1661.880933408011,,,,1226.0,52.542
9629,3,1629,5726.310749891655,1662.880933408011,,,,1224.0,52.527
9630,3,1630,5727.310749891655,1663.880933408011,,,,1222.0,52.512
9631,3,1631,5728.310749891655,1664.880933408011,,,,1221.0,52.498
9632,3,1632,5729.310749891655,1665.880933408011,,,,1221.0,52.484
9633,3,1633,5730.310749891655,1666.880933408011,,,,1220.0,52.472
9634,3,1634,5731.310749891655,1667.880933408011,,,,1219.0,52.459
9635,3,1635,5732.310749891655,1668.880933408011,,,,1216.0,52.446
9636,3,1636,5733.310749891655,1669.880933408011,,,,1215.0,52.432
9637,3,1637,5734.310749891655,1670.880933408011,,,,1213.0,52.417
9638,3,1638,5735.310749891655,1671.880933408011,,,,1210.0,52.403
9639,3,1639,5736.310749891655,1672.880933408011,,,,1209.0,52.388
9640,3,1640,5737.310749891655,1673.880933408011,,,,1207.0,52.376
9641,3,1641,5738.310749891655,1674.880933408011,,,,1206.0,52.361
9642,3,1642,5739.310749891655,1675.880933408011,,,,1204.0,52.349
9643,3,1643,5740.310749891655,1676.880933408011,,,,1201.0,52.334
9644,3,1644,5741.310749891655,1677.880933408011,,,,1199.0,52.319
9645,3,1645,5742.310749891655,1678.880933408011,,,,1197.0,52.304
9646,3,1646,5743.310749891655,1679.880933408011,,,,1195.0,52.289
9647,3,1647,5744.310749891655,1680.880933408011,,,,1195.0,52.276
9648,3,1648,5745.310749891655,1681.880933408011,,,,1193.0,52.265
9649,3,1649,5746.310749891655,1682.880933408011,,,,1193.0,52.254
9650,3,1650,5747.310749891655,1683.880933408011,,,,1191.0,52.242
9651,3,1651,5748.310749891655,1684.880933408011,,,,1188.0,52.229
9652,3,1652,5749.310749891655,1685.880933408011,,,,1186.0,52.216
9653,3,1653,5750.310749891655,1686.880933408011,,,,1184.0,52.202
9654,3,1654,5751.310749891655,1687.880933408011,,,,1183.0,52.19
9655,3,1655,5752.310749891655,1688.880933408011,,,,1181.0,52.178
9656,3,1656,5753.310749891655,1689.880933408011,,,,1180.0,52.165
9657,3,1657,5754.310749891655,1690.880933408011,,,,1178.0,52.153
9658,3,1658,5755.310749891655,1691.880933408011,,,,1176.0,52.14
9659,3,1659,5756.310749891655,1692.880933408011,,,,1172.0,52.127
9660,3,1660,5757.310749891655,1693.880933408011,,,,1170.0,52.114
9661,3,1661,5758.310749891655,1694.880933408011,,,,1167.0,52.098
9662,3,1662,5759.310749891655,1695.880933408011,,,,1165.0,52.084
9663,3,1663,5760.310749891655,1696.880933408011,,,,1163.0,52.072
9664,3,1664,5761.310749891655,1697.880933408011,,,,1163.0,52.059
9665,3,1665,5762.310749891655,1698.880933408011,,,,1161.0,52.047
9666,3,1666,5763.310749891655,1699.880933408011,,,,1159.0,52.037
9667,3,1667,5764.310749891655,1700.880933408011,,,,1157.0,52.023
9668,3,1668,5765.310749891655,1701.880933408011,,,,1154.0,52.011
9669,3,1669,5766.310749891655,1702.880933408011,,,,1151.0,51.998
9670,3,1670,5767.310749891655,1703.880933408011,,,,1150.0,51.986
9671,3,1671,5768.310749891655,1704.880933408011,,,,1148.0,51.975
9672,3,1672,5769.310749891655,1705.880933408011,,,,1147.0,51.966
9673,3,1673,5770.310749891655,1706.880933408011,,,,1145.0,51.956
9674,3,1674,5771.310749891655,1707.880933408011,,,,1143.0,51.946
9675,3,1675,5772.310749891655,1708.880933408011,,,,1141.0,51.937
9676,3,1676,5773.310749891655,1709.880933408011,,,,1139.0,51.928
9677,3,1677,5774.310749891655,1710.880933408011,,,,1138.0,51.921
9678,3,1678,5775.310749891655,1711.880933408011,,,,1136.0,51.913
9679,3,1679,5776.310749891655,1712.880933408011,,,,1135.0,51.907
9680,3,1680,5777.310749891655,1713.880933408011,,,,1133.0,51.901
9681,3,1681,5778.310749891655,1714.880933408011,,,,1132.0,51.894
9682,3,1682,5779.310749891655,1715.880933408011,,,,1130.0,51.884
9683,3,1683,5780.310749891655,1716.880933408011,,,,1128.0,51.873
9684,3,1684,5781.310749891655,1717.880933408011,,,,1126.0,51.863
9685,3,1685,5782.310749891655,1718.880933408011,,,,1125.0,51.852
9686,3,1686,5783.310749891655,1719.880933408011,,,,1123.0,51.842
9687,3,1687,5784.310749891655,1720.880933408011,,,,1123.0,51.832
9688,3,1688,5785.310749891655,1721.880933408011,,,,1121.0,51.824
9689,3,1689,5786.310749891655,1722.880933408011,,,,1120.0,51.814
9690,3,1690,5787.310749891655,1723.880933408011,,,,1118.0,51.805
9691,3,1691,5788.310749891655,1724.880933408011,,,,1115.0,51.794
9692,3,1692,5789.310749891655,1725.880933408011,,,,1113.0,51.783
9693,3,1693,5790.310749891655,1726.880933408011,,,,1113.0,51.773
9694,3,1694,5791.310749891655,1727.880933408011,,,,1112.0,51.764
9695,3,1695,5792.310749891655,1728.880933408011,,,,1113.0,51.756
9696,3,1696,5793.310749891655,1729.880933408011,,,,1113.0,51.749
9697,3,1697,5794.310749891655,1730.880933408011,,,,1113.0,51.741
9698,3,1698,5795.310749891655,1731.880933408011,,,,1112.0,51.733
9699,3,1699,5796.310749891655,1732.880933408011,,,,1112.0,51.726
9700,3,1700,5797.310749891655,1733.880933408011,,,,1113.0,51.718
9701,3,1701,5798.310749891655,1734.880933408011,,,,1114.0,51.711
9702,3,1702,5799.310749891655,1735.880933408011,,,,1115.0,51.706
9703,3,1703,5800.310749891655,1736.880933408011,,,,1116.0,51.701
9704,3,1704,5801.310749891655,1737.880933408011,,,,1116.0,51.696
9705,3,1705,5802.310749891655,1738.880933408011,,,,1115.0,51.689
9706,3,1706,5803.310749891655,1739.880933408011,,,,1114.0,51.681
9707,3,1707,5804.310749891655,1740.880933408011,,,,1113.0,51.674
9708,3,1708,5805.310749891655,1741.880933408011,,,,1113.0,51.667
9709,3,1709,5806.310749891655,1742.880933408011,,,,1115.0,51.66
9710,3,1710,5807.310749891655,1743.880933408011,,,,1116.0,51.653
9711,3,1711,5808.310749891655,1744.880933408011,,,,1117.0,51.648
9712,3,1712,5809.310749891655,1745.880933408011,,,,1118.0,51.641
9713,3,1713,5810.310749891655,1746.880933408011,,,,1118.0,51.635
9714,3,1714,5811.310749891655,1747.880933408011,,,,1117.0,51.629
9715,3,1715,5812.310749891655,1748.880933408011,,,,1117.0,51.623
9716,3,1716,5813.310749891655,1749.880933408011,,,,1116.0,51.62
9717,3,1717,5814.310749891655,1750.880933408011,,,,1116.0,51.614
9718,3,1718,5815.310749891655,1751.880933408011,,,,1114.0,51.607
9719,3,1719,5816.310749891655,1752.880933408011,,,,1113.0,51.602
9720,3,1720,5817.310749891655,1753.880933408011,,,,1112.0,51.596
9721,3,1721,5818.310749891655,1754.880933408011,,,,1112.0,51.592
9722,3,1722,5819.310749891655,1755.880933408011,,,,1112.0,51.588
9723,3,1723,5820.310749891655,1756.880933408011,,,,1112.0,51.584
9724,3,1724,5821.310749891655,1757.880933408011,,,,1112.0,51.581
9725,3,1725,5822.310749891655,1758.880933408011,,,,1111.0,51.576
9726,3,1726,5823.310749891655,1759.880933408011,,,,1109.0,51.571
9727,3,1727,5824.310749891655,1760.880933408011,,,,1108.0,51.567
9728,3,1728,5825.310749891655,1761.880933408011,,,,1107.0,51.562
9729,3,1729,5826.310749891655,1762.880933408011,,,,1104.0,51.557
9730,3,1730,5827.310749891655,1763.880933408011,,,,1104.0,51.552
9731,3,1731,5828.310749891655,1764.880933408011,,,,1103.0,51.545
9732,3,1732,5829.310749891655,1765.880933408011,,,,1102.0,51.541
9733,3,1733,5830.310749891655,1766.880933408011,,,,1100.0,51.536
9734,3,1734,5831.310749891655,1767.880933408011,,,,1099.0,51.53
9735,3,1735,5832.310749891655,1768.880933408011,,,,1097.0,51.527
9736,3,1736,5833.310749891655,1769.880933408011,,,,1096.0,51.523
9737,3,1737,5834.310749891655,1770.880933408011,,,,1094.0,51.519
9738,3,1738,5835.310749891655,1771.880933408011,,,,1092.0,51.517
9739,3,1739,5836.310749891655,1772.880933408011,,,,1090.0,51.512
9740,3,1740,5837.310749891655,1773.880933408011,,,,1089.0,51.51
9741,3,1741,5838.310749891655,1774.880933408011,,,,1086.0,51.508
9742,3,1742,5839.310749891655,1775.880933408011,,,,1084.0,51.506
9743,3,1743,5840.310749891655,1776.880933408011,,,,1082.0,51.501
9744,3,1744,5841.310749891655,1777.880933408011,,,,1081.0,51.499
9745,3,1745,5842.310749891655,1778.880933408011,,,,1079.0,51.498
9746,3,1746,5843.310749891655,1779.880933408011,,,,1076.0,51.497
9747,3,1747,5844.310749891655,1780.880933408011,,,,1075.0,51.495
9748,3,1748,5845.310749891655,1781.880933408011,,,,1073.0,51.493
9749,3,1749,5846.310749891655,1782.880933408011,,,,1072.0,51.489
9750,3,1750,5847.310749891655,1783.880933408011,,,,1071.0,51.486
9751,3,1751,5848.310749891655,1784.880933408011,,,,1070.0,51.483
9752,3,1752,5849.310749891655,1785.880933408011,,,,1068.0,51.478
9753,3,1753,5850.310749891655,1786.880933408011,,,,1066.0,51.473
9754,3,1754,5851.310749891655,1787.880933408011,,,,1066.0,51.466
9755,3,1755,5852.310749891655,1788.880933408011,,,,1064.0,51.46
9756,3,1756,5853.310749891655,1789.880933408011,,,,1062.0,51.453
9757,3,1757,5854.310749891655,1790.880933408011,,,,1061.0,51.445
9758,3,1758,5855.310749891655,1791.880933408011,,,,1059.0,51.437
9759,3,1759,5856.310749891655,1792.880933408011,,,,1058.0,51.428
9760,3,1760,5857.310749891655,1793.880933408011,,,,1057.0,51.42
9761,3,1761,5858.310749891655,1794.880933408011,,,,1056.0,51.409
9762,3,1762,5859.310749891655,1795.880933408011,,,,1053.0,51.399
9763,3,1763,5860.310749891655,1796.880933408011,,,,1050.0,51.388
9764,3,1764,5861.310749891655,1797.880933408011,,,,1048.0,51.379
9765,3,1765,5862.310749891655,1798.880933408011,,,,1045.0,51.369
9766,3,1766,5863.310749891655,1799.880933408011,,,,1043.0,51.358
9767,3,1767,5864.310749891655,1800.880933408011,,,,1041.0,51.349
9768,3,1768,5865.310749891655,1801.880933408011,,,,1039.0,51.337
9769,3,1769,5866.310749891655,1802.880933408011,,,,1036.0,51.328
9770,3,1770,5867.310749891655,1803.880933408011,,,,1033.0,51.317
9771,3,1771,5868.310749891655,1804.880933408011,,,,1030.0,51.306
9772,3,1772,5869.310749891655,1805.880933408011,,,,1029.0,51.295
9773,3,1773,5870.310749891655,1806.880933408011,,,,1027.0,51.285
9774,3,1774,5871.310749891655,1807.880933408011,,,,1025.0,51.275
9775,3,1775,5872.310749891655,1808.880933408011,,,,1023.0,51.264
9776,3,1776,5873.310749891655,1809.880933408011,,,,1022.0,51.256
9777,3,1777,5874.310749891655,1810.880933408011,,,,1019.0,51.243
9778,3,1778,5875.310749891655,1811.880933408011,,,,1017.0,51.232
9779,3,1779,5876.310749891655,1812.880933408011,,,,1015.0,51.221
9780,3,1780,5877.310749891655,1813.880933408011,,,,1014.0,51.209
9781,3,1781,5878.310749891655,1814.880933408011,,,,1011.0,51.198
9782,3,1782,5879.310749891655,1815.880933408011,,,,1011.0,51.187
9783,3,1783,5880.310749891655,1816.880933408011,,,,1010.0,51.177
9784,3,1784,5881.310749891655,1817.880933408011,,,,1009.0,51.167
9785,3,1785,5882.310749891655,1818.880933408011,,,,1008.0,51.157
9786,3,1786,5883.310749891655,1819.880933408011,,,,1005.0,51.145
9787,3,1787,5884.310749891655,1820.880933408011,,,,1003.0,51.135
9788,3,1788,5885.310749891655,1821.880933408011,,,,1000.0,51.123
9789,3,1789,5886.310749891655,1822.880933408011,,,,997.0,51.109
9790,3,1790,5887.310749891655,1823.880933408011,,,,995.0,51.097
9791,3,1791,5888.310749891655,1824.880933408011,,,,994.0,51.084
9792,3,1792,5889.310749891655,1825.880933408011,,,,992.0,51.073
9793,3,1793,5890.310749891655,1826.880933408011,,,,992.0,51.063
9794,3,1794,5891.310749891655,1827.880933408011,,,,990.0,51.051
9795,3,1795,5892.310749891655,1828.880933408011,,,,987.0,51.043
9796,3,1796,5893.310749891655,1829.880933408011,,,,984.0,51.032
9797,3,1797,5894.310749891655,1830.880933408011,,,,982.0,51.023
9798,3,1798,5895.310749891655,1831.880933408011,,,,980.0,51.014
9799,3,1799,5896.310749891655,1832.880933408011,,,,979.0,51.004
9800,3,1800,5897.310749891655,1833.880933408011,,,,979.0,50.996
9801,3,1801,5898.310749891655,1834.880933408011,,,,979.0,50.988
9802,3,1802,5899.310749891655,1835.880933408011,,,,978.0,50.978
9803,3,1803,5900.310749891655,1836.880933408011,,,,977.0,50.97
9804,3,1804,5901.310749891655,1837.880933408011,,,,975.0,50.96
9805,3,1805,5902.310749891655,1838.880933408011,,,,973.0,50.953
9806,3,1806,5903.310749891655,1839.880933408011,,,,973.0,50.943
9807,3,1807,5904.310749891655,1840.880933408011,,,,971.0,50.934
9808,3,1808,5905.310749891655,1841.880933408011,,,,970.0,50.926
9809,3,1809,5906.310749891655,1842.880933408011,,,,969.0,50.918
9810,3,1810,5907.310749891655,1843.880933408011,,,,967.0,50.91
9811,3,1811,5908.310749891655,1844.880933408011,,,,964.0,50.904
9812,3,1812,5909.310749891655,1845.880933408011,,,,961.0,50.895
9813,3,1813,5910.310749891655,1846.880933408011,,,,958.0,50.885
9814,3,1814,5911.310749891655,1847.880933408011,,,,955.0,50.875
9815,3,1815,5912.310749891655,1848.880933408011,,,,954.0,50.863
9816,3,1816,5913.310749891655,1849.880933408011,,,,954.0,50.853
9817,3,1817,5914.310749891655,1850.880933408011,,,,955.0,50.843
9818,3,1818,5915.310749891655,1851.880933408011,,,,957.0,50.836
9819,3,1819,5916.310749891655,1852.880933408011,,,,958.0,50.829
9820,3,1820,5917.310749891655,1853.880933408011,,,,958.0,50.824
9821,3,1821,5918.310749891655,1854.880933408011,,,,958.0,50.818
9822,3,1822,5919.310749891655,1855.880933408011,,,,957.0,50.812
9823,3,1823,5920.310749891655,1856.880933408011,,,,956.0,50.806
9824,3,1824,5921.310749891655,1857.880933408011,,,,956.0,50.8
9825,3,1825,5922.310749891655,1858.880933408011,,,,955.0,50.792
9826,3,1826,5923.310749891655,1859.880933408011,,,,955.0,50.786
9827,3,1827,5924.310749891655,1860.880933408011,,,,954.0,50.781
9828,3,1828,5925.310749891655,1861.880933408011,,,,955.0,50.773
9829,3,1829,5926.310749891655,1862.880933408011,,,,956.0,50.766
9830,3,1830,5927.310749891655,1863.880933408011,,,,955.0,50.758
9831,3,1831,5928.310749891655,1864.880933408011,,,,956.0,50.752
9832,3,1832,5929.310749891655,1865.880933408011,,,,956.0,50.746
9833,3,1833,5930.310749891655,1866.880933408011,,,,955.0,50.739
9834,3,1834,5931.310749891655,1867.880933408011,,,,954.0,50.733
9835,3,1835,5932.310749891655,1868.880933408011,,,,953.0,50.724
9836,3,1836,5933.310749891655,1869.880933408011,,,,954.0,50.716
9837,3,1837,5934.310749891655,1870.880933408011,,,,953.0,50.71
9838,3,1838,5935.310749891655,1871.880933408011,,,,952.0,50.703
9839,3,1839,5936.310749891655,1872.880933408011,,,,953.0,50.696
9840,3,1840,5937.310749891655,1873.880933408011,,,,952.0,50.69
9841,3,1841,5938.310749891655,1874.880933408011,,,,952.0,50.682
9842,3,1842,5939.310749891655,1875.880933408011,,,,952.0,50.674
9843,3,1843,5940.310749891655,1876.880933408011,,,,952.0,50.667
9844,3,1844,5941.310749891655,1877.880933408011,,,,953.0,50.659
9845,3,1845,5942.310749891655,1878.880933408011,,,,952.0,50.654
9846,3,1846,5943.310749891655,1879.880933408011,,,,953.0,50.648
9847,3,1847,5944.310749891655,1880.880933408011,,,,953.0,50.642
9848,3,1848,5945.310749891655,1881.880933408011,,,,952.0,50.634
9849,3,1849,5946.310749891655,1882.880933408011,,,,952.0,50.628
9850,3,1850,5947.310749891655,1883.880933408011,,,,953.0,50.622
9851,3,1851,5948.310749891655,1884.880933408011,,,,954.0,50.616
9852,3,1852,5949.310749891655,1885.880933408011,,,,955.0,50.611
9853,3,1853,5950.310749891655,1886.880933408011,,,,956.0,50.604
9854,3,1854,5951.310749891655,1887.880933408011,,,,956.0,50.597
9855,3,1855,5952.310749891655,1888.880933408011,,,,957.0,50.589
9856,3,1856,5953.310749891655,1889.880933408011,,,,957.0,50.582
9857,3,1857,5954.310749891655,1890.880933408011,,,,959.0,50.574
9858,3,1858,5955.310749891655,1891.880933408011,,,,960.0,50.566
9859,3,1859,5956.310749891655,1892.880933408011,,,,961.0,50.56
9860,3,1860,5957.310749891655,1893.880933408011,,,,963.0,50.552
9861,3,1861,5958.310749891655,1894.880933408011,,,,963.0,50.546
9862,3,1862,5959.310749891655,1895.880933408011,,,,963.0,50.54
9863,3,1863,5960.310749891655,1896.880933408011,,,,963.0,50.533
9864,3,1864,5961.310749891655,1897.880933408011,,,,962.0,50.527
9865,3,1865,5962.310749891655,1898.880933408011,,,,960.0,50.52
9866,3,1866,5963.310749891655,1899.880933408011,,,,959.0,50.514
9867,3,1867,5964.310749891655,1900.880933408011,,,,957.0,50.507
9868,3,1868,5965.310749891655,1901.880933408011,,,,956.0,50.5
9869,3,1869,5966.310749891655,1902.880933408011,,,,954.0,50.492
9870,3,1870,5967.310749891655,1903.880933408011,,,,953.0,50.484
9871,3,1871,5968.310749891655,1904.880933408011,,,,951.0,50.476
9872,3,1872,5969.310749891655,1905.880933408011,,,,950.0,50.468
9873,3,1873,5970.310749891655,1906.880933408011,,,,948.0,50.46
9874,3,1874,5971.310749891655,1907.880933408011,,,,947.0,50.453
9875,3,1875,5972.310749891655,1908.880933408011,,,,947.0,50.444
9876,3,1876,5973.310749891655,1909.880933408011,,,,946.0,50.436
9877,3,1877,5974.310749891655,1910.880933408011,,,,945.0,50.428
9878,3,1878,5975.310749891655,1911.880933408011,,,,943.0,50.421
9879,3,1879,5976.310749891655,1912.880933408011,,,,942.0,50.414
9880,3,1880,5977.310749891655,1913.880933408011,,,,941.0,50.406
9881,3,1881,5978.310749891655,1914.880933408011,,,,938.0,50.4
9882,3,1882,5979.310749891655,1915.880933408011,,,,936.0,50.393
9883,3,1883,5980.310749891655,1916.880933408011,,,,932.0,50.384
9884,3,1884,5981.310749891655,1917.880933408011,,,,929.0,50.375
9885,3,1885,5982.310749891655,1918.880933408011,,,,926.0,50.362
9886,3,1886,5983.310749891655,1919.880933408011,,,,924.0,50.35
9887,3,1887,5984.310749891655,1920.880933408011,,,,924.0,50.342
9888,3,1888,5985.310749891655,1921.880933408011,,,,924.0,50.332
9889,3,1889,5986.310749891655,1922.880933408011,,,,922.0,50.324
9890,3,1890,5987.310749891655,1923.880933408011,,,,921.0,50.316
9891,3,1891,5988.310749891655,1924.880933408011,,,,917.0,50.307
9892,3,1892,5989.310749891655,1925.880933408011,,,,914.0,50.296
9893,3,1893,5990.310749891655,1926.880933408011,,,,912.0,50.285
9894,3,1894,5991.310749891655,1927.880933408011,,,,909.0,50.274
9895,3,1895,5992.310749891655,1928.880933408011,,,,910.0,50.264
9896,3,1896,5993.310749891655,1929.880933408011,,,,910.0,50.255
9897,3,1897,5994.310749891655,1930.880933408011,,,,911.0,50.249
9898,3,1898,5995.310749891655,1931.880933408011,,,,912.0,50.243
9899,3,1899,5996.310749891655,1932.880933408011,,,,911.0,50.239
9900,3,1900,5997.310749891655,1933.880933408011,,,,910.0,50.233
9901,3,1901,5998.310749891655,1934.880933408011,,,,907.0,50.224
9902,3,1902,5999.310749891655,1935.880933408011,,,,905.0,50.213
9903,3,1903,6000.310749891655,1936.880933408011,,,,904.0,50.204
9904,3,1904,6001.310749891655,1937.880933408011,,,,904.0,50.195
9905,3,1905,6002.310749891655,1938.880933408011,,,,904.0,50.189
9906,3,1906,6003.310749891655,1939.880933408011,,,,905.0,50.182
9907,3,1907,6004.310749891655,1940.880933408011,,,,904.0,50.177
9908,3,1908,6005.310749891655,1941.880933408011,,,,903.0,50.17
9909,3,1909,6006.310749891655,1942.880933408011,,,,902.0,50.162
9910,3,1910,6007.310749891655,1943.880933408011,,,,900.0,50.152
9911,3,1911,6008.310749891655,1944.880933408011,,,,899.0,50.142
9912,3,1912,6009.310749891655,1945.880933408011,,,,899.0,50.131
9913,3,1913,6010.310749891655,1946.880933408011,,,,899.0,50.123
9914,3,1914,6011.310749891655,1947.880933408011,,,,900.0,50.115
9915,3,1915,6012.310749891655,1948.880933408011,,,,899.0,50.107
9916,3,1916,6013.310749891655,1949.880933408011,,,,898.0,50.098
9917,3,1917,6014.310749891655,1950.880933408011,,,,897.0,50.09
9918,3,1918,6015.310749891655,1951.880933408011,,,,895.0,50.08
9919,3,1919,6016.310749891655,1952.880933408011,,,,894.0,50.068
9920,3,1920,6017.310749891655,1953.880933408011,,,,894.0,50.058
9921,3,1921,6018.310749891655,1954.880933408011,,,,895.0,50.048
9922,3,1922,6019.310749891655,1955.880933408011,,,,896.0,50.04
9923,3,1923,6020.310749891655,1956.880933408011,,,,897.0,50.031
9924,3,1924,6021.310749891655,1957.880933408011,,,,897.0,50.023
9925,3,1925,6022.310749891655,1958.880933408011,,,,898.0,50.017
9926,3,1926,6023.310749891655,1959.880933408011,,,,899.0,50.01
9927,3,1927,6024.310749891655,1960.880933408011,,,,901.0,50.004
9928,3,1928,6025.310749891655,1961.880933408011,,,,901.0,49.997
9929,3,1929,6026.310749891655,1962.880933408011,,,,901.0,49.99
9930,3,1930,6027.310749891655,1963.880933408011,,,,901.0,49.982
9931,3,1931,6028.310749891655,1964.880933408011,,,,900.0,49.973
9932,3,1932,6029.310749891655,1965.880933408011,,,,900.0,49.965
9933,3,1933,6030.310749891655,1966.880933408011,,,,899.0,49.958
9934,3,1934,6031.310749891655,1967.880933408011,,,,899.0,49.95
9935,3,1935,6032.310749891655,1968.880933408011,,,,898.0,49.941
9936,3,1936,6033.310749891655,1969.880933408011,,,,899.0,49.934
9937,3,1937,6034.310749891655,1970.880933408011,,,,898.0,49.927
9938,3,1938,6035.310749891655,1971.880933408011,,,,899.0,49.919
9939,3,1939,6036.310749891655,1972.880933408011,,,,899.0,49.912
9940,3,1940,6037.310749891655,1973.880933408011,,,,898.0,49.903
9941,3,1941,6038.310749891655,1974.880933408011,,,,899.0,49.895
9942,3,1942,6039.310749891655,1975.880933408011,,,,900.0,49.889
9943,3,1943,6040.310749891655,1976.880933408011,,,,899.0,49.882
9944,3,1944,6041.310749891655,1977.880933408011,,,,898.0,49.875
9945,3,1945,6042.310749891655,1978.880933408011,,,,899.0,49.868
9946,3,1946,6043.310749891655,1979.880933408011,,,,898.0,49.86
9947,3,1947,6044.310749891655,1980.880933408011,,,,898.0,49.852
9948,3,1948,6045.310749891655,1981.880933408011,,,,899.0,49.842
9949,3,1949,6046.310749891655,1982.880933408011,,,,900.0,49.835
9950,3,1950,6047.310749891655,1983.880933408011,,,,902.0,49.83
9951,3,1951,6048.310749891655,1984.880933408011,,,,902.0,49.827
9952,3,1952,6049.310749891655,1985.880933408011,,,,902.0,49.824
9953,3,1953,6050.310749891655,1986.880933408011,,,,902.0,49.821
10039,3,2039,6136.310749891655,2072.880933408011,,,,975.0,49.819
10040,3,2040,6137.310749891655,2073.880933408011,,,,974.0,49.811
10041,3,2041,6138.310749891655,2074.880933408011,,,,973.0,49.803
10042,3,2042,6139.310749891655,2075.880933408011,,,,972.0,49.793
10043,3,2043,6140.310749891655,2076.880933408011,,,,970.0,49.782
10044,3,2044,6141.310749891655,2077.880933408011,,,,970.0,49.771
10045,3,2045,6142.310749891655,2078.880933408011,,,,970.0,49.76
10046,3,2046,6143.310749891655,2079.880933408011,,,,969.0,49.75
10047,3,2047,6144.310749891655,2080.880933408011,,,,969.0,49.74
10048,3,2048,6145.310749891655,2081.880933408011,,,,967.0,49.731
10049,3,2049,6146.310749891655,2082.880933408011,,,,965.0,49.723
10050,3,2050,6147.310749891655,2083.880933408011,,,,962.0,49.713
10051,3,2051,6148.310749891655,2084.880933408011,,,,960.0,49.702
10052,3,2052,6149.310749891655,2085.880933408011,,,,958.0,49.689
10053,3,2053,6150.310749891655,2086.880933408011,,,,956.0,49.678
10054,3,2054,6151.310749891655,2087.880933408011,,,,955.0,49.667
10055,3,2055,6152.310749891655,2088.880933408011,,,,954.0,49.658
10056,3,2056,6153.310749891655,2089.880933408011,,,,953.0,49.651
10057,3,2057,6154.310749891655,2090.880933408011,,,,951.0,49.642
10058,3,2058,6155.310749891655,2091.880933408011,,,,948.0,49.632
10059,3,2059,6156.310749891655,2092.880933408011,,,,946.0,49.622
10060,3,2060,6157.310749891655,2093.880933408011,,,,944.0,49.611
10061,3,2061,6158.310749891655,2094.880933408011,,,,943.0,49.601
10062,3,2062,6159.310749891655,2095.880933408011,,,,942.0,49.591
10063,3,2063,6160.310749891655,2096.880933408011,,,,941.0,49.582
10064,3,2064,6161.310749891655,2097.880933408011,,,,941.0,49.572
10065,3,2065,6162.310749891655,2098.880933408011,,,,939.0,49.563
10066,3,2066,6163.310749891655,2099.880933408011,,,,937.0,49.553
10067,3,2067,6164.310749891655,2100.880933408011,,,,935.0,49.542
10068,3,2068,6165.310749891655,2101.880933408011,,,,933.0,49.532
10069,3,2069,6166.310749891655,2102.880933408011,,,,931.0,49.522
10070,3,2070,6167.310749891655,2103.880933408011,,,,929.0,49.512
10071,3,2071,6168.310749891655,2104.880933408011,,,,927.0,49.5
10072,3,2072,6169.310749891655,2105.880933408011,,,,925.0,49.49
10073,3,2073,6170.310749891655,2106.880933408011,,,,923.0,49.478
10074,3,2074,6171.310749891655,2107.880933408011,,,,921.0,49.468
10075,3,2075,6172.310749891655,2108.880933408011,,,,920.0,49.456
10076,3,2076,6173.310749891655,2109.880933408011,,,,918.0,49.445
10077,3,2077,6174.310749891655,2110.880933408011,,,,917.0,49.436
10078,3,2078,6175.310749891655,2111.880933408011,,,,916.0,49.426
10079,3,2079,6176.310749891655,2112.880933408011,,,,914.0,49.417
10080,3,2080,6177.310749891655,2113.880933408011,,,,912.0,49.407
10081,3,2081,6178.310749891655,2114.880933408011,,,,910.0,49.396
10082,3,2082,6179.310749891655,2115.880933408011,,,,909.0,49.387
10083,3,2083,6180.310749891655,2116.880933408011,,,,907.0,49.377
10084,3,2084,6181.310749891655,2117.880933408011,,,,906.0,49.366
10085,3,2085,6182.310749891655,2118.880933408011,,,,905.0,49.357
10086,3,2086,6183.310749891655,2119.880933408011,,,,904.0,49.346
10087,3,2087,6184.310749891655,2120.880933408011,,,,904.0,49.335
10088,3,2088,6185.310749891655,2121.880933408011,,,,906.0,49.327
10089,3,2089,6186.310749891655,2122.880933408011,,,,909.0,49.32
10090,3,2090,6187.310749891655,2123.880933408011,,,,910.0,49.315
10091,3,2091,6188.310749891655,2124.880933408011,,,,912.0,49.308
10092,3,2092,6189.310749891655,2125.880933408011,,,,912.0,49.302
10093,3,2093,6190.310749891655,2126.880933408011,,,,911.0,49.297
10094,3,2094,6191.310749891655,2127.880933408011,,,,910.0,49.294
10117,3,2117,6214.310749891655,2150.880933408011,,,,910.0,49.283
10118,3,2118,6215.310749891655,2151.880933408011,,,,911.0,49.272
10119,3,2119,6216.310749891655,2152.880933408011,,,,911.0,49.263
10120,3,2120,6217.310749891655,2153.880933408011,,,,912.0,49.254
10121,3,2121,6218.310749891655,2154.880933408011,,,,912.0,49.245
10122,3,2122,6219.310749891655,2155.880933408011,,,,912.0,49.237
10123,3,2123,6220.310749891655,2156.880933408011,,,,910.0,49.228
10124,3,2124,6221.310749891655,2157.880933408011,,,,908.0,49.217
10125,3,2125,6222.310749891655,2158.880933408011,,,,905.0,49.207
10126,3,2126,6223.310749891655,2159.880933408011,,,,902.0,49.194
10127,3,2127,6224.310749891655,2160.880933408011,,,,900.0,49.183
10128,3,2128,6225.310749891655,2161.880933408011,,,,899.0,49.172
10129,3,2129,6226.310749891655,2162.880933408011,,,,898.0,49.163
10130,3,2130,6227.310749891655,2163.880933408011,,,,898.0,49.156
10131,3,2131,6228.310749891655,2164.880933408011,,,,897.0,49.151
10132,3,2132,6229.310749891655,2165.880933408011,,,,895.0,49.144
10133,3,2133,6230.310749891655,2166.880933408011,,,,891.0,49.136
10134,3,2134,6231.310749891655,2167.880933408011,,,,885.0,49.127
10135,3,2135,6232.310749891655,2168.880933408011,,,,879.0,49.115
10136,3,2136,6233.310749891655,2169.880933408011,,,,875.0,49.101
10137,3,2137,6234.310749891655,2170.880933408011,,,,871.0,49.088
10138,3,2138,6235.310749891655,2171.880933408011,,,,867.0,49.074
10139,3,2139,6236.310749891655,2172.880933408011,,,,865.0,49.061
10140,3,2140,6237.310749891655,2173.880933408011,,,,862.0,49.049
10141,3,2141,6238.310749891655,2174.880933408011,,,,858.0,49.038
10142,3,2142,6239.310749891655,2175.880933408011,,,,856.0,49.025
10143,3,2143,6240.310749891655,2176.880933408011,,,,851.0,49.013
10144,3,2144,6241.310749891655,2177.880933408011,,,,845.0,49.0
10145,3,2145,6242.310749891655,2178.880933408011,,,,840.0,48.986
10146,3,2146,6243.310749891655,2179.880933408011,,,,837.0,48.972
10147,3,2147,6244.310749891655,2180.880933408011,,,,833.0,48.958
10148,3,2148,6245.310749891655,2181.880933408011,,,,830.0,48.945
10149,3,2149,6246.310749891655,2182.880933408011,,,,826.0,48.934
10150,3,2150,6247.310749891655,2183.880933408011,,,,822.0,48.922
10151,3,2151,6248.310749891655,2184.880933408011,,,,817.0,48.912
10152,3,2152,6249.310749891655,2185.880933408011,,,,812.0,48.899
10153,3,2153,6250.310749891655,2186.880933408011,,,,806.0,48.886
10154,3,2154,6251.310749891655,2187.880933408011,,,,802.0,48.873
10155,3,2155,6252.310749891655,2188.880933408011,,,,798.0,48.86
10156,3,2156,6253.310749891655,2189.880933408011,,,,794.0,48.847
10157,3,2157,6254.310749891655,2190.880933408011,,,,790.0,48.835
10158,3,2158,6255.310749891655,2191.880933408011,,,,786.0,48.822
10159,3,2159,6256.310749891655,2192.880933408011,,,,782.0,48.808
10160,3,2160,6257.310749891655,2193.880933408011,,,,778.0,48.795
10161,3,2161,6258.310749891655,2194.880933408011,,,,775.0,48.782
10162,3,2162,6259.310749891655,2195.880933408011,,,,772.0,48.769
10163,3,2163,6260.310749891655,2196.880933408011,,,,769.0,48.756
10164,3,2164,6261.310749891655,2197.880933408011,,,,765.0,48.743
10165,3,2165,6262.310749891655,2198.880933408011,,,,761.0,48.73
10166,3,2166,6263.310749891655,2199.880933408011,,,,758.0,48.719
10167,3,2167,6264.310749891655,2200.880933408011,,,,754.0,48.706
10168,3,2168,6265.310749891655,2201.880933408011,,,,751.0,48.694
10169,3,2169,6266.310749891655,2202.880933408011,,,,749.0,48.681
10170,3,2170,6267.310749891655,2203.880933408011,,,,747.0,48.67
10171,3,2171,6268.310749891655,2204.880933408011,,,,745.0,48.659
10172,3,2172,6269.310749891655,2205.880933408011,,,,743.0,48.647
10173,3,2173,6270.310749891655,2206.880933408011,,,,741.0,48.636
10174,3,2174,6271.310749891655,2207.880933408011,,,,739.0,48.623
10175,3,2175,6272.310749891655,2208.880933408011,,,,737.0,48.611
10176,3,2176,6273.310749891655,2209.880933408011,,,,737.0,48.598
10177,3,2177,6274.310749891655,2210.880933408011,,,,736.0,48.585
10178,3,2178,6275.310749891655,2211.880933408011,,,,735.0,48.573
10179,3,2179,6276.310749891655,2212.880933408011,,,,736.0,48.561
10180,3,2180,6277.310749891655,2213.880933408011,,,,735.0,48.549
10181,3,2181,6278.310749891655,2214.880933408011,,,,733.0,48.537
10182,3,2182,6279.310749891655,2215.880933408011,,,,731.0,48.525
10183,3,2183,6280.310749891655,2216.880933408011,,,,728.0,48.513
10184,3,2184,6281.310749891655,2217.880933408011,,,,726.0,48.502
10185,3,2185,6282.310749891655,2218.880933408011,,,,723.0,48.49
10186,3,2186,6283.310749891655,2219.880933408011,,,,721.0,48.478
10187,3,2187,6284.310749891655,2220.880933408011,,,,719.0,48.467
10188,3,2188,6285.310749891655,2221.880933408011,,,,718.0,48.456
10189,3,2189,6286.310749891655,2222.880933408011,,,,716.0,48.446
10190,3,2190,6287.310749891655,2223.880933408011,,,,713.0,48.434
10191,3,2191,6288.310749891655,2224.880933408011,,,,710.0,48.423
10192,3,2192,6289.310749891655,2225.880933408011,,,,709.0,48.413
10193,3,2193,6290.310749891655,2226.880933408011,,,,707.0,48.402
10194,3,2194,6291.310749891655,2227.880933408011,,,,706.0,48.391
10195,3,2195,6292.310749891655,2228.880933408011,,,,704.0,48.379
10196,3,2196,6293.310749891655,2229.880933408011,,,,702.0,48.368
10197,3,2197,6294.310749891655,2230.880933408011,,,,700.0,48.358
10198,3,2198,6295.310749891655,2231.880933408011,,,,698.0,48.346
10199,3,2199,6296.310749891655,2232.880933408011,,,,698.0,48.335
10200,3,2200,6297.310749891655,2233.880933408011,,,,698.0,48.325
10201,3,2201,6298.310749891655,2234.880933408011,,,,697.0,48.317
10202,3,2202,6299.310749891655,2235.880933408011,,,,696.0,48.306
10203,3,2203,6300.310749891655,2236.880933408011,,,,695.0,48.296
10204,3,2204,6301.310749891655,2237.880933408011,,,,694.0,48.284
10205,3,2205,6302.310749891655,2238.880933408011,,,,692.0,48.271
10206,3,2206,6303.310749891655,2239.880933408011,,,,690.0,48.258
10207,3,2207,6304.310749891655,2240.880933408011,,,,689.0,48.247
10208,3,2208,6305.310749891655,2241.880933408011,,,,688.0,48.235
10209,3,2209,6306.310749891655,2242.880933408011,,,,689.0,48.225
10210,3,2210,6307.310749891655,2243.880933408011,,,,688.0,48.214
10211,3,2211,6308.310749891655,2244.880933408011,,,,688.0,48.204
10212,3,2212,6309.310749891655,2245.880933408011,,,,688.0,48.194
10213,3,2213,6310.310749891655,2246.880933408011,,,,688.0,48.182
10214,3,2214,6311.310749891655,2247.880933408011,,,,688.0,48.171
10215,3,2215,6312.310749891655,2248.880933408011,,,,689.0,48.161
10216,3,2216,6313.310749891655,2249.880933408011,,,,690.0,48.151
10217,3,2217,6314.310749891655,2250.880933408011,,,,691.0,48.143
10218,3,2218,6315.310749891655,2251.880933408011,,,,691.0,48.134
10219,3,2219,6316.310749891655,2252.880933408011,,,,690.0,48.124
10220,3,2220,6317.310749891655,2253.880933408011,,,,689.0,48.115
10221,3,2221,6318.310749891655,2254.880933408011,,,,688.0,48.103
10222,3,2222,6319.310749891655,2255.880933408011,,,,686.0,48.093
10223,3,2223,6320.310749891655,2256.880933408011,,,,685.0,48.082
10224,3,2224,6321.310749891655,2257.880933408011,,,,684.0,48.074
10225,3,2225,6322.310749891655,2258.880933408011,,,,683.0,48.065
10226,3,2226,6323.310749891655,2259.880933408011,,,,682.0,48.057
10227,3,2227,6324.310749891655,2260.880933408011,,,,680.0,48.049
10228,3,2228,6325.310749891655,2261.880933408011,,,,678.0,48.04
10229,3,2229,6326.310749891655,2262.880933408011,,,,675.0,48.03
10230,3,2230,6327.310749891655,2263.880933408011,,,,673.0,48.019
10231,3,2231,6328.310749891655,2264.880933408011,,,,671.0,48.007
10232,3,2232,6329.310749891655,2265.880933408011,,,,670.0,47.997
10233,3,2233,6330.310749891655,2266.880933408011,,,,670.0,47.988
10234,3,2234,6331.310749891655,2267.880933408011,,,,669.0,47.981
10235,3,2235,6332.310749891655,2268.880933408011,,,,668.0,47.971
10236,3,2236,6333.310749891655,2269.880933408011,,,,667.0,47.962
10237,3,2237,6334.310749891655,2270.880933408011,,,,665.0,47.952
10238,3,2238,6335.310749891655,2271.880933408011,,,,666.0,47.941
10239,3,2239,6336.310749891655,2272.880933408011,,,,666.0,47.93
10240,3,2240,6337.310749891655,2273.880933408011,,,,667.0,47.921
10241,3,2241,6338.310749891655,2274.880933408011,,,,668.0,47.914
10242,3,2242,6339.310749891655,2275.880933408011,,,,669.0,47.905
10243,3,2243,6340.310749891655,2276.880933408011,,,,669.0,47.899
10244,3,2244,6341.310749891655,2277.880933408011,,,,668.0,47.891
10245,3,2245,6342.310749891655,2278.880933408011,,,,668.0,47.881
10246,3,2246,6343.310749891655,2279.880933408011,,,,667.0,47.873
10247,3,2247,6344.310749891655,2280.880933408011,,,,668.0,47.864
10248,3,2248,6345.310749891655,2281.880933408011,,,,669.0,47.856
10249,3,2249,6346.310749891655,2282.880933408011,,,,670.0,47.849
10250,3,2250,6347.310749891655,2283.880933408011,,,,671.0,47.843
10251,3,2251,6348.310749891655,2284.880933408011,,,,671.0,47.835
10252,3,2252,6349.310749891655,2285.880933408011,,,,671.0,47.827
10253,3,2253,6350.310749891655,2286.880933408011,,,,671.0,47.818
10254,3,2254,6351.310749891655,2287.880933408011,,,,672.0,47.81
10255,3,2255,6352.310749891655,2288.880933408011,,,,674.0,47.802
10256,3,2256,6353.310749891655,2289.880933408011,,,,675.0,47.795
10257,3,2257,6354.310749891655,2290.880933408011,,,,677.0,47.789
10258,3,2258,6355.310749891655,2291.880933408011,,,,678.0,47.783
10259,3,2259,6356.310749891655,2292.880933408011,,,,679.0,47.776
10260,3,2260,6357.310749891655,2293.880933408011,,,,678.0,47.77
10261,3,2261,6358.310749891655,2294.880933408011,,,,679.0,47.761
10262,3,2262,6359.310749891655,2295.880933408011,,,,678.0,47.758
10263,3,2263,6360.310749891655,2296.880933408011,,,,679.0,47.757
10289,3,2289,6386.310749891655,2322.880933408011,,,,696.0,47.752
10290,3,2290,6387.310749891655,2323.880933408011,,,,696.0,47.744
10291,3,2291,6388.310749891655,2324.880933408011,,,,696.0,47.739
10292,3,2292,6389.310749891655,2325.880933408011,,,,698.0,47.731
10293,3,2293,6390.310749891655,2326.880933408011,,,,698.0,47.726
10294,3,2294,6391.310749891655,2327.880933408011,,,,700.0,47.721
10295,3,2295,6392.310749891655,2328.880933408011,,,,700.0,47.715
10296,3,2296,6393.310749891655,2329.880933408011,,,,700.0,47.708
10297,3,2297,6394.310749891655,2330.880933408011,,,,701.0,47.701
10298,3,2298,6395.310749891655,2331.880933408011,,,,701.0,47.697
10299,3,2299,6396.310749891655,2332.880933408011,,,,703.0,47.692
10300,3,2300,6397.310749891655,2333.880933408011,,,,703.0,47.687
10301,3,2301,6398.310749891655,2334.880933408011,,,,704.0,47.682
10302,3,2302,6399.310749891655,2335.880933408011,,,,704.0,47.675
10303,3,2303,6400.310749891655,2336.880933408011,,,,704.0,47.669
10304,3,2304,6401.310749891655,2337.880933408011,,,,704.0,47.661
10305,3,2305,6402.310749891655,2338.880933408011,,,,705.0,47.655
10306,3,2306,6403.310749891655,2339.880933408011,,,,706.0,47.649
10307,3,2307,6404.310749891655,2340.880933408011,,,,708.0,47.645
10308,3,2308,6405.310749891655,2341.880933408011,,,,709.0,47.641
10309,3,2309,6406.310749891655,2342.880933408011,,,,709.0,47.637
10310,3,2310,6407.310749891655,2343.880933408011,,,,708.0,47.629
10311,3,2311,6408.310749891655,2344.880933408011,,,,707.0,47.623
10312,3,2312,6409.310749891655,2345.880933408011,,,,707.0,47.615
10313,3,2313,6410.310749891655,2346.880933408011,,,,709.0,47.608
10314,3,2314,6411.310749891655,2347.880933408011,,,,710.0,47.6
10315,3,2315,6412.310749891655,2348.880933408011,,,,712.0,47.595
10316,3,2316,6413.310749891655,2349.880933408011,,,,714.0,47.589
10317,3,2317,6414.310749891655,2350.880933408011,,,,715.0,47.583
10318,3,2318,6415.310749891655,2351.880933408011,,,,715.0,47.576
10319,3,2319,6416.310749891655,2352.880933408011,,,,714.0,47.568
10320,3,2320,6417.310749891655,2353.880933408011,,,,714.0,47.557
10321,3,2321,6418.310749891655,2354.880933408011,,,,715.0,47.55
10322,3,2322,6419.310749891655,2355.880933408011,,,,717.0,47.543
10323,3,2323,6420.310749891655,2356.880933408011,,,,720.0,47.539
10324,3,2324,6421.310749891655,2357.880933408011,,,,721.0,47.533
10325,3,2325,6422.310749891655,2358.880933408011,,,,720.0,47.526
10326,3,2326,6423.310749891655,2359.880933408011,,,,721.0,47.518
10327,3,2327,6424.310749891655,2360.880933408011,,,,720.0,47.509
10328,3,2328,6425.310749891655,2361.880933408011,,,,719.0,47.504
10329,3,2329,6426.310749891655,2362.880933408011,,,,720.0,47.5
10330,3,2330,6427.310749891655,2363.880933408011,,,,721.0,47.498
10331,3,2331,6428.310749891655,2364.880933408011,,,,723.0,47.496
10332,3,2332,6429.310749891655,2365.880933408011,,,,723.0,47.494
10333,3,2333,6430.310749891655,2366.880933408011,,,,724.0,47.491
10334,3,2334,6431.310749891655,2367.880933408011,,,,724.0,47.488
10335,3,2335,6432.310749891655,2368.880933408011,,,,725.0,47.485
10336,3,2336,6433.310749891655,2369.880933408011,,,,726.0,47.48
10337,3,2337,6434.310749891655,2370.880933408011,,,,726.0,47.472
10338,3,2338,6435.310749891655,2371.880933408011,,,,727.0,47.464
10339,3,2339,6436.310749891655,2372.880933408011,,,,727.0,47.456
10340,3,2340,6437.310749891655,2373.880933408011,,,,728.0,47.45
10341,3,2341,6438.310749891655,2374.880933408011,,,,728.0,47.443
10342,3,2342,6439.310749891655,2375.880933408011,,,,728.0,47.439
10343,3,2343,6440.310749891655,2376.880933408011,,,,728.0,47.433
10344,3,2344,6441.310749891655,2377.880933408011,,,,727.0,47.426
10345,3,2345,6442.310749891655,2378.880933408011,,,,727.0,47.419
10346,3,2346,6443.310749891655,2379.880933408011,,,,726.0,47.41
10347,3,2347,6444.310749891655,2380.880933408011,,,,727.0,47.403
10348,3,2348,6445.310749891655,2381.880933408011,,,,726.0,47.398
10349,3,2349,6446.310749891655,2382.880933408011,,,,725.0,47.39
10350,3,2350,6447.310749891655,2383.880933408011,,,,725.0,47.382
10351,3,2351,6448.310749891655,2384.880933408011,,,,724.0,47.373
10352,3,2352,6449.310749891655,2385.880933408011,,,,723.0,47.365
10353,3,2353,6450.310749891655,2386.880933408011,,,,722.0,47.356
10354,3,2354,6451.310749891655,2387.880933408011,,,,723.0,47.347
10355,3,2355,6452.310749891655,2388.880933408011,,,,723.0,47.338
10356,3,2356,6453.310749891655,2389.880933408011,,,,723.0,47.329
10357,3,2357,6454.310749891655,2390.880933408011,,,,723.0,47.321
10358,3,2358,6455.310749891655,2391.880933408011,,,,724.0,47.31
10359,3,2359,6456.310749891655,2392.880933408011,,,,724.0,47.302
10360,3,2360,6457.310749891655,2393.880933408011,,,,724.0,47.292
10361,3,2361,6458.310749891655,2394.880933408011,,,,724.0,47.284
10362,3,2362,6459.310749891655,2395.880933408011,,,,724.0,47.274
10363,3,2363,6460.310749891655,2396.880933408011,,,,724.0,47.266
10364,3,2364,6461.310749891655,2397.880933408011,,,,724.0,47.258
10365,3,2365,6462.310749891655,2398.880933408011,,,,723.0,47.251
10366,3,2366,6463.310749891655,2399.880933408011,,,,723.0,47.248
10367,3,2367,6464.310749891655,2400.880933408011,,,,722.0,47.247
10420,3,2420,6517.310749891655,2453.880933408011,,,,724.0,47.246
10421,3,2421,6518.310749891655,2454.880933408011,,,,724.0,47.237
10422,3,2422,6519.310749891655,2455.880933408011,,,,723.0,47.227
10423,3,2423,6520.310749891655,2456.880933408011,,,,722.0,47.216
10424,3,2424,6521.310749891655,2457.880933408011,,,,721.0,47.205
10425,3,2425,6522.310749891655,2458.880933408011,,,,721.0,47.194
10426,3,2426,6523.310749891655,2459.880933408011,,,,721.0,47.186
10427,3,2427,6524.310749891655,2460.880933408011,,,,721.0,47.176
10428,3,2428,6525.310749891655,2461.880933408011,,,,720.0,47.167
10429,3,2429,6526.310749891655,2462.880933408011,,,,720.0,47.156
10430,3,2430,6527.310749891655,2463.880933408011,,,,720.0,47.145
10431,3,2431,6528.310749891655,2464.880933408011,,,,721.0,47.136
10432,3,2432,6529.310749891655,2465.880933408011,,,,722.0,47.125
10433,3,2433,6530.310749891655,2466.880933408011,,,,724.0,47.113
10434,3,2434,6531.310749891655,2467.880933408011,,,,727.0,47.104
10435,3,2435,6532.310749891655,2468.880933408011,,,,732.0,47.098
10436,3,2436,6533.310749891655,2469.880933408011,,,,735.0,47.091
10437,3,2437,6534.310749891655,2470.880933408011,,,,737.0,47.086
10438,3,2438,6535.310749891655,2471.880933408011,,,,738.0,47.077
10439,3,2439,6536.310749891655,2472.880933408011,,,,738.0,47.069
10440,3,2440,6537.310749891655,2473.880933408011,,,,739.0,47.057
10441,3,2441,6538.310749891655,2474.880933408011,,,,742.0,47.047
10442,3,2442,6539.310749891655,2475.880933408011,,,,744.0,47.04
10443,3,2443,6540.310749891655,2476.880933408011,,,,747.0,47.033
10444,3,2444,6541.310749891655,2477.880933408011,,,,750.0,47.026
10445,3,2445,6542.310749891655,2478.880933408011,,,,753.0,47.022
10446,3,2446,6543.310749891655,2479.880933408011,,,,755.0,47.016
10447,3,2447,6544.310749891655,2480.880933408011,,,,756.0,47.009
10448,3,2448,6545.310749891655,2481.880933408011,,,,757.0,47.002
10449,3,2449,6546.310749891655,2482.880933408011,,,,759.0,46.996
10450,3,2450,6547.310749891655,2483.880933408011,,,,762.0,46.99
10451,3,2451,6548.310749891655,2484.880933408011,,,,764.0,46.985
10452,3,2452,6549.310749891655,2485.880933408011,,,,767.0,46.982
10453,3,2453,6550.310749891655,2486.880933408011,,,,769.0,46.978
10454,3,2454,6551.310749891655,2487.880933408011,,,,772.0,46.974
10455,3,2455,6552.310749891655,2488.880933408011,,,,775.0,46.973
10862,3,2862,6959.310749891655,2895.880933408011,,,,1218.0,46.968
10863,3,2863,6960.310749891655,2896.880933408011,,,,1217.0,46.961
10864,3,2864,6961.310749891655,2897.880933408011,,,,1216.0,46.952
10865,3,2865,6962.310749891655,2898.880933408011,,,,1214.0,46.945
10866,3,2866,6963.310749891655,2899.880933408011,,,,1212.0,46.935
10867,3,2867,6964.310749891655,2900.880933408011,,,,1211.0,46.926
10868,3,2868,6965.310749891655,2901.880933408011,,,,1210.0,46.916
10869,3,2869,6966.310749891655,2902.880933408011,,,,1211.0,46.906
10870,3,2870,6967.310749891655,2903.880933408011,,,,1210.0,46.898
10871,3,2871,6968.310749891655,2904.880933408011,,,,1210.0,46.888
10872,3,2872,6969.310749891655,2905.880933408011,,,,1210.0,46.879
10873,3,2873,6970.310749891655,2906.880933408011,,,,1210.0,46.869
10874,3,2874,6971.310749891655,2907.880933408011,,,,1209.0,46.86
10875,3,2875,6972.310749891655,2908.880933408011,,,,1208.0,46.849
10876,3,2876,6973.310749891655,2909.880933408011,,,,1207.0,46.837
10877,3,2877,6974.310749891655,2910.880933408011,,,,1207.0,46.824
10878,3,2878,6975.310749891655,2911.880933408011,,,,1206.0,46.811
10879,3,2879,6976.310749891655,2912.880933408011,,,,1206.0,46.799
10880,3,2880,6977.310749891655,2913.880933408011,,,,1207.0,46.787
10881,3,2881,6978.310749891655,2914.880933408011,,,,1208.0,46.775
10882,3,2882,6979.310749891655,2915.880933408011,,,,1209.0,46.764
10883,3,2883,6980.310749891655,2916.880933408011,,,,1208.0,46.755
10884,3,2884,6981.310749891655,2917.880933408011,,,,1208.0,46.744
10885,3,2885,6982.310749891655,2918.880933408011,,,,1207.0,46.733
10886,3,2886,6983.310749891655,2919.880933408011,,,,1207.0,46.723
10887,3,2887,6984.310749891655,2920.880933408011,,,,1205.0,46.71
10888,3,2888,6985.310749891655,2921.880933408011,,,,1203.0,46.699
10889,3,2889,6986.310749891655,2922.880933408011,,,,1203.0,46.688
10890,3,2890,6987.310749891655,2923.880933408011,,,,1202.0,46.678
10891,3,2891,6988.310749891655,2924.880933408011,,,,1201.0,46.668
10892,3,2892,6989.310749891655,2925.880933408011,,,,1200.0,46.658
10893,3,2893,6990.310749891655,2926.880933408011,,,,1199.0,46.648
10894,3,2894,6991.310749891655,2927.880933408011,,,,1198.0,46.638
10895,3,2895,6992.310749891655,2928.880933408011,,,,1197.0,46.628
10896,3,2896,6993.310749891655,2929.880933408011,,,,1196.0,46.617
10897,3,2897,6994.310749891655,2930.880933408011,,,,1196.0,46.607
10898,3,2898,6995.310749891655,2931.880933408011,,,,1197.0,46.597
10899,3,2899,6996.310749891655,2932.880933408011,,,,1197.0,46.588
10900,3,2900,6997.310749891655,2933.880933408011,,,,1198.0,46.582
10901,3,2901,6998.310749891655,2934.880933408011,,,,1199.0,46.575
10902,3,2902,6999.310749891655,2935.880933408011,,,,1198.0,46.565
10903,3,2903,7000.310749891655,2936.880933408011,,,,1198.0,46.556
10904,3,2904,7001.310749891655,2937.880933408011,,,,1200.0,46.548
10905,3,2905,7002.310749891655,2938.880933408011,,,,1203.0,46.54
10906,3,2906,7003.310749891655,2939.880933408011,,,,1207.0,46.535
10907,3,2907,7004.310749891655,2940.880933408011,,,,1210.0,46.529
10908,3,2908,7005.310749891655,2941.880933408011,,,,1212.0,46.525
10909,3,2909,7006.310749891655,2942.880933408011,,,,1213.0,46.517
10910,3,2910,7007.310749891655,2943.880933408011,,,,1213.0,46.508
10911,3,2911,7008.310749891655,2944.880933408011,,,,1214.0,46.499
10912,3,2912,7009.310749891655,2945.880933408011,,,,1216.0,46.491
10913,3,2913,7010.310749891655,2946.880933408011,,,,1218.0,46.486
10914,3,2914,7011.310749891655,2947.880933408011,,,,1221.0,46.482
10915,3,2915,7012.310749891655,2948.880933408011,,,,1224.0,46.479
10916,3,2916,7013.310749891655,2949.880933408011,,,,1225.0,46.478
10917,3,2917,7014.310749891655,2950.880933408011,,,,1225.0,46.476
11041,3,3041,7138.310749891655,3074.880933408011,,,,1362.0,46.471
11042,3,3042,7139.310749891655,3075.880933408011,,,,1363.0,46.464
11043,3,3043,7140.310749891655,3076.880933408011,,,,1365.0,46.455
11044,3,3044,7141.310749891655,3077.880933408011,,,,1367.0,46.448
11045,3,3045,7142.310749891655,3078.880933408011,,,,1368.0,46.446
11188,3,3188,7285.310749891655,3221.880933408011,,,,1556.0,46.438
11189,3,3189,7286.310749891655,3222.880933408011,,,,1553.0,46.428
11190,3,3190,7287.310749891655,3223.880933408011,,,,1551.0,46.414
11191,3,3191,7288.310749891655,3224.880933408011,,,,1550.0,46.401
11192,3,3192,7289.310749891655,3225.880933408011,,,,1549.0,46.391
11193,3,3193,7290.310749891655,3226.880933408011,,,,1549.0,46.381
11194,3,3194,7291.310749891655,3227.880933408011,,,,1548.0,46.375
11195,3,3195,7292.310749891655,3228.880933408011,,,,1547.0,46.368
11196,3,3196,7293.310749891655,3229.880933408011,,,,1546.0,46.36
11197,3,3197,7294.310749891655,3230.880933408011,,,,1544.0,46.352
11198,3,3198,7295.310749891655,3231.880933408011,,,,1541.0,46.342
11199,3,3199,7296.310749891655,3232.880933408011,,,,1538.0,46.332
11200,3,3200,7297.310749891655,3233.880933408011,,,,1536.0,46.322
11201,3,3201,7298.310749891655,3234.880933408011,,,,1536.0,46.312
11202,3,3202,7299.310749891655,3235.880933408011,,,,1535.0,46.302
11203,3,3203,7300.310749891655,3236.880933408011,,,,1534.0,46.294
11204,3,3204,7301.310749891655,3237.880933408011,,,,1532.0,46.284
11205,3,3205,7302.310749891655,3238.880933408011,,,,1531.0,46.275
11206,3,3206,7303.310749891655,3239.880933408011,,,,1529.0,46.264
11207,3,3207,7304.310749891655,3240.880933408011,,,,1527.0,46.254
11208,3,3208,7305.310749891655,3241.880933408011,,,,1525.0,46.244
11209,3,3209,7306.310749891655,3242.880933408011,,,,1524.0,46.234
11210,3,3210,7307.310749891655,3243.880933408011,,,,1524.0,46.224
11211,3,3211,7308.310749891655,3244.880933408011,,,,1523.0,46.215
11212,3,3212,7309.310749891655,3245.880933408011,,,,1523.0,46.207
11213,3,3213,7310.310749891655,3246.880933408011,,,,1520.0,46.199
11214,3,3214,7311.310749891655,3247.880933408011,,,,1518.0,46.191
11215,3,3215,7312.310749891655,3248.880933408011,,,,1515.0,46.182
11216,3,3216,7313.310749891655,3249.880933408011,,,,1513.0,46.171
11217,3,3217,7314.310749891655,3250.880933408011,,,,1511.0,46.162
11218,3,3218,7315.310749891655,3251.880933408011,,,,1509.0,46.151
11219,3,3219,7316.310749891655,3252.880933408011,,,,1506.0,46.141
11220,3,3220,7317.310749891655,3253.880933408011,,,,1502.0,46.129
11221,3,3221,7318.310749891655,3254.880933408011,,,,1498.0,46.115
11222,3,3222,7319.310749891655,3255.880933408011,,,,1494.0,46.102
11223,3,3223,7320.310749891655,3256.880933408011,,,,1492.0,46.088
11224,3,3224,7321.310749891655,3257.880933408011,,,,1489.0,46.076
11225,3,3225,7322.310749891655,3258.880933408011,,,,1487.0,46.063
11226,3,3226,7323.310749891655,3259.880933408011,,,,1486.0,46.052
11227,3,3227,7324.310749891655,3260.880933408011,,,,1485.0,46.042
11228,3,3228,7325.310749891655,3261.880933408011,,,,1483.0,46.033
11229,3,3229,7326.310749891655,3262.880933408011,,,,1481.0,46.023
11230,3,3230,7327.310749891655,3263.880933408011,,,,1481.0,46.015
11231,3,3231,7328.310749891655,3264.880933408011,,,,1481.0,46.007
11232,3,3232,7329.310749891655,3265.880933408011,,,,1479.0,45.997
11233,3,3233,7330.310749891655,3266.880933408011,,,,1477.0,45.988
11234,3,3234,7331.310749891655,3267.880933408011,,,,1475.0,45.976
11235,3,3235,7332.310749891655,3268.880933408011,,,,1472.0,45.964
11236,3,3236,7333.310749891655,3269.880933408011,,,,1471.0,45.952
11237,3,3237,7334.310749891655,3270.880933408011,,,,1471.0,45.94
11238,3,3238,7335.310749891655,3271.880933408011,,,,1471.0,45.929
11239,3,3239,7336.310749891655,3272.880933408011,,,,1473.0,45.919
11240,3,3240,7337.310749891655,3273.880933408011,,,,1474.0,45.911
11241,3,3241,7338.310749891655,3274.880933408011,,,,1476.0,45.904
11242,3,3242,7339.310749891655,3275.880933408011,,,,1477.0,45.898
11243,3,3243,7340.310749891655,3276.880933408011,,,,1478.0,45.892
11244,3,3244,7341.310749891655,3277.880933408011,,,,1477.0,45.885
11245,3,3245,7342.310749891655,3278.880933408011,,,,1477.0,45.877
11246,3,3246,7343.310749891655,3279.880933408011,,,,1477.0,45.871
11247,3,3247,7344.310749891655,3280.880933408011,,,,1477.0,45.864
11248,3,3248,7345.310749891655,3281.880933408011,,,,1477.0,45.856
11249,3,3249,7346.310749891655,3282.880933408011,,,,1478.0,45.849
11250,3,3250,7347.310749891655,3283.880933408011,,,,1478.0,45.843
11251,3,3251,7348.310749891655,3284.880933408011,,,,1479.0,45.836
11252,3,3252,7349.310749891655,3285.880933408011,,,,1479.0,45.832
11253,3,3253,7350.310749891655,3286.880933408011,,,,1478.0,45.824
11254,3,3254,7351.310749891655,3287.880933408011,,,,1477.0,45.817
11255,3,3255,7352.310749891655,3288.880933408011,,,,1476.0,45.809
11256,3,3256,7353.310749891655,3289.880933408011,,,,1477.0,45.801
11257,3,3257,7354.310749891655,3290.880933408011,,,,1476.0,45.794
11258,3,3258,7355.310749891655,3291.880933408011,,,,1478.0,45.786
11259,3,3259,7356.310749891655,3292.880933408011,,,,1478.0,45.781
11260,3,3260,7357.310749891655,3293.880933408011,,,,1479.0,45.774
11261,3,3261,7358.310749891655,3294.880933408011,,,,1479.0,45.769
11262,3,3262,7359.310749891655,3295.880933408011,,,,1479.0,45.763
11263,3,3263,7360.310749891655,3296.880933408011,,,,1479.0,45.756
11264,3,3264,7361.310749891655,3297.880933408011,,,,1479.0,45.749
11265,3,3265,7362.310749891655,3298.880933408011,,,,1479.0,45.746
11266,3,3266,7363.310749891655,3299.880933408011,,,,1479.0,45.743
11267,3,3267,7364.310749891655,3300.880933408011,,,,1479.0,45.741
11268,3,3268,7365.310749891655,3301.880933408011,,,,1479.0,45.738
11269,3,3269,7366.310749891655,3302.880933408011,,,,1479.0,45.736
11270,3,3270,7367.310749891655,3303.880933408011,,,,1478.0,45.733
11271,3,3271,7368.310749891655,3304.880933408011,,,,1478.0,45.732
11272,3,3272,7369.310749891655,3305.880933408011,,,,1477.0,45.728
11274,3,3274,7371.310749891655,3307.880933408011,,,,1476.0,45.726
11275,3,3275,7372.310749891655,3308.880933408011,,,,1476.0,45.724
11276,3,3276,7373.310749891655,3309.880933408011,,,,1475.0,45.721
11277,3,3277,7374.310749891655,3310.880933408011,,,,1474.0,45.716
11278,3,3278,7375.310749891655,3311.880933408011,,,,1473.0,45.713
11279,3,3279,7376.310749891655,3312.880933408011,,,,1473.0,45.709
11280,3,3280,7377.310749891655,3313.880933408011,,,,1474.0,45.706
11281,3,3281,7378.310749891655,3314.880933408011,,,,1474.0,45.705
11282,3,3282,7379.310749891655,3315.880933408011,,,,1476.0,45.703
11283,3,3283,7380.310749891655,3316.880933408011,,,,1476.0,45.7
11284,3,3284,7381.310749891655,3317.880933408011,,,,1476.0,45.696
11285,3,3285,7382.310749891655,3318.880933408011,,,,1474.0,45.692
11286,3,3286,7383.310749891655,3319.880933408011,,,,1474.0,45.686
11287,3,3287,7384.310749891655,3320.880933408011,,,,1473.0,45.683
11288,3,3288,7385.310749891655,3321.880933408011,,,,1474.0,45.677
11289,3,3289,7386.310749891655,3322.880933408011,,,,1474.0,45.674
11290,3,3290,7387.310749891655,3323.880933408011,,,,1474.0,45.669
11291,3,3291,7388.310749891655,3324.880933408011,,,,1474.0,45.664
11292,3,3292,7389.310749891655,3325.880933408011,,,,1473.0,45.657
11293,3,3293,7390.310749891655,3326.880933408011,,,,1473.0,45.652
11294,3,3294,7391.310749891655,3327.880933408011,,,,1472.0,45.646
11295,3,3295,7392.310749891655,3328.880933408011,,,,1471.0,45.641
11296,3,3296,7393.310749891655,3329.880933408011,,,,1470.0,45.639
11297,3,3297,7394.310749891655,3330.880933408011,,,,1468.0,45.637
11298,3,3298,7395.310749891655,3331.880933408011,,,,1467.0,45.635
11299,3,3299,7396.310749891655,3332.880933408011,,,,1467.0,45.633
11300,3,3300,7397.310749891655,3333.880933408011,,,,1466.0,45.63
11301,3,3301,7398.310749891655,3334.880933408011,,,,1465.0,45.628
11303,3,3303,7400.310749891655,3336.880933408011,,,,1464.0,45.625
11304,3,3304,7401.310749891655,3337.880933408011,,,,1462.0,45.622
11305,3,3305,7402.310749891655,3338.880933408011,,,,1463.0,45.618
11306,3,3306,7403.310749891655,3339.880933408011,,,,1464.0,45.614
11307,3,3307,7404.310749891655,3340.880933408011,,,,1464.0,45.609
11308,3,3308,7405.310749891655,3341.880933408011,,,,1463.0,45.605
11309,3,3309,7406.310749891655,3342.880933408011,,,,1463.0,45.6
11310,3,3310,7407.310749891655,3343.880933408011,,,,1464.0,45.597
11311,3,3311,7408.310749891655,3344.880933408011,,,,1463.0,45.592
11312,3,3312,7409.310749891655,3345.880933408011,,,,1463.0,45.588
11313,3,3313,7410.310749891655,3346.880933408011,,,,1463.0,45.584
11314,3,3314,7411.310749891655,3347.880933408011,,,,1463.0,45.581
11315,3,3315,7412.310749891655,3348.880933408011,,,,1462.0,45.578
11316,3,3316,7413.310749891655,3349.880933408011,,,,1462.0,45.575
11317,3,3317,7414.310749891655,3350.880933408011,,,,1459.0,45.572
11318,3,3318,7415.310749891655,3351.880933408011,,,,1456.0,45.567
11319,3,3319,7416.310749891655,3352.880933408011,,,,1455.0,45.563
11320,3,3320,7417.310749891655,3353.880933408011,,,,1454.0,45.558
11321,3,3321,7418.310749891655,3354.880933408011,,,,1453.0,45.554
11322,3,3322,7419.310749891655,3355.880933408011,,,,1452.0,45.55
11323,3,3323,7420.310749891655,3356.880933408011,,,,1450.0,45.547
11324,3,3324,7421.310749891655,3357.880933408011,,,,1449.0,45.543
11325,3,3325,7422.310749891655,3358.880933408011,,,,1447.0,45.538
11326,3,3326,7423.310749891655,3359.880933408011,,,,1445.0,45.531
11327,3,3327,7424.310749891655,3360.880933408011,,,,1444.0,45.525
11328,3,3328,7425.310749891655,3361.880933408011,,,,1442.0,45.52
11329,3,3329,7426.310749891655,3362.880933408011,,,,1441.0,45.515
11330,3,3330,7427.310749891655,3363.880933408011,,,,1439.0,45.511
11331,3,3331,7428.310749891655,3364.880933408011,,,,1438.0,45.506
11332,3,3332,7429.310749891655,3365.880933408011,,,,1436.0,45.501
11333,3,3333,7430.310749891655,3366.880933408011,,,,1435.0,45.497
11334,3,3334,7431.310749891655,3367.880933408011,,,,1435.0,45.491
11335,3,3335,7432.310749891655,3368.880933408011,,,,1436.0,45.487
11336,3,3336,7433.310749891655,3369.880933408011,,,,1436.0,45.482
11337,3,3337,7434.310749891655,3370.880933408011,,,,1438.0,45.478
11338,3,3338,7435.310749891655,3371.880933408011,,,,1439.0,45.473
11339,3,3339,7436.310749891655,3372.880933408011,,,,1440.0,45.465
11340,3,3340,7437.310749891655,3373.880933408011,,,,1441.0,45.457
11341,3,3341,7438.310749891655,3374.880933408011,,,,1443.0,45.449
11342,3,3342,7439.310749891655,3375.880933408011,,,,1445.0,45.442
11343,3,3343,7440.310749891655,3376.880933408011,,,,1448.0,45.437
11344,3,3344,7441.310749891655,3377.880933408011,,,,1450.0,45.434
11345,3,3345,7442.310749891655,3378.880933408011,,,,1449.0,45.433
11640,3,3640,7737.310749891655,3673.880933408011,,,,1576.0,45.432
11641,3,3641,7738.310749891655,3674.880933408011,,,,1577.0,45.42
11642,3,3642,7739.310749891655,3675.880933408011,,,,1577.0,45.411
11643,3,3643,7740.310749891655,3676.880933408011,,,,1576.0,45.402
11644,3,3644,7741.310749891655,3677.880933408011,,,,1576.0,45.392
11645,3,3645,7742.310749891655,3678.880933408011,,,,1574.0,45.381
11646,3,3646,7743.310749891655,3679.880933408011,,,,1573.0,45.371
11647,3,3647,7744.310749891655,3680.880933408011,,,,1572.0,45.36
11648,3,3648,7745.310749891655,3681.880933408011,,,,1571.0,45.349
11649,3,3649,7746.310749891655,3682.880933408011,,,,1570.0,45.339
11650,3,3650,7747.310749891655,3683.880933408011,,,,1570.0,45.329
11651,3,3651,7748.310749891655,3684.880933408011,,,,1568.0,45.318
11652,3,3652,7749.310749891655,3685.880933408011,,,,1566.0,45.307
11653,3,3653,7750.310749891655,3686.880933408011,,,,1565.0,45.295
11654,3,3654,7751.310749891655,3687.880933408011,,,,1564.0,45.282
11655,3,3655,7752.310749891655,3688.880933408011,,,,1563.0,45.27
11656,3,3656,7753.310749891655,3689.880933408011,,,,1563.0,45.259
11657,3,3657,7754.310749891655,3690.880933408011,,,,1563.0,45.249
11658,3,3658,7755.310749891655,3691.880933408011,,,,1562.0,45.238
11659,3,3659,7756.310749891655,3692.880933408011,,,,1559.0,45.225
11660,3,3660,7757.310749891655,3693.880933408011,,,,1557.0,45.213
11661,3,3661,7758.310749891655,3694.880933408011,,,,1555.0,45.2
11662,3,3662,7759.310749891655,3695.880933408011,,,,1554.0,45.188
11663,3,3663,7760.310749891655,3696.880933408011,,,,1553.0,45.175
11664,3,3664,7761.310749891655,3697.880933408011,,,,1552.0,45.164
11665,3,3665,7762.310749891655,3698.880933408011,,,,1552.0,45.154
11666,3,3666,7763.310749891655,3699.880933408011,,,,1550.0,45.144
11667,3,3667,7764.310749891655,3700.880933408011,,,,1547.0,45.135
11668,3,3668,7765.310749891655,3701.880933408011,,,,1545.0,45.125
11669,3,3669,7766.310749891655,3702.880933408011,,,,1543.0,45.117
11670,3,3670,7767.310749891655,3703.880933408011,,,,1541.0,45.108
11671,3,3671,7768.310749891655,3704.880933408011,,,,1541.0,45.098
11672,3,3672,7769.310749891655,3705.880933408011,,,,1539.0,45.09
11673,3,3673,7770.310749891655,3706.880933408011,,,,1537.0,45.082
11674,3,3674,7771.310749891655,3707.880933408011,,,,1536.0,45.073
11675,3,3675,7772.310749891655,3708.880933408011,,,,1534.0,45.062
11676,3,3676,7773.310749891655,3709.880933408011,,,,1532.0,45.052
11677,3,3677,7774.310749891655,3710.880933408011,,,,1530.0,45.043
11678,3,3678,7775.310749891655,3711.880933408011,,,,1528.0,45.033
11679,3,3679,7776.310749891655,3712.880933408011,,,,1527.0,45.023
11680,3,3680,7777.310749891655,3713.880933408011,,,,1526.0,45.011
11681,3,3681,7778.310749891655,3714.880933408011,,,,1525.0,45.0
11682,3,3682,7779.310749891655,3715.880933408011,,,,1524.0,44.989
11683,3,3683,7780.310749891655,3716.880933408011,,,,1524.0,44.977
11684,3,3684,7781.310749891655,3717.880933408011,,,,1522.0,44.966
11685,3,3685,7782.310749891655,3718.880933408011,,,,1520.0,44.955
11686,3,3686,7783.310749891655,3719.880933408011,,,,1518.0,44.944
11687,3,3687,7784.310749891655,3720.880933408011,,,,1516.0,44.93
11688,3,3688,7785.310749891655,3721.880933408011,,,,1515.0,44.919
11689,3,3689,7786.310749891655,3722.880933408011,,,,1514.0,44.908
11690,3,3690,7787.310749891655,3723.880933408011,,,,1512.0,44.899
11691,3,3691,7788.310749891655,3724.880933408011,,,,1510.0,44.89
11692,3,3692,7789.310749891655,3725.880933408011,,,,1508.0,44.879
11693,3,3693,7790.310749891655,3726.880933408011,,,,1504.0,44.866
11694,3,3694,7791.310749891655,3727.880933408011,,,,1502.0,44.854
11695,3,3695,7792.310749891655,3728.880933408011,,,,1499.0,44.842
11696,3,3696,7793.310749891655,3729.880933408011,,,,1498.0,44.83
11697,3,3697,7794.310749891655,3730.880933408011,,,,1497.0,44.819
11698,3,3698,7795.310749891655,3731.880933408011,,,,1497.0,44.809
11699,3,3699,7796.310749891655,3732.880933408011,,,,1496.0,44.798
11700,3,3700,7797.310749891655,3733.880933408011,,,,1495.0,44.788
11701,3,3701,7798.310749891655,3734.880933408011,,,,1493.0,44.778
11702,3,3702,7799.310749891655,3735.880933408011,,,,1491.0,44.767
11703,3,3703,7800.310749891655,3736.880933408011,,,,1489.0,44.755
11704,3,3704,7801.310749891655,3737.880933408011,,,,1489.0,44.743
11705,3,3705,7802.310749891655,3738.880933408011,,,,1487.0,44.731
11706,3,3706,7803.310749891655,3739.880933408011,,,,1486.0,44.72
11707,3,3707,7804.310749891655,3740.880933408011,,,,1484.0,44.71
11708,3,3708,7805.310749891655,3741.880933408011,,,,1483.0,44.699
11709,3,3709,7806.310749891655,3742.880933408011,,,,1481.0,44.689
11710,3,3710,7807.310749891655,3743.880933408011,,,,1479.0,44.676
11711,3,3711,7808.310749891655,3744.880933408011,,,,1477.0,44.666
11712,3,3712,7809.310749891655,3745.880933408011,,,,1475.0,44.654
11713,3,3713,7810.310749891655,3746.880933408011,,,,1474.0,44.642
11714,3,3714,7811.310749891655,3747.880933408011,,,,1472.0,44.629
11715,3,3715,7812.310749891655,3748.880933408011,,,,1470.0,44.619
11716,3,3716,7813.310749891655,3749.880933408011,,,,1469.0,44.607
11717,3,3717,7814.310749891655,3750.880933408011,,,,1468.0,44.594
11718,3,3718,7815.310749891655,3751.880933408011,,,,1467.0,44.584
11719,3,3719,7816.310749891655,3752.880933408011,,,,1467.0,44.573
11720,3,3720,7817.310749891655,3753.880933408011,,,,1465.0,44.56
11721,3,3721,7818.310749891655,3754.880933408011,,,,1464.0,44.55
11722,3,3722,7819.310749891655,3755.880933408011,,,,1463.0,44.54
11723,3,3723,7820.310749891655,3756.880933408011,,,,1462.0,44.529
11724,3,3724,7821.310749891655,3757.880933408011,,,,1462.0,44.52
11725,3,3725,7822.310749891655,3758.880933408011,,,,1461.0,44.508
11726,3,3726,7823.310749891655,3759.880933408011,,,,1461.0,44.497
11727,3,3727,7824.310749891655,3760.880933408011,,,,1461.0,44.488
11728,3,3728,7825.310749891655,3761.880933408011,,,,1462.0,44.48
11729,3,3729,7826.310749891655,3762.880933408011,,,,1464.0,44.471
11730,3,3730,7827.310749891655,3763.880933408011,,,,1463.0,44.463
11731,3,3731,7828.310749891655,3764.880933408011,,,,1463.0,44.453
11732,3,3732,7829.310749891655,3765.880933408011,,,,1464.0,44.442
11733,3,3733,7830.310749891655,3766.880933408011,,,,1466.0,44.431
11734,3,3734,7831.310749891655,3767.880933408011,,,,1466.0,44.423
11735,3,3735,7832.310749891655,3768.880933408011,,,,1466.0,44.412
11736,3,3736,7833.310749891655,3769.880933408011,,,,1466.0,44.403
11737,3,3737,7834.310749891655,3770.880933408011,,,,1466.0,44.394
11738,3,3738,7835.310749891655,3771.880933408011,,,,1463.0,44.383
11739,3,3739,7836.310749891655,3772.880933408011,,,,1460.0,44.371
11740,3,3740,7837.310749891655,3773.880933408011,,,,1456.0,44.358
11741,3,3741,7838.310749891655,3774.880933408011,,,,1453.0,44.342
11742,3,3742,7839.310749891655,3775.880933408011,,,,1449.0,44.327
11743,3,3743,7840.310749891655,3776.880933408011,,,,1448.0,44.31
11744,3,3744,7841.310749891655,3777.880933408011,,,,1449.0,44.298
11745,3,3745,7842.310749891655,3778.880933408011,,,,1451.0,44.289
11746,3,3746,7843.310749891655,3779.880933408011,,,,1451.0,44.281
11747,3,3747,7844.310749891655,3780.880933408011,,,,1450.0,44.273
11748,3,3748,7845.310749891655,3781.880933408011,,,,1446.0,44.262
11749,3,3749,7846.310749891655,3782.880933408011,,,,1442.0,44.25
11750,3,3750,7847.310749891655,3783.880933408011,,,,1438.0,44.236
11751,3,3751,7848.310749891655,3784.880933408011,,,,1434.0,44.22
11752,3,3752,7849.310749891655,3785.880933408011,,,,1432.0,44.203
11753,3,3753,7850.310749891655,3786.880933408011,,,,1429.0,44.188
11754,3,3754,7851.310749891655,3787.880933408011,,,,1429.0,44.174
11755,3,3755,7852.310749891655,3788.880933408011,,,,1428.0,44.163
11756,3,3756,7853.310749891655,3789.880933408011,,,,1428.0,44.15
11757,3,3757,7854.310749891655,3790.880933408011,,,,1427.0,44.139
11758,3,3758,7855.310749891655,3791.880933408011,,,,1426.0,44.127
11759,3,3759,7856.310749891655,3792.880933408011,,,,1424.0,44.113
11760,3,3760,7857.310749891655,3793.880933408011,,,,1421.0,44.099
11761,3,3761,7858.310749891655,3794.880933408011,,,,1418.0,44.086
11762,3,3762,7859.310749891655,3795.880933408011,,,,1414.0,44.07
11763,3,3763,7860.310749891655,3796.880933408011,,,,1413.0,44.054
11764,3,3764,7861.310749891655,3797.880933408011,,,,1412.0,44.039
11765,3,3765,7862.310749891655,3798.880933408011,,,,1411.0,44.024
11766,3,3766,7863.310749891655,3799.880933408011,,,,1410.0,44.011
11767,3,3767,7864.310749891655,3800.880933408011,,,,1410.0,43.997
11768,3,3768,7865.310749891655,3801.880933408011,,,,1409.0,43.983
11769,3,3769,7866.310749891655,3802.880933408011,,,,1407.0,43.969
11770,3,3770,7867.310749891655,3803.880933408011,,,,1405.0,43.955
11771,3,3771,7868.310749891655,3804.880933408011,,,,1403.0,43.94
11772,3,3772,7869.310749891655,3805.880933408011,,,,1402.0,43.925
11773,3,3773,7870.310749891655,3806.880933408011,,,,1400.0,43.911
11774,3,3774,7871.310749891655,3807.880933408011,,,,1398.0,43.896
11775,3,3775,7872.310749891655,3808.880933408011,,,,1398.0,43.881
11776,3,3776,7873.310749891655,3809.880933408011,,,,1398.0,43.869
11777,3,3777,7874.310749891655,3810.880933408011,,,,1396.0,43.854
11778,3,3778,7875.310749891655,3811.880933408011,,,,1395.0,43.84
11779,3,3779,7876.310749891655,3812.880933408011,,,,1392.0,43.825
11780,3,3780,7877.310749891655,3813.880933408011,,,,1390.0,43.811
11781,3,3781,7878.310749891655,3814.880933408011,,,,1388.0,43.796
11782,3,3782,7879.310749891655,3815.880933408011,,,,1386.0,43.782
11783,3,3783,7880.310749891655,3816.880933408011,,,,1385.0,43.766
11784,3,3784,7881.310749891655,3817.880933408011,,,,1383.0,43.752
11785,3,3785,7882.310749891655,3818.880933408011,,,,1382.0,43.738
11786,3,3786,7883.310749891655,3819.880933408011,,,,1382.0,43.723
11787,3,3787,7884.310749891655,3820.880933408011,,,,1379.0,43.71
11788,3,3788,7885.310749891655,3821.880933408011,,,,1378.0,43.696
11789,3,3789,7886.310749891655,3822.880933408011,,,,1375.0,43.682
11790,3,3790,7887.310749891655,3823.880933408011,,,,1373.0,43.667
11791,3,3791,7888.310749891655,3824.880933408011,,,,1370.0,43.652
11792,3,3792,7889.310749891655,3825.880933408011,,,,1367.0,43.637
11793,3,3793,7890.310749891655,3826.880933408011,,,,1365.0,43.621
11794,3,3794,7891.310749891655,3827.880933408011,,,,1364.0,43.607
11795,3,3795,7892.310749891655,3828.880933408011,,,,1361.0,43.592
11796,3,3796,7893.310749891655,3829.880933408011,,,,1360.0,43.577
11797,3,3797,7894.310749891655,3830.880933408011,,,,1358.0,43.564
11798,3,3798,7895.310749891655,3831.880933408011,,,,1357.0,43.548
11799,3,3799,7896.310749891655,3832.880933408011,,,,1355.0,43.534
11800,3,3800,7897.310749891655,3833.880933408011,,,,1353.0,43.519
11801,3,3801,7898.310749891655,3834.880933408011,,,,1350.0,43.504
11802,3,3802,7899.310749891655,3835.880933408011,,,,1349.0,43.488
11803,3,3803,7900.310749891655,3836.880933408011,,,,1347.0,43.474
11804,3,3804,7901.310749891655,3837.880933408011,,,,1346.0,43.459
11805,3,3805,7902.310749891655,3838.880933408011,,,,1345.0,43.446
11806,3,3806,7903.310749891655,3839.880933408011,,,,1343.0,43.431
11807,3,3807,7904.310749891655,3840.880933408011,,,,1342.0,43.417
11808,3,3808,7905.310749891655,3841.880933408011,,,,1340.0,43.402
11809,3,3809,7906.310749891655,3842.880933408011,,,,1338.0,43.388
11810,3,3810,7907.310749891655,3843.880933408011,,,,1335.0,43.374
11811,3,3811,7908.310749891655,3844.880933408011,,,,1334.0,43.36
11812,3,3812,7909.310749891655,3845.880933408011,,,,1333.0,43.346
11813,3,3813,7910.310749891655,3846.880933408011,,,,1331.0,43.333
11814,3,3814,7911.310749891655,3847.880933408011,,,,1330.0,43.32
11815,3,3815,7912.310749891655,3848.880933408011,,,,1329.0,43.307
11816,3,3816,7913.310749891655,3849.880933408011,,,,1327.0,43.294
11817,3,3817,7914.310749891655,3850.880933408011,,,,1325.0,43.279
11818,3,3818,7915.310749891655,3851.880933408011,,,,1323.0,43.265
11819,3,3819,7916.310749891655,3852.880933408011,,,,1321.0,43.25
11820,3,3820,7917.310749891655,3853.880933408011,,,,1321.0,43.237
11821,3,3821,7918.310749891655,3854.880933408011,,,,1320.0,43.224
11822,3,3822,7919.310749891655,3855.880933408011,,,,1318.0,43.212
11823,3,3823,7920.310749891655,3856.880933408011,,,,1317.0,43.198
11824,3,3824,7921.310749891655,3857.880933408011,,,,1315.0,43.187
11825,3,3825,7922.310749891655,3858.880933408011,,,,1313.0,43.174
11826,3,3826,7923.310749891655,3859.880933408011,,,,1310.0,43.16
11827,3,3827,7924.310749891655,3860.880933408011,,,,1308.0,43.147
11828,3,3828,7925.310749891655,3861.880933408011,,,,1307.0,43.133
11829,3,3829,7926.310749891655,3862.880933408011,,,,1305.0,43.12
11830,3,3830,7927.310749891655,3863.880933408011,,,,1303.0,43.107
11831,3,3831,7928.310749891655,3864.880933408011,,,,1303.0,43.096
11832,3,3832,7929.310749891655,3865.880933408011,,,,1304.0,43.085
11833,3,3833,7930.310749891655,3866.880933408011,,,,1305.0,43.077
11834,3,3834,7931.310749891655,3867.880933408011,,,,1305.0,43.069
11835,3,3835,7932.310749891655,3868.880933408011,,,,1304.0,43.059
11836,3,3836,7933.310749891655,3869.880933408011,,,,1302.0,43.049
11837,3,3837,7934.310749891655,3870.880933408011,,,,1299.0,43.038
11838,3,3838,7935.310749891655,3871.880933408011,,,,1296.0,43.026
11839,3,3839,7936.310749891655,3872.880933408011,,,,1294.0,43.013
11840,3,3840,7937.310749891655,3873.880933408011,,,,1293.0,43.003
11841,3,3841,7938.310749891655,3874.880933408011,,,,1291.0,42.991
11842,3,3842,7939.310749891655,3875.880933408011,,,,1290.0,42.98
11843,3,3843,7940.310749891655,3876.880933408011,,,,1289.0,42.97
11844,3,3844,7941.310749891655,3877.880933408011,,,,1286.0,42.958
11845,3,3845,7942.310749891655,3878.880933408011,,,,1284.0,42.947
11846,3,3846,7943.310749891655,3879.880933408011,,,,1282.0,42.934
11847,3,3847,7944.310749891655,3880.880933408011,,,,1280.0,42.922
11848,3,3848,7945.310749891655,3881.880933408011,,,,1279.0,42.91
11849,3,3849,7946.310749891655,3882.880933408011,,,,1277.0,42.9
11850,3,3850,7947.310749891655,3883.880933408011,,,,1275.0,42.887
11851,3,3851,7948.310749891655,3884.880933408011,,,,1273.0,42.875
11852,3,3852,7949.310749891655,3885.880933408011,,,,1270.0,42.859
11853,3,3853,7950.310749891655,3886.880933408011,,,,1270.0,42.845
11854,3,3854,7951.310749891655,3887.880933408011,,,,1268.0,42.832
11855,3,3855,7952.310749891655,3888.880933408011,,,,1267.0,42.818
11856,3,3856,7953.310749891655,3889.880933408011,,,,1267.0,42.806
11857,3,3857,7954.310749891655,3890.880933408011,,,,1265.0,42.791
11858,3,3858,7955.310749891655,3891.880933408011,,,,1264.0,42.779
11859,3,3859,7956.310749891655,3892.880933408011,,,,1261.0,42.767
11860,3,3860,7957.310749891655,3893.880933408011,,,,1258.0,42.751
11861,3,3861,7958.310749891655,3894.880933408011,,,,1256.0,42.736
11862,3,3862,7959.310749891655,3895.880933408011,,,,1253.0,42.722
11863,3,3863,7960.310749891655,3896.880933408011,,,,1252.0,42.706
11864,3,3864,7961.310749891655,3897.880933408011,,,,1250.0,42.693
11865,3,3865,7962.310749891655,3898.880933408011,,,,1249.0,42.678
11866,3,3866,7963.310749891655,3899.880933408011,,,,1247.0,42.666
11867,3,3867,7964.310749891655,3900.880933408011,,,,1245.0,42.654
11868,3,3868,7965.310749891655,3901.880933408011,,,,1243.0,42.641
11869,3,3869,7966.310749891655,3902.880933408011,,,,1240.0,42.629
11870,3,3870,7967.310749891655,3903.880933408011,,,,1237.0,42.614
11871,3,3871,7968.310749891655,3904.880933408011,,,,1236.0,42.602
11872,3,3872,7969.310749891655,3905.880933408011,,,,1234.0,42.587
11873,3,3873,7970.310749891655,3906.880933408011,,,,1234.0,42.575
11874,3,3874,7971.310749891655,3907.880933408011,,,,1232.0,42.561
11875,3,3875,7972.310749891655,3908.880933408011,,,,1230.0,42.549
11876,3,3876,7973.310749891655,3909.880933408011,,,,1228.0,42.535
11877,3,3877,7974.310749891655,3910.880933408011,,,,1226.0,42.522
11878,3,3878,7975.310749891655,3911.880933408011,,,,1223.0,42.509
11879,3,3879,7976.310749891655,3912.880933408011,,,,1222.0,42.496
11880,3,3880,7977.310749891655,3913.880933408011,,,,1221.0,42.484
11881,3,3881,7978.310749891655,3914.880933408011,,,,1219.0,42.471
11882,3,3882,7979.310749891655,3915.880933408011,,,,1218.0,42.46
11883,3,3883,7980.310749891655,3916.880933408011,,,,1217.0,42.448
11884,3,3884,7981.310749891655,3917.880933408011,,,,1215.0,42.436
11885,3,3885,7982.310749891655,3918.880933408011,,,,1213.0,42.423
11886,3,3886,7983.310749891655,3919.880933408011,,,,1211.0,42.411
11887,3,3887,7984.310749891655,3920.880933408011,,,,1208.0,42.397
11888,3,3888,7985.310749891655,3921.880933408011,,,,1206.0,42.385
11889,3,3889,7986.310749891655,3922.880933408011,,,,1204.0,42.373
11890,3,3890,7987.310749891655,3923.880933408011,,,,1202.0,42.36
11891,3,3891,7988.310749891655,3924.880933408011,,,,1199.0,42.347
11892,3,3892,7989.310749891655,3925.880933408011,,,,1196.0,42.334
11893,3,3893,7990.310749891655,3926.880933408011,,,,1194.0,42.32
11894,3,3894,7991.310749891655,3927.880933408011,,,,1192.0,42.306
11895,3,3895,7992.310749891655,3928.880933408011,,,,1194.0,42.293
11896,3,3896,7993.310749891655,3929.880933408011,,,,1196.0,42.284
11897,3,3897,7994.310749891655,3930.880933408011,,,,1196.0,42.275
11898,3,3898,7995.310749891655,3931.880933408011,,,,1198.0,42.268
11899,3,3899,7996.310749891655,3932.880933408011,,,,1199.0,42.261
11900,3,3900,7997.310749891655,3933.880933408011,,,,1200.0,42.252
11901,3,3901,7998.310749891655,3934.880933408011,,,,1199.0,42.243
11902,3,3902,7999.310749891655,3935.880933408011,,,,1200.0,42.235
11903,3,3903,8000.310749891655,3936.880933408011,,,,1201.0,42.225
11904,3,3904,8001.310749891655,3937.880933408011,,,,1203.0,42.218
11905,3,3905,8002.310749891655,3938.880933408011,,,,1205.0,42.209
11906,3,3906,8003.310749891655,3939.880933408011,,,,1206.0,42.202
11907,3,3907,8004.310749891655,3940.880933408011,,,,1207.0,42.195
11908,3,3908,8005.310749891655,3941.880933408011,,,,1208.0,42.188
11909,3,3909,8006.310749891655,3942.880933408011,,,,1209.0,42.18
11910,3,3910,8007.310749891655,3943.880933408011,,,,1209.0,42.173
11911,3,3911,8008.310749891655,3944.880933408011,,,,1210.0,42.167
11912,3,3912,8009.310749891655,3945.880933408011,,,,1213.0,42.161
11913,3,3913,8010.310749891655,3946.880933408011,,,,1216.0,42.158
11914,3,3914,8011.310749891655,3947.880933408011,,,,1219.0,42.155
11915,3,3915,8012.310749891655,3948.880933408011,,,,1221.0,42.152
11938,3,3938,8035.310749891655,3971.880933408011,,,,1249.0,42.151
11939,3,3939,8036.310749891655,3972.880933408011,,,,1251.0,42.146
11940,3,3940,8037.310749891655,3973.880933408011,,,,1253.0,42.145
12058,3,4058,8155.310749891655,4091.880933408011,,,,1347.0,42.14
12059,3,4059,8156.310749891655,4092.880933408011,,,,1347.0,42.13
12060,3,4060,8157.310749891655,4093.880933408011,,,,1349.0,42.121
12061,3,4061,8158.310749891655,4094.880933408011,,,,1348.0,42.11
12062,3,4062,8159.310749891655,4095.880933408011,,,,1348.0,42.1
12063,3,4063,8160.310749891655,4096.880933408011,,,,1348.0,42.092
12064,3,4064,8161.310749891655,4097.880933408011,,,,1347.0,42.083
12065,3,4065,8162.310749891655,4098.880933408011,,,,1347.0,42.072
12066,3,4066,8163.310749891655,4099.880933408011,,,,1345.0,42.063
12067,3,4067,8164.310749891655,4100.880933408011,,,,1345.0,42.053
12068,3,4068,8165.310749891655,4101.880933408011,,,,1344.0,42.041
12069,3,4069,8166.310749891655,4102.880933408011,,,,1344.0,42.029
12070,3,4070,8167.310749891655,4103.880933408011,,,,1345.0,42.018
12071,3,4071,8168.310749891655,4104.880933408011,,,,1345.0,42.005
12072,3,4072,8169.310749891655,4105.880933408011,,,,1345.0,41.996
12073,3,4073,8170.310749891655,4106.880933408011,,,,1345.0,41.986
12074,3,4074,8171.310749891655,4107.880933408011,,,,1344.0,41.977
12075,3,4075,8172.310749891655,4108.880933408011,,,,1342.0,41.969
12076,3,4076,8173.310749891655,4109.880933408011,,,,1339.0,41.959
12077,3,4077,8174.310749891655,4110.880933408011,,,,1336.0,41.95
12078,3,4078,8175.310749891655,4111.880933408011,,,,1333.0,41.94
12079,3,4079,8176.310749891655,4112.880933408011,,,,1330.0,41.93
12080,3,4080,8177.310749891655,4113.880933408011,,,,1326.0,41.922
12081,3,4081,8178.310749891655,4114.880933408011,,,,1324.0,41.913
12082,3,4082,8179.310749891655,4115.880933408011,,,,1320.0,41.906
12083,3,4083,8180.310749891655,4116.880933408011,,,,1316.0,41.896
12084,3,4084,8181.310749891655,4117.880933408011,,,,1313.0,41.884
12085,3,4085,8182.310749891655,4118.880933408011,,,,1310.0,41.871
12086,3,4086,8183.310749891655,4119.880933408011,,,,1307.0,41.859
12087,3,4087,8184.310749891655,4120.880933408011,,,,1306.0,41.848
12088,3,4088,8185.310749891655,4121.880933408011,,,,1305.0,41.836
12089,3,4089,8186.310749891655,4122.880933408011,,,,1304.0,41.827
12090,3,4090,8187.310749891655,4123.880933408011,,,,1304.0,41.816
12091,3,4091,8188.310749891655,4124.880933408011,,,,1303.0,41.807
12092,3,4092,8189.310749891655,4125.880933408011,,,,1303.0,41.797
12093,3,4093,8190.310749891655,4126.880933408011,,,,1303.0,41.788
12094,3,4094,8191.310749891655,4127.880933408011,,,,1302.0,41.778
12095,3,4095,8192.310749891654,4128.880933408011,,,,1301.0,41.768
12096,3,4096,8193.310749891654,4129.880933408011,,,,1300.0,41.761
12097,3,4097,8194.310749891654,4130.880933408011,,,,1299.0,41.751
12098,3,4098,8195.310749891654,4131.880933408011,,,,1297.0,41.74
12099,3,4099,8196.310749891654,4132.880933408011,,,,1297.0,41.731
12100,3,4100,8197.310749891654,4133.880933408011,,,,1296.0,41.722
12101,3,4101,8198.310749891654,4134.880933408011,,,,1295.0,41.712
12102,3,4102,8199.310749891654,4135.880933408011,,,,1295.0,41.704
12103,3,4103,8200.310749891654,4136.880933408011,,,,1295.0,41.696
12104,3,4104,8201.310749891654,4137.880933408011,,,,1294.0,41.689
12105,3,4105,8202.310749891654,4138.880933408011,,,,1292.0,41.679
12106,3,4106,8203.310749891654,4139.880933408011,,,,1292.0,41.67
12107,3,4107,8204.310749891654,4140.880933408011,,,,1290.0,41.66
12108,3,4108,8205.310749891654,4141.880933408011,,,,1289.0,41.651
12109,3,4109,8206.310749891654,4142.880933408011,,,,1288.0,41.642
12110,3,4110,8207.310749891654,4143.880933408011,,,,1287.0,41.632
12111,3,4111,8208.310749891654,4144.880933408011,,,,1286.0,41.624
12112,3,4112,8209.310749891654,4145.880933408011,,,,1285.0,41.617
12113,3,4113,8210.310749891654,4146.880933408011,,,,1282.0,41.608
12114,3,4114,8211.310749891654,4147.880933408011,,,,1279.0,41.598
12115,3,4115,8212.310749891654,4148.880933408011,,,,1277.0,41.588
12116,3,4116,8213.310749891654,4149.880933408011,,,,1274.0,41.577
12117,3,4117,8214.310749891654,4150.880933408011,,,,1271.0,41.567
12118,3,4118,8215.310749891654,4151.880933408011,,,,1272.0,41.557
12119,3,4119,8216.310749891654,4152.880933408011,,,,1273.0,41.547
12120,3,4120,8217.310749891654,4153.880933408011,,,,1274.0,41.539
12121,3,4121,8218.310749891654,4154.880933408011,,,,1277.0,41.53
12122,3,4122,8219.310749891654,4155.880933408011,,,,1278.0,41.522
12123,3,4123,8220.310749891654,4156.880933408011,,,,1278.0,41.513
12124,3,4124,8221.310749891654,4157.880933408011,,,,1279.0,41.504
12125,3,4125,8222.310749891654,4158.880933408011,,,,1279.0,41.495
12126,3,4126,8223.310749891654,4159.880933408011,,,,1279.0,41.485
12127,3,4127,8224.310749891654,4160.880933408011,,,,1280.0,41.477
12128,3,4128,8225.310749891654,4161.880933408011,,,,1279.0,41.468
12129,3,4129,8226.310749891654,4162.880933408011,,,,1277.0,41.458
12130,3,4130,8227.310749891654,4163.880933408011,,,,1275.0,41.446
12131,3,4131,8228.310749891654,4164.880933408011,,,,1275.0,41.434
12132,3,4132,8229.310749891654,4165.880933408011,,,,1276.0,41.423
12133,3,4133,8230.310749891654,4166.880933408011,,,,1278.0,41.415
12134,3,4134,8231.310749891654,4167.880933408011,,,,1279.0,41.408
12135,3,4135,8232.310749891654,4168.880933408011,,,,1279.0,41.4
12136,3,4136,8233.310749891654,4169.880933408011,,,,1279.0,41.393
12137,3,4137,8234.310749891654,4170.880933408011,,,,1279.0,41.383
12138,3,4138,8235.310749891654,4171.880933408011,,,,1280.0,41.375
12139,3,4139,8236.310749891654,4172.880933408011,,,,1279.0,41.366
12140,3,4140,8237.310749891654,4173.880933408011,,,,1278.0,41.359
12141,3,4141,8238.310749891654,4174.880933408011,,,,1277.0,41.352
12142,3,4142,8239.310749891654,4175.880933408011,,,,1276.0,41.344
12143,3,4143,8240.310749891654,4176.880933408011,,,,1274.0,41.338
12144,3,4144,8241.310749891654,4177.880933408011,,,,1273.0,41.33
12145,3,4145,8242.310749891654,4178.880933408011,,,,1272.0,41.322
12146,3,4146,8243.310749891654,4179.880933408011,,,,1270.0,41.315
12147,3,4147,8244.310749891654,4180.880933408011,,,,1269.0,41.31
12148,3,4148,8245.310749891654,4181.880933408011,,,,1268.0,41.304
12149,3,4149,8246.310749891654,4182.880933408011,,,,1267.0,41.299
12150,3,4150,8247.310749891654,4183.880933408011,,,,1265.0,41.294
12151,3,4151,8248.310749891654,4184.880933408011,,,,1263.0,41.288
12152,3,4152,8249.310749891654,4185.880933408011,,,,1261.0,41.282
12153,3,4153,8250.310749891654,4186.880933408011,,,,1259.0,41.274
12154,3,4154,8251.310749891654,4187.880933408011,,,,1259.0,41.267
12155,3,4155,8252.310749891654,4188.880933408011,,,,1260.0,41.26
12156,3,4156,8253.310749891654,4189.880933408011,,,,1261.0,41.254
12157,3,4157,8254.310749891654,4190.880933408011,,,,1263.0,41.249
12158,3,4158,8255.310749891654,4191.880933408011,,,,1264.0,41.244
12159,3,4159,8256.310749891654,4192.880933408011,,,,1265.0,41.239
12160,3,4160,8257.310749891654,4193.880933408011,,,,1265.0,41.234
12161,3,4161,8258.310749891654,4194.880933408011,,,,1265.0,41.227
12162,3,4162,8259.310749891654,4195.880933408011,,,,1266.0,41.221
12163,3,4163,8260.310749891654,4196.880933408011,,,,1268.0,41.214
12164,3,4164,8261.310749891654,4197.880933408011,,,,1270.0,41.208
12165,3,4165,8262.310749891654,4198.880933408011,,,,1272.0,41.204
12166,3,4166,8263.310749891654,4199.880933408011,,,,1273.0,41.201
12167,3,4167,8264.310749891654,4200.880933408011,,,,1273.0,41.196
12168,3,4168,8265.310749891654,4201.880933408011,,,,1274.0,41.191
12169,3,4169,8266.310749891654,4202.880933408011,,,,1275.0,41.183
12170,3,4170,8267.310749891654,4203.880933408011,,,,1276.0,41.18
12171,3,4171,8268.310749891654,4204.880933408011,,,,1276.0,41.175
12172,3,4172,8269.310749891654,4205.880933408011,,,,1276.0,41.172
12173,3,4173,8270.310749891654,4206.880933408011,,,,1275.0,41.167
12174,3,4174,8271.310749891654,4207.880933408011,,,,1274.0,41.162
12175,3,4175,8272.310749891654,4208.880933408011,,,,1271.0,41.157
12176,3,4176,8273.310749891654,4209.880933408011,,,,1269.0,41.149
12177,3,4177,8274.310749891654,4210.880933408011,,,,1266.0,41.142
12178,3,4178,8275.310749891654,4211.880933408011,,,,1265.0,41.134
12179,3,4179,8276.310749891654,4212.880933408011,,,,1264.0,41.128
12180,3,4180,8277.310749891654,4213.880933408011,,,,1263.0,41.123
12181,3,4181,8278.310749891654,4214.880933408011,,,,1263.0,41.118
12182,3,4182,8279.310749891654,4215.880933408011,,,,1261.0,41.113
12183,3,4183,8280.310749891654,4216.880933408011,,,,1259.0,41.107
12184,3,4184,8281.310749891654,4217.880933408011,,,,1257.0,41.101
12185,3,4185,8282.310749891654,4218.880933408011,,,,1257.0,41.093
12186,3,4186,8283.310749891654,4219.880933408011,,,,1256.0,41.086
12187,3,4187,8284.310749891654,4220.880933408011,,,,1256.0,41.08
12188,3,4188,8285.310749891654,4221.880933408011,,,,1256.0,41.074
12189,3,4189,8286.310749891654,4222.880933408011,,,,1256.0,41.066
12190,3,4190,8287.310749891654,4223.880933408011,,,,1255.0,41.06
12191,3,4191,8288.310749891654,4224.880933408011,,,,1254.0,41.051
12192,3,4192,8289.310749891654,4225.880933408011,,,,1254.0,41.043
12193,3,4193,8290.310749891654,4226.880933408011,,,,1253.0,41.036
12194,3,4194,8291.310749891654,4227.880933408011,,,,1252.0,41.03
12195,3,4195,8292.310749891654,4228.880933408011,,,,1252.0,41.024
12196,3,4196,8293.310749891654,4229.880933408011,,,,1252.0,41.017
12197,3,4197,8294.310749891654,4230.880933408011,,,,1252.0,41.01
12198,3,4198,8295.310749891654,4231.880933408011,,,,1252.0,41.003
12199,3,4199,8296.310749891654,4232.880933408011,,,,1252.0,40.997
12200,3,4200,8297.310749891654,4233.880933408011,,,,1252.0,40.99
12201,3,4201,8298.310749891654,4234.880933408011,,,,1252.0,40.983
12202,3,4202,8299.310749891654,4235.880933408011,,,,1251.0,40.976
12203,3,4203,8300.310749891654,4236.880933408011,,,,1252.0,40.967
12204,3,4204,8301.310749891654,4237.880933408011,,,,1251.0,40.961
12205,3,4205,8302.310749891654,4238.880933408011,,,,1251.0,40.956
12206,3,4206,8303.310749891654,4239.880933408011,,,,1251.0,40.949
12207,3,4207,8304.310749891654,4240.880933408011,,,,1251.0,40.942
12208,3,4208,8305.310749891654,4241.880933408011,,,,1250.0,40.934
12209,3,4209,8306.310749891654,4242.880933408011,,,,1252.0,40.927
12210,3,4210,8307.310749891654,4243.880933408011,,,,1252.0,40.919
12211,3,4211,8308.310749891654,4244.880933408011,,,,1253.0,40.911
12212,3,4212,8309.310749891654,4245.880933408011,,,,1254.0,40.905
12213,3,4213,8310.310749891654,4246.880933408011,,,,1256.0,40.898
12214,3,4214,8311.310749891654,4247.880933408011,,,,1257.0,40.891
12215,3,4215,8312.310749891654,4248.880933408011,,,,1258.0,40.881
12216,3,4216,8313.310749891654,4249.880933408011,,,,1259.0,40.874
12217,3,4217,8314.310749891654,4250.880933408011,,,,1260.0,40.867
12218,3,4218,8315.310749891654,4251.880933408011,,,,1260.0,40.861
12219,3,4219,8316.310749891654,4252.880933408011,,,,1260.0,40.854
12220,3,4220,8317.310749891654,4253.880933408011,,,,1260.0,40.846
12221,3,4221,8318.310749891654,4254.880933408011,,,,1259.0,40.837
12222,3,4222,8319.310749891654,4255.880933408011,,,,1258.0,40.827
12223,3,4223,8320.310749891654,4256.880933408011,,,,1257.0,40.816
12224,3,4224,8321.310749891654,4257.880933408011,,,,1257.0,40.804
12225,3,4225,8322.310749891654,4258.880933408011,,,,1258.0,40.793
12226,3,4226,8323.310749891654,4259.880933408011,,,,1260.0,40.784
12227,3,4227,8324.310749891654,4260.880933408011,,,,1260.0,40.775
12228,3,4228,8325.310749891654,4261.880933408011,,,,1261.0,40.766
12229,3,4229,8326.310749891654,4262.880933408011,,,,1260.0,40.755
12230,3,4230,8327.310749891654,4263.880933408011,,,,1260.0,40.743
12231,3,4231,8328.310749891654,4264.880933408011,,,,1259.0,40.732
12232,3,4232,8329.310749891654,4265.880933408011,,,,1259.0,40.72
12233,3,4233,8330.310749891654,4266.880933408011,,,,1260.0,40.708
12234,3,4234,8331.310749891654,4267.880933408011,,,,1262.0,40.697
12235,3,4235,8332.310749891654,4268.880933408011,,,,1263.0,40.688
12236,3,4236,8333.310749891654,4269.880933408011,,,,1264.0,40.677
12237,3,4237,8334.310749891654,4270.880933408011,,,,1265.0,40.668
12238,3,4238,8335.310749891654,4271.880933408011,,,,1265.0,40.657
12239,3,4239,8336.310749891654,4272.880933408011,,,,1267.0,40.648
12240,3,4240,8337.310749891654,4273.880933408011,,,,1268.0,40.64
12241,3,4241,8338.310749891654,4274.880933408011,,,,1269.0,40.633
12242,3,4242,8339.310749891654,4275.880933408011,,,,1270.0,40.624
12243,3,4243,8340.310749891654,4276.880933408011,,,,1268.0,40.615
12244,3,4244,8341.310749891654,4277.880933408011,,,,1268.0,40.605
12245,3,4245,8342.310749891654,4278.880933408011,,,,1269.0,40.595
12246,3,4246,8343.310749891654,4279.880933408011,,,,1271.0,40.587
12247,3,4247,8344.310749891654,4280.880933408011,,,,1273.0,40.581
12248,3,4248,8345.310749891654,4281.880933408011,,,,1275.0,40.575
12249,3,4249,8346.310749891654,4282.880933408011,,,,1275.0,40.569
12250,3,4250,8347.310749891654,4283.880933408011,,,,1274.0,40.56
12251,3,4251,8348.310749891654,4284.880933408011,,,,1272.0,40.551
12252,3,4252,8349.310749891654,4285.880933408011,,,,1272.0,40.54
12253,3,4253,8350.310749891654,4286.880933408011,,,,1271.0,40.532
12254,3,4254,8351.310749891654,4287.880933408011,,,,1271.0,40.525
12255,3,4255,8352.310749891654,4288.880933408011,,,,1270.0,40.518
12256,3,4256,8353.310749891654,4289.880933408011,,,,1270.0,40.51
12257,3,4257,8354.310749891654,4290.880933408011,,,,1269.0,40.503
12258,3,4258,8355.310749891654,4291.880933408011,,,,1268.0,40.494
12259,3,4259,8356.310749891654,4292.880933408011,,,,1268.0,40.487
12260,3,4260,8357.310749891654,4293.880933408011,,,,1270.0,40.481
12261,3,4261,8358.310749891654,4294.880933408011,,,,1270.0,40.476
12262,3,4262,8359.310749891654,4295.880933408011,,,,1269.0,40.47
12263,3,4263,8360.310749891654,4296.880933408011,,,,1267.0,40.462
12264,3,4264,8361.310749891654,4297.880933408011,,,,1264.0,40.453
12265,3,4265,8362.310749891654,4298.880933408011,,,,1264.0,40.444
12266,3,4266,8363.310749891654,4299.880933408011,,,,1263.0,40.435
12267,3,4267,8364.310749891654,4300.880933408011,,,,1264.0,40.427
12268,3,4268,8365.310749891654,4301.880933408011,,,,1264.0,40.419
12269,3,4269,8366.310749891654,4302.880933408011,,,,1264.0,40.412
12270,3,4270,8367.310749891654,4303.880933408011,,,,1264.0,40.403
12271,3,4271,8368.310749891654,4304.880933408011,,,,1263.0,40.394
12272,3,4272,8369.310749891654,4305.880933408011,,,,1263.0,40.384
12273,3,4273,8370.310749891654,4306.880933408011,,,,1264.0,40.376
12274,3,4274,8371.310749891654,4307.880933408011,,,,1266.0,40.369
12275,3,4275,8372.310749891654,4308.880933408011,,,,1268.0,40.362
12276,3,4276,8373.310749891654,4309.880933408011,,,,1268.0,40.356
12277,3,4277,8374.310749891654,4310.880933408011,,,,1270.0,40.35
12278,3,4278,8375.310749891654,4311.880933408011,,,,1271.0,40.342
12279,3,4279,8376.310749891654,4312.880933408011,,,,1272.0,40.334
12280,3,4280,8377.310749891654,4313.880933408011,,,,1273.0,40.325
12281,3,4281,8378.310749891654,4314.880933408011,,,,1274.0,40.317
12282,3,4282,8379.310749891654,4315.880933408011,,,,1276.0,40.312
12283,3,4283,8380.310749891654,4316.880933408011,,,,1276.0,40.309
12284,3,4284,8381.310749891654,4317.880933408011,,,,1277.0,40.305
12285,3,4285,8382.310749891654,4318.880933408011,,,,1277.0,40.304
12308,3,4308,8405.310749891654,4341.880933408011,,,,1287.0,40.3
12309,3,4309,8406.310749891654,4342.880933408011,,,,1289.0,40.294
12310,3,4310,8407.310749891654,4343.880933408011,,,,1290.0,40.289
12311,3,4311,8408.310749891654,4344.880933408011,,,,1292.0,40.285
12312,3,4312,8409.310749891654,4345.880933408011,,,,1293.0,40.281
12313,3,4313,8410.310749891654,4346.880933408011,,,,1294.0,40.275
12314,3,4314,8411.310749891654,4347.880933408011,,,,1294.0,40.27
12315,3,4315,8412.310749891654,4348.880933408011,,,,1294.0,40.264
12316,3,4316,8413.310749891654,4349.880933408011,,,,1295.0,40.259
12317,3,4317,8414.310749891654,4350.880933408011,,,,1296.0,40.253
12318,3,4318,8415.310749891654,4351.880933408011,,,,1298.0,40.247
12319,3,4319,8416.310749891654,4352.880933408011,,,,1299.0,40.241
12320,3,4320,8417.310749891654,4353.880933408011,,,,1300.0,40.235
12321,3,4321,8418.310749891654,4354.880933408011,,,,1300.0,40.229
12322,3,4322,8419.310749891654,4355.880933408011,,,,1301.0,40.223
12323,3,4323,8420.310749891654,4356.880933408011,,,,1302.0,40.219
12324,3,4324,8421.310749891654,4357.880933408011,,,,1301.0,40.218
12325,3,4325,8422.310749891654,4358.880933408011,,,,1303.0,40.217
12342,3,4342,8439.310749891654,4375.880933408011,,,,1306.0,40.216
12343,3,4343,8440.310749891654,4376.880933408011,,,,1307.0,40.213
12344,3,4344,8441.310749891654,4377.880933408011,,,,1308.0,40.208
12345,3,4345,8442.310749891654,4378.880933408011,,,,1309.0,40.202
12346,3,4346,8443.310749891654,4379.880933408011,,,,1310.0,40.194
12347,3,4347,8444.310749891654,4380.880933408011,,,,1312.0,40.186
12348,3,4348,8445.310749891654,4381.880933408011,,,,1314.0,40.179
12349,3,4349,8446.310749891654,4382.880933408011,,,,1317.0,40.172
12350,3,4350,8447.310749891654,4383.880933408011,,,,1319.0,40.166
12351,3,4351,8448.310749891654,4384.880933408011,,,,1322.0,40.159
12352,3,4352,8449.310749891654,4385.880933408011,,,,1323.0,40.155
12353,3,4353,8450.310749891654,4386.880933408011,,,,1325.0,40.15
12354,3,4354,8451.310749891654,4387.880933408011,,,,1327.0,40.144
12355,3,4355,8452.310749891654,4388.880933408011,,,,1328.0,40.143
12768,3,4768,8865.310749891654,4801.880933408011,,,,1620.0,40.141
12769,3,4769,8866.310749891654,4802.880933408011,,,,1620.0,40.132
12770,3,4770,8867.310749891654,4803.880933408011,,,,1619.0,40.122
12771,3,4771,8868.310749891654,4804.880933408011,,,,1620.0,40.111
12772,3,4772,8869.310749891654,4805.880933408011,,,,1620.0,40.102
12773,3,4773,8870.310749891654,4806.880933408011,,,,1621.0,40.092
12774,3,4774,8871.310749891654,4807.880933408011,,,,1621.0,40.083
12775,3,4775,8872.310749891654,4808.880933408011,,,,1620.0,40.073
12776,3,4776,8873.310749891654,4809.880933408011,,,,1619.0,40.064
12777,3,4777,8874.310749891654,4810.880933408011,,,,1617.0,40.053
12778,3,4778,8875.310749891654,4811.880933408011,,,,1614.0,40.041
12779,3,4779,8876.310749891654,4812.880933408011,,,,1610.0,40.028
12780,3,4780,8877.310749891654,4813.880933408011,,,,1607.0,40.015
12781,3,4781,8878.310749891654,4814.880933408011,,,,1605.0,40.002
12782,3,4782,8879.310749891654,4815.880933408011,,,,1604.0,39.99
12783,3,4783,8880.310749891654,4816.880933408011,,,,1604.0,39.977
12784,3,4784,8881.310749891654,4817.880933408011,,,,1603.0,39.968
12785,3,4785,8882.310749891654,4818.880933408011,,,,1603.0,39.957
12786,3,4786,8883.310749891654,4819.880933408011,,,,1601.0,39.947
12787,3,4787,8884.310749891654,4820.880933408011,,,,1599.0,39.936
12788,3,4788,8885.310749891654,4821.880933408011,,,,1598.0,39.924
12789,3,4789,8886.310749891654,4822.880933408011,,,,1596.0,39.913
12790,3,4790,8887.310749891654,4823.880933408011,,,,1595.0,39.901
12791,3,4791,8888.310749891654,4824.880933408011,,,,1594.0,39.89
12792,3,4792,8889.310749891654,4825.880933408011,,,,1594.0,39.879
12793,3,4793,8890.310749891654,4826.880933408011,,,,1592.0,39.87
12794,3,4794,8891.310749891654,4827.880933408011,,,,1590.0,39.858
12795,3,4795,8892.310749891654,4828.880933408011,,,,1589.0,39.847
12796,3,4796,8893.310749891654,4829.880933408011,,,,1587.0,39.835
12797,3,4797,8894.310749891654,4830.880933408011,,,,1585.0,39.821
12798,3,4798,8895.310749891654,4831.880933408011,,,,1584.0,39.808
12799,3,4799,8896.310749891654,4832.880933408011,,,,1583.0,39.795
12800,3,4800,8897.310749891654,4833.880933408011,,,,1582.0,39.782
12801,3,4801,8898.310749891654,4834.880933408011,,,,1581.0,39.772
12802,3,4802,8899.310749891654,4835.880933408011,,,,1580.0,39.76
12803,3,4803,8900.310749891654,4836.880933408011,,,,1579.0,39.747
12804,3,4804,8901.310749891654,4837.880933408011,,,,1578.0,39.735
12805,3,4805,8902.310749891654,4838.880933408011,,,,1576.0,39.722
12806,3,4806,8903.310749891654,4839.880933408011,,,,1575.0,39.708
12807,3,4807,8904.310749891654,4840.880933408011,,,,1575.0,39.695
12808,3,4808,8905.310749891654,4841.880933408011,,,,1574.0,39.681
12809,3,4809,8906.310749891654,4842.880933408011,,,,1571.0,39.667
12810,3,4810,8907.310749891654,4843.880933408011,,,,1569.0,39.652
12811,3,4811,8908.310749891654,4844.880933408011,,,,1566.0,39.637
12812,3,4812,8909.310749891654,4845.880933408011,,,,1564.0,39.621
12813,3,4813,8910.310749891654,4846.880933408011,,,,1563.0,39.603
12814,3,4814,8911.310749891654,4847.880933408011,,,,1561.0,39.589
12815,3,4815,8912.310749891654,4848.880933408011,,,,1561.0,39.573
12816,3,4816,8913.310749891654,4849.880933408011,,,,1559.0,39.559
12817,3,4817,8914.310749891654,4850.880933408011,,,,1559.0,39.547
12818,3,4818,8915.310749891654,4851.880933408011,,,,1557.0,39.533
12819,3,4819,8916.310749891654,4852.880933408011,,,,1555.0,39.518
12820,3,4820,8917.310749891654,4853.880933408011,,,,1553.0,39.505
12821,3,4821,8918.310749891654,4854.880933408011,,,,1550.0,39.489
12822,3,4822,8919.310749891654,4855.880933408011,,,,1548.0,39.474
12823,3,4823,8920.310749891654,4856.880933408011,,,,1546.0,39.459
12824,3,4824,8921.310749891654,4857.880933408011,,,,1544.0,39.442
12825,3,4825,8922.310749891654,4858.880933408011,,,,1541.0,39.426
12826,3,4826,8923.310749891654,4859.880933408011,,,,1540.0,39.411
12827,3,4827,8924.310749891654,4860.880933408011,,,,1538.0,39.396
12828,3,4828,8925.310749891654,4861.880933408011,,,,1536.0,39.38
12829,3,4829,8926.310749891654,4862.880933408011,,,,1534.0,39.364
12830,3,4830,8927.310749891654,4863.880933408011,,,,1533.0,39.351
12831,3,4831,8928.310749891654,4864.880933408011,,,,1530.0,39.336
12832,3,4832,8929.310749891654,4865.880933408011,,,,1528.0,39.321
12833,3,4833,8930.310749891654,4866.880933408011,,,,1527.0,39.306
12834,3,4834,8931.310749891654,4867.880933408011,,,,1524.0,39.291
12835,3,4835,8932.310749891654,4868.880933408011,,,,1523.0,39.277
12836,3,4836,8933.310749891654,4869.880933408011,,,,1521.0,39.261
12837,3,4837,8934.310749891654,4870.880933408011,,,,1520.0,39.248
12838,3,4838,8935.310749891654,4871.880933408011,,,,1518.0,39.235
12839,3,4839,8936.310749891654,4872.880933408011,,,,1515.0,39.22
12840,3,4840,8937.310749891654,4873.880933408011,,,,1513.0,39.207
12841,3,4841,8938.310749891654,4874.880933408011,,,,1510.0,39.192
12842,3,4842,8939.310749891654,4875.880933408011,,,,1508.0,39.179
12843,3,4843,8940.310749891654,4876.880933408011,,,,1505.0,39.163
12844,3,4844,8941.310749891654,4877.880933408011,,,,1502.0,39.15
12845,3,4845,8942.310749891654,4878.880933408011,,,,1500.0,39.136
12846,3,4846,8943.310749891654,4879.880933408011,,,,1498.0,39.122
12847,3,4847,8944.310749891654,4880.880933408011,,,,1495.0,39.106
12848,3,4848,8945.310749891654,4881.880933408011,,,,1492.0,39.093
12849,3,4849,8946.310749891654,4882.880933408011,,,,1490.0,39.078
12850,3,4850,8947.310749891654,4883.880933408011,,,,1488.0,39.064
12851,3,4851,8948.310749891654,4884.880933408011,,,,1485.0,39.051
12852,3,4852,8949.310749891654,4885.880933408011,,,,1483.0,39.037
12853,3,4853,8950.310749891654,4886.880933408011,,,,1480.0,39.023
12854,3,4854,8951.310749891654,4887.880933408011,,,,1478.0,39.008
12855,3,4855,8952.310749891654,4888.880933408011,,,,1476.0,38.995
12856,3,4856,8953.310749891654,4889.880933408011,,,,1474.0,38.979
12857,3,4857,8954.310749891654,4890.880933408011,,,,1472.0,38.966
12858,3,4858,8955.310749891654,4891.880933408011,,,,1471.0,38.952
12859,3,4859,8956.310749891654,4892.880933408011,,,,1469.0,38.937
12860,3,4860,8957.310749891654,4893.880933408011,,,,1468.0,38.922
12861,3,4861,8958.310749891654,4894.880933408011,,,,1467.0,38.908
12862,3,4862,8959.310749891654,4895.880933408011,,,,1464.0,38.893
12863,3,4863,8960.310749891654,4896.880933408011,,,,1463.0,38.877
12864,3,4864,8961.310749891654,4897.880933408011,,,,1461.0,38.864
12865,3,4865,8962.310749891654,4898.880933408011,,,,1460.0,38.848
12866,3,4866,8963.310749891654,4899.880933408011,,,,1458.0,38.835
12867,3,4867,8964.310749891654,4900.880933408011,,,,1457.0,38.82
12868,3,4868,8965.310749891654,4901.880933408011,,,,1455.0,38.806
12869,3,4869,8966.310749891654,4902.880933408011,,,,1453.0,38.794
12870,3,4870,8967.310749891654,4903.880933408011,,,,1452.0,38.781
12871,3,4871,8968.310749891654,4904.880933408011,,,,1452.0,38.771
12872,3,4872,8969.310749891654,4905.880933408011,,,,1452.0,38.761
12873,3,4873,8970.310749891654,4906.880933408011,,,,1452.0,38.754
12874,3,4874,8971.310749891654,4907.880933408011,,,,1450.0,38.743
12875,3,4875,8972.310749891654,4908.880933408011,,,,1448.0,38.733
12876,3,4876,8973.310749891654,4909.880933408011,,,,1443.0,38.722
12877,3,4877,8974.310749891654,4910.880933408011,,,,1440.0,38.71
12878,3,4878,8975.310749891654,4911.880933408011,,,,1435.0,38.696
12879,3,4879,8976.310749891654,4912.880933408011,,,,1433.0,38.682
12880,3,4880,8977.310749891654,4913.880933408011,,,,1432.0,38.669
12881,3,4881,8978.310749891654,4914.880933408011,,,,1431.0,38.658
12882,3,4882,8979.310749891654,4915.880933408011,,,,1430.0,38.647
12883,3,4883,8980.310749891654,4916.880933408011,,,,1429.0,38.635
12884,3,4884,8981.310749891654,4917.880933408011,,,,1427.0,38.625
12885,3,4885,8982.310749891654,4918.880933408011,,,,1425.0,38.615
12886,3,4886,8983.310749891654,4919.880933408011,,,,1423.0,38.604
12887,3,4887,8984.310749891654,4920.880933408011,,,,1420.0,38.592
12888,3,4888,8985.310749891654,4921.880933408011,,,,1417.0,38.58
12889,3,4889,8986.310749891654,4922.880933408011,,,,1415.0,38.568
12890,3,4890,8987.310749891654,4923.880933408011,,,,1413.0,38.556
12891,3,4891,8988.310749891654,4924.880933408011,,,,1411.0,38.544
12892,3,4892,8989.310749891654,4925.880933408011,,,,1409.0,38.532
12893,3,4893,8990.310749891654,4926.880933408011,,,,1407.0,38.52
12894,3,4894,8991.310749891654,4927.880933408011,,,,1405.0,38.51
12895,3,4895,8992.310749891654,4928.880933408011,,,,1402.0,38.498
12896,3,4896,8993.310749891654,4929.880933408011,,,,1400.0,38.484
12897,3,4897,8994.310749891654,4930.880933408011,,,,1399.0,38.472
12898,3,4898,8995.310749891654,4931.880933408011,,,,1399.0,38.458
12899,3,4899,8996.310749891654,4932.880933408011,,,,1401.0,38.447
12900,3,4900,8997.310749891654,4933.880933408011,,,,1402.0,38.436
12901,3,4901,8998.310749891654,4934.880933408011,,,,1401.0,38.426
12902,3,4902,8999.310749891654,4935.880933408011,,,,1402.0,38.414
12903,3,4903,9000.310749891654,4936.880933408011,,,,1401.0,38.403
12904,3,4904,9001.310749891654,4937.880933408011,,,,1400.0,38.391
12905,3,4905,9002.310749891654,4938.880933408011,,,,1398.0,38.378
12906,3,4906,9003.310749891654,4939.880933408011,,,,1397.0,38.366
12907,3,4907,9004.310749891654,4940.880933408011,,,,1397.0,38.354
12908,3,4908,9005.310749891654,4941.880933408011,,,,1398.0,38.345
12909,3,4909,9006.310749891654,4942.880933408011,,,,1399.0,38.337
12910,3,4910,9007.310749891654,4943.880933408011,,,,1401.0,38.329
12911,3,4911,9008.310749891654,4944.880933408011,,,,1403.0,38.322
12912,3,4912,9009.310749891654,4945.880933408011,,,,1404.0,38.318
12913,3,4913,9010.310749891654,4946.880933408011,,,,1404.0,38.313
12914,3,4914,9011.310749891654,4947.880933408011,,,,1403.0,38.306
12915,3,4915,9012.310749891654,4948.880933408011,,,,1401.0,38.297
12916,3,4916,9013.310749891654,4949.880933408011,,,,1399.0,38.29
12917,3,4917,9014.310749891654,4950.880933408011,,,,1396.0,38.28
12918,3,4918,9015.310749891654,4951.880933408011,,,,1394.0,38.27
12919,3,4919,9016.310749891654,4952.880933408011,,,,1391.0,38.258
12920,3,4920,9017.310749891654,4953.880933408011,,,,1389.0,38.247
12921,3,4921,9018.310749891654,4954.880933408011,,,,1389.0,38.238
12922,3,4922,9019.310749891654,4955.880933408011,,,,1387.0,38.228
12923,3,4923,9020.310749891654,4956.880933408011,,,,1386.0,38.219
12924,3,4924,9021.310749891654,4957.880933408011,,,,1385.0,38.209
12925,3,4925,9022.310749891654,4958.880933408011,,,,1383.0,38.199
12926,3,4926,9023.310749891654,4959.880933408011,,,,1380.0,38.187
12927,3,4927,9024.310749891654,4960.880933408011,,,,1379.0,38.177
12928,3,4928,9025.310749891654,4961.880933408011,,,,1377.0,38.164
12929,3,4929,9026.310749891654,4962.880933408011,,,,1376.0,38.153
12930,3,4930,9027.310749891654,4963.880933408011,,,,1374.0,38.143
12931,3,4931,9028.310749891654,4964.880933408011,,,,1373.0,38.133
12932,3,4932,9029.310749891654,4965.880933408011,,,,1372.0,38.122
12933,3,4933,9030.310749891654,4966.880933408011,,,,1371.0,38.111
12934,3,4934,9031.310749891654,4967.880933408011,,,,1370.0,38.101
12935,3,4935,9032.310749891654,4968.880933408011,,,,1370.0,38.09
12936,3,4936,9033.310749891654,4969.880933408011,,,,1369.0,38.08
12937,3,4937,9034.310749891654,4970.880933408011,,,,1369.0,38.071
12938,3,4938,9035.310749891654,4971.880933408011,,,,1368.0,38.062
12939,3,4939,9036.310749891654,4972.880933408011,,,,1369.0,38.053
12940,3,4940,9037.310749891654,4973.880933408011,,,,1368.0,38.045
12941,3,4941,9038.310749891654,4974.880933408011,,,,1367.0,38.037
12942,3,4942,9039.310749891654,4975.880933408011,,,,1365.0,38.029
12943,3,4943,9040.310749891654,4976.880933408011,,,,1364.0,38.02
12944,3,4944,9041.310749891654,4977.880933408011,,,,1362.0,38.01
12945,3,4945,9042.310749891654,4978.880933408011,,,,1360.0,38.001
12946,3,4946,9043.310749891654,4979.880933408011,,,,1359.0,37.991
12947,3,4947,9044.310749891654,4980.880933408011,,,,1358.0,37.981
12948,3,4948,9045.310749891654,4981.880933408011,,,,1358.0,37.973
12949,3,4949,9046.310749891654,4982.880933408011,,,,1357.0,37.964
12950,3,4950,9047.310749891654,4983.880933408011,,,,1356.0,37.954
12951,3,4951,9048.310749891654,4984.880933408011,,,,1356.0,37.945
12952,3,4952,9049.310749891654,4985.880933408011,,,,1356.0,37.935
12953,3,4953,9050.310749891654,4986.880933408011,,,,1357.0,37.927
12954,3,4954,9051.310749891654,4987.880933408011,,,,1357.0,37.919
12955,3,4955,9052.310749891654,4988.880933408011,,,,1359.0,37.911
12956,3,4956,9053.310749891654,4989.880933408011,,,,1360.0,37.903
12957,3,4957,9054.310749891654,4990.880933408011,,,,1362.0,37.894
12958,3,4958,9055.310749891654,4991.880933408011,,,,1364.0,37.886
12959,3,4959,9056.310749891654,4992.880933408011,,,,1366.0,37.881
12960,3,4960,9057.310749891654,4993.880933408011,,,,1367.0,37.875
12961,3,4961,9058.310749891654,4994.880933408011,,,,1368.0,37.869
12962,3,4962,9059.310749891654,4995.880933408011,,,,1367.0,37.864
12963,3,4963,9060.310749891654,4996.880933408011,,,,1367.0,37.859
12964,3,4964,9061.310749891654,4997.880933408011,,,,1367.0,37.856
13025,3,5025,9122.310749891654,5058.880933408011,,,,1421.0,37.855
13026,3,5026,9123.310749891654,5059.880933408011,,,,1423.0,37.854
13118,3,5118,9215.310749891654,5151.880933408011,,,,1526.0,37.851
13119,3,5119,9216.310749891654,5152.880933408011,,,,1526.0,37.846
13120,3,5120,9217.310749891654,5153.880933408011,,,,1525.0,37.842
13121,3,5121,9218.310749891654,5154.880933408011,,,,1523.0,37.838
13122,3,5122,9219.310749891654,5155.880933408011,,,,1521.0,37.833
13123,3,5123,9220.310749891654,5156.880933408011,,,,1517.0,37.827
13124,3,5124,9221.310749891654,5157.880933408011,,,,1514.0,37.818
13125,3,5125,9222.310749891654,5158.880933408011,,,,1512.0,37.806
13126,3,5126,9223.310749891654,5159.880933408011,,,,1511.0,37.795
13127,3,5127,9224.310749891654,5160.880933408011,,,,1512.0,37.787
13128,3,5128,9225.310749891654,5161.880933408011,,,,1511.0,37.777
13129,3,5129,9226.310749891654,5162.880933408011,,,,1511.0,37.768
13130,3,5130,9227.310749891654,5163.880933408011,,,,1510.0,37.758
13131,3,5131,9228.310749891654,5164.880933408011,,,,1508.0,37.748
13132,3,5132,9229.310749891654,5165.880933408011,,,,1506.0,37.734
13133,3,5133,9230.310749891654,5166.880933408011,,,,1504.0,37.722
13134,3,5134,9231.310749891654,5167.880933408011,,,,1503.0,37.709
13135,3,5135,9232.310749891654,5168.880933408011,,,,1502.0,37.696
13136,3,5136,9233.310749891654,5169.880933408011,,,,1502.0,37.684
13137,3,5137,9234.310749891654,5170.880933408011,,,,1501.0,37.673
13138,3,5138,9235.310749891654,5171.880933408011,,,,1499.0,37.66
13139,3,5139,9236.310749891654,5172.880933408011,,,,1499.0,37.648
13140,3,5140,9237.310749891654,5173.880933408011,,,,1498.0,37.636
13141,3,5141,9238.310749891654,5174.880933408011,,,,1496.0,37.622
13142,3,5142,9239.310749891654,5175.880933408011,,,,1495.0,37.609
13143,3,5143,9240.310749891654,5176.880933408011,,,,1494.0,37.598
13144,3,5144,9241.310749891654,5177.880933408011,,,,1493.0,37.585
13145,3,5145,9242.310749891654,5178.880933408011,,,,1493.0,37.574
13146,3,5146,9243.310749891654,5179.880933408011,,,,1493.0,37.563
13147,3,5147,9244.310749891654,5180.880933408011,,,,1492.0,37.553
13148,3,5148,9245.310749891654,5181.880933408011,,,,1491.0,37.541
13149,3,5149,9246.310749891654,5182.880933408011,,,,1489.0,37.528
13150,3,5150,9247.310749891654,5183.880933408011,,,,1489.0,37.517
13151,3,5151,9248.310749891654,5184.880933408011,,,,1487.0,37.503
13152,3,5152,9249.310749891654,5185.880933408011,,,,1486.0,37.492
13153,3,5153,9250.310749891654,5186.880933408011,,,,1485.0,37.48
13154,3,5154,9251.310749891654,5187.880933408011,,,,1484.0,37.468
13155,3,5155,9252.310749891654,5188.880933408011,,,,1483.0,37.455
13156,3,5156,9253.310749891654,5189.880933408011,,,,1481.0,37.442
13157,3,5157,9254.310749891654,5190.880933408011,,,,1480.0,37.429
13158,3,5158,9255.310749891654,5191.880933408011,,,,1480.0,37.418
13159,3,5159,9256.310749891654,5192.880933408011,,,,1480.0,37.406
13160,3,5160,9257.310749891654,5193.880933408011,,,,1479.0,37.395
13161,3,5161,9258.310749891654,5194.880933408011,,,,1477.0,37.382
13162,3,5162,9259.310749891654,5195.880933408011,,,,1476.0,37.37
13163,3,5163,9260.310749891654,5196.880933408011,,,,1475.0,37.355
13164,3,5164,9261.310749891654,5197.880933408011,,,,1474.0,37.343
13165,3,5165,9262.310749891654,5198.880933408011,,,,1472.0,37.33
13166,3,5166,9263.310749891654,5199.880933408011,,,,1472.0,37.318
13167,3,5167,9264.310749891654,5200.880933408011,,,,1471.0,37.304
13168,3,5168,9265.310749891654,5201.880933408011,,,,1469.0,37.292
13169,3,5169,9266.310749891654,5202.880933408011,,,,1469.0,37.28
13170,3,5170,9267.310749891654,5203.880933408011,,,,1467.0,37.267
13171,3,5171,9268.310749891654,5204.880933408011,,,,1465.0,37.254
13172,3,5172,9269.310749891654,5205.880933408011,,,,1463.0,37.242
13173,3,5173,9270.310749891654,5206.880933408011,,,,1461.0,37.228
13174,3,5174,9271.310749891654,5207.880933408011,,,,1460.0,37.216
13175,3,5175,9272.310749891654,5208.880933408011,,,,1458.0,37.203
13176,3,5176,9273.310749891654,5209.880933408011,,,,1456.0,37.192
13177,3,5177,9274.310749891654,5210.880933408011,,,,1456.0,37.179
13178,3,5178,9275.310749891654,5211.880933408011,,,,1454.0,37.165
13179,3,5179,9276.310749891654,5212.880933408011,,,,1452.0,37.154
13180,3,5180,9277.310749891654,5213.880933408011,,,,1451.0,37.141
13181,3,5181,9278.310749891654,5214.880933408011,,,,1449.0,37.129
13182,3,5182,9279.310749891654,5215.880933408011,,,,1447.0,37.116
13183,3,5183,9280.310749891654,5216.880933408011,,,,1446.0,37.103
13184,3,5184,9281.310749891654,5217.880933408011,,,,1444.0,37.088
13185,3,5185,9282.310749891654,5218.880933408011,,,,1443.0,37.076
13186,3,5186,9283.310749891654,5219.880933408011,,,,1441.0,37.063
13187,3,5187,9284.310749891654,5220.880933408011,,,,1441.0,37.05
13188,3,5188,9285.310749891654,5221.880933408011,,,,1439.0,37.039
13189,3,5189,9286.310749891654,5222.880933408011,,,,1436.0,37.027
13190,3,5190,9287.310749891654,5223.880933408011,,,,1434.0,37.014
13191,3,5191,9288.310749891654,5224.880933408011,,,,1432.0,36.999
13192,3,5192,9289.310749891654,5225.880933408011,,,,1431.0,36.986
13193,3,5193,9290.310749891654,5226.880933408011,,,,1430.0,36.971
13194,3,5194,9291.310749891654,5227.880933408011,,,,1430.0,36.96
13195,3,5195,9292.310749891654,5228.880933408011,,,,1430.0,36.948
13196,3,5196,9293.310749891654,5229.880933408011,,,,1430.0,36.937
13197,3,5197,9294.310749891654,5230.880933408011,,,,1428.0,36.925
13198,3,5198,9295.310749891654,5231.880933408011,,,,1427.0,36.912
13199,3,5199,9296.310749891654,5232.880933408011,,,,1425.0,36.899
13200,3,5200,9297.310749891654,5233.880933408011,,,,1424.0,36.886
13201,3,5201,9298.310749891654,5234.880933408011,,,,1423.0,36.874
13202,3,5202,9299.310749891654,5235.880933408011,,,,1422.0,36.861
13203,3,5203,9300.310749891654,5236.880933408011,,,,1421.0,36.848
13204,3,5204,9301.310749891654,5237.880933408011,,,,1419.0,36.835
13205,3,5205,9302.310749891654,5238.880933408011,,,,1417.0,36.821
13206,3,5206,9303.310749891654,5239.880933408011,,,,1415.0,36.808
13207,3,5207,9304.310749891654,5240.880933408011,,,,1414.0,36.794
13208,3,5208,9305.310749891654,5241.880933408011,,,,1413.0,36.782
13209,3,5209,9306.310749891654,5242.880933408011,,,,1413.0,36.77
13210,3,5210,9307.310749891654,5243.880933408011,,,,1410.0,36.759
13211,3,5211,9308.310749891654,5244.880933408011,,,,1408.0,36.745
13212,3,5212,9309.310749891654,5245.880933408011,,,,1407.0,36.73
13213,3,5213,9310.310749891654,5246.880933408011,,,,1404.0,36.716
13214,3,5214,9311.310749891654,5247.880933408011,,,,1403.0,36.704
13215,3,5215,9312.310749891654,5248.880933408011,,,,1401.0,36.69
13216,3,5216,9313.310749891654,5249.880933408011,,,,1401.0,36.677
13217,3,5217,9314.310749891654,5250.880933408011,,,,1400.0,36.665
13218,3,5218,9315.310749891654,5251.880933408011,,,,1399.0,36.654
13219,3,5219,9316.310749891654,5252.880933408011,,,,1397.0,36.64
13220,3,5220,9317.310749891654,5253.880933408011,,,,1396.0,36.628
13221,3,5221,9318.310749891654,5254.880933408011,,,,1394.0,36.614
13222,3,5222,9319.310749891654,5255.880933408011,,,,1393.0,36.602
13223,3,5223,9320.310749891654,5256.880933408011,,,,1390.0,36.587
13224,3,5224,9321.310749891654,5257.880933408011,,,,1389.0,36.575
13225,3,5225,9322.310749891654,5258.880933408011,,,,1386.0,36.56
13226,3,5226,9323.310749891654,5259.880933408011,,,,1385.0,36.547
13227,3,5227,9324.310749891654,5260.880933408011,,,,1383.0,36.533
13228,3,5228,9325.310749891654,5261.880933408011,,,,1381.0,36.521
13229,3,5229,9326.310749891654,5262.880933408011,,,,1380.0,36.508
13230,3,5230,9327.310749891654,5263.880933408011,,,,1379.0,36.494
13231,3,5231,9328.310749891654,5264.880933408011,,,,1376.0,36.481
13232,3,5232,9329.310749891654,5265.880933408011,,,,1374.0,36.467
13233,3,5233,9330.310749891654,5266.880933408011,,,,1372.0,36.454
13234,3,5234,9331.310749891654,5267.880933408011,,,,1370.0,36.44
13235,3,5235,9332.310749891654,5268.880933408011,,,,1369.0,36.426
13236,3,5236,9333.310749891654,5269.880933408011,,,,1367.0,36.414
13237,3,5237,9334.310749891654,5270.880933408011,,,,1365.0,36.4
13238,3,5238,9335.310749891654,5271.880933408011,,,,1364.0,36.385
13239,3,5239,9336.310749891654,5272.880933408011,,,,1362.0,36.371
13240,3,5240,9337.310749891654,5273.880933408011,,,,1360.0,36.357
13241,3,5241,9338.310749891654,5274.880933408011,,,,1359.0,36.345
13242,3,5242,9339.310749891654,5275.880933408011,,,,1359.0,36.331
13243,3,5243,9340.310749891654,5276.880933408011,,,,1358.0,36.32
13244,3,5244,9341.310749891654,5277.880933408011,,,,1356.0,36.307
13245,3,5245,9342.310749891654,5278.880933408011,,,,1356.0,36.293
13246,3,5246,9343.310749891654,5279.880933408011,,,,1353.0,36.279
13247,3,5247,9344.310749891654,5280.880933408011,,,,1351.0,36.265
13248,3,5248,9345.310749891654,5281.880933408011,,,,1350.0,36.253
13249,3,5249,9346.310749891654,5282.880933408011,,,,1350.0,36.239
13250,3,5250,9347.310749891654,5283.880933408011,,,,1349.0,36.225
13251,3,5251,9348.310749891654,5284.880933408011,,,,1348.0,36.213
13252,3,5252,9349.310749891654,5285.880933408011,,,,1347.0,36.199
13253,3,5253,9350.310749891654,5286.880933408011,,,,1347.0,36.187
13254,3,5254,9351.310749891654,5287.880933408011,,,,1346.0,36.172
13255,3,5255,9352.310749891654,5288.880933408011,,,,1345.0,36.16
13256,3,5256,9353.310749891654,5289.880933408011,,,,1345.0,36.147
13257,3,5257,9354.310749891654,5290.880933408011,,,,1343.0,36.133
13258,3,5258,9355.310749891654,5291.880933408011,,,,1342.0,36.12
13259,3,5259,9356.310749891654,5292.880933408011,,,,1340.0,36.106
13260,3,5260,9357.310749891654,5293.880933408011,,,,1338.0,36.092
13261,3,5261,9358.310749891654,5294.880933408011,,,,1338.0,36.078
13262,3,5262,9359.310749891654,5295.880933408011,,,,1337.0,36.066
13263,3,5263,9360.310749891654,5296.880933408011,,,,1337.0,36.053
13264,3,5264,9361.310749891654,5297.880933408011,,,,1335.0,36.042
13265,3,5265,9362.310749891654,5298.880933408011,,,,1333.0,36.028
13266,3,5266,9363.310749891654,5299.880933408011,,,,1332.0,36.015
13267,3,5267,9364.310749891654,5300.880933408011,,,,1331.0,36.001
13268,3,5268,9365.310749891654,5301.880933408011,,,,1330.0,35.989
13269,3,5269,9366.310749891654,5302.880933408011,,,,1329.0,35.977
13270,3,5270,9367.310749891654,5303.880933408011,,,,1329.0,35.965
13271,3,5271,9368.310749891654,5304.880933408011,,,,1328.0,35.953
13272,3,5272,9369.310749891654,5305.880933408011,,,,1327.0,35.941
13273,3,5273,9370.310749891654,5306.880933408011,,,,1326.0,35.929
13274,3,5274,9371.310749891654,5307.880933408011,,,,1324.0,35.917
13275,3,5275,9372.310749891654,5308.880933408011,,,,1324.0,35.905
13276,3,5276,9373.310749891654,5309.880933408011,,,,1322.0,35.891
13277,3,5277,9374.310749891654,5310.880933408011,,,,1322.0,35.88
13278,3,5278,9375.310749891654,5311.880933408011,,,,1321.0,35.868
13279,3,5279,9376.310749891654,5312.880933408011,,,,1321.0,35.856
13280,3,5280,9377.310749891654,5313.880933408011,,,,1320.0,35.845
13281,3,5281,9378.310749891654,5314.880933408011,,,,1319.0,35.833
13282,3,5282,9379.310749891654,5315.880933408011,,,,1318.0,35.82
13283,3,5283,9380.310749891654,5316.880933408011,,,,1316.0,35.807
13284,3,5284,9381.310749891654,5317.880933408011,,,,1316.0,35.793
13285,3,5285,9382.310749891654,5318.880933408011,,,,1315.0,35.781
13286,3,5286,9383.310749891654,5319.880933408011,,,,1317.0,35.768
13287,3,5287,9384.310749891654,5320.880933408011,,,,1319.0,35.757
13288,3,5288,9385.310749891654,5321.880933408011,,,,1320.0,35.747
13289,3,5289,9386.310749891654,5322.880933408011,,,,1322.0,35.738
13290,3,5290,9387.310749891654,5323.880933408011,,,,1322.0,35.727
13291,3,5291,9388.310749891654,5324.880933408011,,,,1323.0,35.717
13292,3,5292,9389.310749891654,5325.880933408011,,,,1323.0,35.704
13293,3,5293,9390.310749891654,5326.880933408011,,,,1324.0,35.694
13294,3,5294,9391.310749891654,5327.880933408011,,,,1325.0,35.683
13295,3,5295,9392.310749891654,5328.880933408011,,,,1327.0,35.673
13296,3,5296,9393.310749891654,5329.880933408011,,,,1327.0,35.665
13297,3,5297,9394.310749891654,5330.880933408011,,,,1327.0,35.656
13298,3,5298,9395.310749891654,5331.880933408011,,,,1327.0,35.646
13299,3,5299,9396.310749891654,5332.880933408011,,,,1326.0,35.635
13300,3,5300,9397.310749891654,5333.880933408011,,,,1324.0,35.624
13301,3,5301,9398.310749891654,5334.880933408011,,,,1322.0,35.612
13302,3,5302,9399.310749891654,5335.880933408011,,,,1319.0,35.598
13303,3,5303,9400.310749891654,5336.880933408011,,,,1318.0,35.584
13304,3,5304,9401.310749891654,5337.880933408011,,,,1318.0,35.573
13305,3,5305,9402.310749891654,5338.880933408011,,,,1319.0,35.562
13306,3,5306,9403.310749891654,5339.880933408011,,,,1318.0,35.552
13307,3,5307,9404.310749891654,5340.880933408011,,,,1317.0,35.543
13308,3,5308,9405.310749891654,5341.880933408011,,,,1314.0,35.532
13309,3,5309,9406.310749891654,5342.880933408011,,,,1312.0,35.519
13310,3,5310,9407.310749891654,5343.880933408011,,,,1307.0,35.506
13311,3,5311,9408.310749891654,5344.880933408011,,,,1305.0,35.491
13312,3,5312,9409.310749891654,5345.880933408011,,,,1304.0,35.477
13313,3,5313,9410.310749891654,5346.880933408011,,,,1303.0,35.464
13314,3,5314,9411.310749891654,5347.880933408011,,,,1302.0,35.453
13315,3,5315,9412.310749891654,5348.880933408011,,,,1301.0,35.443
13316,3,5316,9413.310749891654,5349.880933408011,,,,1300.0,35.431
13317,3,5317,9414.310749891654,5350.880933408011,,,,1297.0,35.418
13318,3,5318,9415.310749891654,5351.880933408011,,,,1295.0,35.404
13319,3,5319,9416.310749891654,5352.880933408011,,,,1294.0,35.391
13320,3,5320,9417.310749891654,5353.880933408011,,,,1294.0,35.379
13321,3,5321,9418.310749891654,5354.880933408011,,,,1294.0,35.369
13322,3,5322,9419.310749891654,5355.880933408011,,,,1294.0,35.36
13323,3,5323,9420.310749891654,5356.880933408011,,,,1294.0,35.351
13324,3,5324,9421.310749891654,5357.880933408011,,,,1293.0,35.341
13325,3,5325,9422.310749891654,5358.880933408011,,,,1290.0,35.33
13326,3,5326,9423.310749891654,5359.880933408011,,,,1289.0,35.316
13327,3,5327,9424.310749891654,5360.880933408011,,,,1287.0,35.304
13328,3,5328,9425.310749891654,5361.880933408011,,,,1287.0,35.294
13329,3,5329,9426.310749891654,5362.880933408011,,,,1286.0,35.281
13330,3,5330,9427.310749891654,5363.880933408011,,,,1285.0,35.271
13331,3,5331,9428.310749891654,5364.880933408011,,,,1284.0,35.262
13332,3,5332,9429.310749891654,5365.880933408011,,,,1283.0,35.251
13333,3,5333,9430.310749891654,5366.880933408011,,,,1283.0,35.24
13334,3,5334,9431.310749891654,5367.880933408011,,,,1281.0,35.228
13335,3,5335,9432.310749891654,5368.880933408011,,,,1279.0,35.214
13336,3,5336,9433.310749891654,5369.880933408011,,,,1280.0,35.2
13337,3,5337,9434.310749891654,5370.880933408011,,,,1282.0,35.189
13338,3,5338,9435.310749891654,5371.880933408011,,,,1284.0,35.178
13339,3,5339,9436.310749891654,5372.880933408011,,,,1285.0,35.171
13340,3,5340,9437.310749891654,5373.880933408011,,,,1286.0,35.162
13341,3,5341,9438.310749891654,5374.880933408011,,,,1285.0,35.152
13342,3,5342,9439.310749891654,5375.880933408011,,,,1286.0,35.139
13343,3,5343,9440.310749891654,5376.880933408011,,,,1287.0,35.129
13344,3,5344,9441.310749891654,5377.880933408011,,,,1290.0,35.12
13345,3,5345,9442.310749891654,5378.880933408011,,,,1292.0,35.111
13346,3,5346,9443.310749891654,5379.880933408011,,,,1294.0,35.104
13347,3,5347,9444.310749891654,5380.880933408011,,,,1294.0,35.096
13348,3,5348,9445.310749891654,5381.880933408011,,,,1294.0,35.087
13349,3,5349,9446.310749891654,5382.880933408011,,,,1292.0,35.077
13350,3,5350,9447.310749891654,5383.880933408011,,,,1291.0,35.064
13351,3,5351,9448.310749891654,5384.880933408011,,,,1291.0,35.054
13352,3,5352,9449.310749891654,5385.880933408011,,,,1291.0,35.043
13353,3,5353,9450.310749891654,5386.880933408011,,,,1292.0,35.034
13354,3,5354,9451.310749891654,5387.880933408011,,,,1291.0,35.027
13355,3,5355,9452.310749891654,5388.880933408011,,,,1291.0,35.02
13356,3,5356,9453.310749891654,5389.880933408011,,,,1288.0,35.008
13357,3,5357,9454.310749891654,5390.880933408011,,,,1286.0,34.995
13358,3,5358,9455.310749891654,5391.880933408011,,,,1283.0,34.982
13359,3,5359,9456.310749891654,5392.880933408011,,,,1282.0,34.969
13360,3,5360,9457.310749891654,5393.880933408011,,,,1283.0,34.956
13361,3,5361,9458.310749891654,5394.880933408011,,,,1284.0,34.947
13362,3,5362,9459.310749891654,5395.880933408011,,,,1285.0,34.937
13363,3,5363,9460.310749891654,5396.880933408011,,,,1284.0,34.927
13364,3,5364,9461.310749891654,5397.880933408011,,,,1283.0,34.914
13365,3,5365,9462.310749891654,5398.880933408011,,,,1281.0,34.902
13366,3,5366,9463.310749891654,5399.880933408011,,,,1281.0,34.889
13367,3,5367,9464.310749891654,5400.880933408011,,,,1282.0,34.876
13368,3,5368,9465.310749891654,5401.880933408011,,,,1282.0,34.864
13369,3,5369,9466.310749891654,5402.880933408011,,,,1282.0,34.854
13370,3,5370,9467.310749891654,5403.880933408011,,,,1282.0,34.843
13371,3,5371,9468.310749891654,5404.880933408011,,,,1281.0,34.831
13372,3,5372,9469.310749891654,5405.880933408011,,,,1280.0,34.818
13373,3,5373,9470.310749891654,5406.880933408011,,,,1280.0,34.804
13374,3,5374,9471.310749891654,5407.880933408011,,,,1280.0,34.791
13375,3,5375,9472.310749891654,5408.880933408011,,,,1281.0,34.777
13376,3,5376,9473.310749891654,5409.880933408011,,,,1283.0,34.765
13377,3,5377,9474.310749891654,5410.880933408011,,,,1284.0,34.755
13378,3,5378,9475.310749891654,5411.880933408011,,,,1286.0,34.745
13379,3,5379,9476.310749891654,5412.880933408011,,,,1288.0,34.736
13380,3,5380,9477.310749891654,5413.880933408011,,,,1288.0,34.727
13381,3,5381,9478.310749891654,5414.880933408011,,,,1288.0,34.718
13382,3,5382,9479.310749891654,5415.880933408011,,,,1288.0,34.709
13383,3,5383,9480.310749891654,5416.880933408011,,,,1287.0,34.698
13384,3,5384,9481.310749891654,5417.880933408011,,,,1286.0,34.686
13385,3,5385,9482.310749891654,5418.880933408011,,,,1287.0,34.675
13386,3,5386,9483.310749891654,5419.880933408011,,,,1287.0,34.666
13387,3,5387,9484.310749891654,5420.880933408011,,,,1287.0,34.656
13388,3,5388,9485.310749891654,5421.880933408011,,,,1287.0,34.646
13389,3,5389,9486.310749891654,5422.880933408011,,,,1286.0,34.635
13390,3,5390,9487.310749891654,5423.880933408011,,,,1284.0,34.624
13391,3,5391,9488.310749891654,5424.880933408011,,,,1283.0,34.611
13392,3,5392,9489.310749891654,5425.880933408011,,,,1284.0,34.6
13393,3,5393,9490.310749891654,5426.880933408011,,,,1284.0,34.591
13394,3,5394,9491.310749891654,5427.880933408011,,,,1284.0,34.581
13395,3,5395,9492.310749891654,5428.880933408011,,,,1285.0,34.572
13396,3,5396,9493.310749891654,5429.880933408011,,,,1284.0,34.562
13397,3,5397,9494.310749891654,5430.880933408011,,,,1283.0,34.552
13398,3,5398,9495.310749891654,5431.880933408011,,,,1282.0,34.539
13399,3,5399,9496.310749891654,5432.880933408011,,,,1283.0,34.529
13400,3,5400,9497.310749891654,5433.880933408011,,,,1284.0,34.518
13401,3,5401,9498.310749891654,5434.880933408011,,,,1284.0,34.51
13402,3,5402,9499.310749891654,5435.880933408011,,,,1283.0,34.501
13403,3,5403,9500.310749891654,5436.880933408011,,,,1282.0,34.491
13404,3,5404,9501.310749891654,5437.880933408011,,,,1282.0,34.481
13405,3,5405,9502.310749891654,5438.880933408011,,,,1280.0,34.471
13406,3,5406,9503.310749891654,5439.880933408011,,,,1279.0,34.46
13407,3,5407,9504.310749891654,5440.880933408011,,,,1279.0,34.45
13408,3,5408,9505.310749891654,5441.880933408011,,,,1279.0,34.442
13409,3,5409,9506.310749891654,5442.880933408011,,,,1280.0,34.432
13410,3,5410,9507.310749891654,5443.880933408011,,,,1281.0,34.422
13411,3,5411,9508.310749891654,5444.880933408011,,,,1281.0,34.412
13412,3,5412,9509.310749891654,5445.880933408011,,,,1281.0,34.4
13413,3,5413,9510.310749891654,5446.880933408011,,,,1282.0,34.389
13414,3,5414,9511.310749891654,5447.880933408011,,,,1283.0,34.38
13415,3,5415,9512.310749891654,5448.880933408011,,,,1285.0,34.373
13416,3,5416,9513.310749891654,5449.880933408011,,,,1285.0,34.366
13417,3,5417,9514.310749891654,5450.880933408011,,,,1284.0,34.355
13418,3,5418,9515.310749891654,5451.880933408011,,,,1283.0,34.345
13419,3,5419,9516.310749891654,5452.880933408011,,,,1282.0,34.333
13420,3,5420,9517.310749891654,5453.880933408011,,,,1284.0,34.324
13421,3,5421,9518.310749891654,5454.880933408011,,,,1286.0,34.316
13422,3,5422,9519.310749891654,5455.880933408011,,,,1288.0,34.308
13423,3,5423,9520.310749891654,5456.880933408011,,,,1289.0,34.3
13424,3,5424,9521.310749891654,5457.880933408011,,,,1290.0,34.293
13425,3,5425,9522.310749891654,5458.880933408011,,,,1292.0,34.284
13426,3,5426,9523.310749891654,5459.880933408011,,,,1293.0,34.278
13427,3,5427,9524.310749891654,5460.880933408011,,,,1295.0,34.274
13428,3,5428,9525.310749891654,5461.880933408011,,,,1297.0,34.27
13429,3,5429,9526.310749891654,5462.880933408011,,,,1298.0,34.265
13430,3,5430,9527.310749891654,5463.880933408011,,,,1298.0,34.259
13431,3,5431,9528.310749891654,5464.880933408011,,,,1297.0,34.253
13432,3,5432,9529.310749891654,5465.880933408011,,,,1296.0,34.243
13433,3,5433,9530.310749891654,5466.880933408011,,,,1294.0,34.234
13434,3,5434,9531.310749891654,5467.880933408011,,,,1294.0,34.226
13435,3,5435,9532.310749891654,5468.880933408011,,,,1293.0,34.219
13436,3,5436,9533.310749891654,5469.880933408011,,,,1292.0,34.212
13437,3,5437,9534.310749891654,5470.880933408011,,,,1291.0,34.207
13438,3,5438,9535.310749891654,5471.880933408011,,,,1289.0,34.203
13439,3,5439,9536.310749891654,5472.880933408011,,,,1287.0,34.199
13440,3,5440,9537.310749891654,5473.880933408011,,,,1286.0,34.196
13441,3,5441,9538.310749891654,5474.880933408011,,,,1286.0,34.19
13442,3,5442,9539.310749891654,5475.880933408011,,,,1286.0,34.184
13443,3,5443,9540.310749891654,5476.880933408011,,,,1286.0,34.177
13444,3,5444,9541.310749891654,5477.880933408011,,,,1284.0,34.17
13445,3,5445,9542.310749891654,5478.880933408011,,,,1284.0,34.162
13446,3,5446,9543.310749891654,5479.880933408011,,,,1283.0,34.154
13447,3,5447,9544.310749891654,5480.880933408011,,,,1281.0,34.145
13448,3,5448,9545.310749891654,5481.880933408011,,,,1281.0,34.136
13449,3,5449,9546.310749891654,5482.880933408011,,,,1279.0,34.127
13450,3,5450,9547.310749891654,5483.880933408011,,,,1279.0,34.119
13451,3,5451,9548.310749891654,5484.880933408011,,,,1278.0,34.112
13452,3,5452,9549.310749891654,5485.880933408011,,,,1277.0,34.103
13453,3,5453,9550.310749891654,5486.880933408011,,,,1276.0,34.093
13454,3,5454,9551.310749891654,5487.880933408011,,,,1275.0,34.085
13455,3,5455,9552.310749891654,5488.880933408011,,,,1275.0,34.076
13456,3,5456,9553.310749891654,5489.880933408011,,,,1276.0,34.068
13457,3,5457,9554.310749891654,5490.880933408011,,,,1277.0,34.061
13458,3,5458,9555.310749891654,5491.880933408011,,,,1276.0,34.051
13459,3,5459,9556.310749891654,5492.880933408011,,,,1276.0,34.041
13460,3,5460,9557.310749891654,5493.880933408011,,,,1277.0,34.031
13461,3,5461,9558.310749891654,5494.880933408011,,,,1277.0,34.02
13462,3,5462,9559.310749891654,5495.880933408011,,,,1278.0,34.012
13463,3,5463,9560.310749891654,5496.880933408011,,,,1279.0,34.003
13464,3,5464,9561.310749891654,5497.880933408011,,,,1278.0,33.993
13465,3,5465,9562.310749891654,5498.880933408011,,,,1278.0,33.984
13466,3,5466,9563.310749891654,5499.880933408011,,,,1278.0,33.975
13467,3,5467,9564.310749891654,5500.880933408011,,,,1278.0,33.965
13468,3,5468,9565.310749891654,5501.880933408011,,,,1278.0,33.956
13469,3,5469,9566.310749891654,5502.880933408011,,,,1279.0,33.948
13470,3,5470,9567.310749891654,5503.880933408011,,,,1278.0,33.942
13471,3,5471,9568.310749891654,5504.880933408011,,,,1278.0,33.933
13472,3,5472,9569.310749891654,5505.880933408011,,,,1277.0,33.924
13473,3,5473,9570.310749891654,5506.880933408011,,,,1275.0,33.912
13474,3,5474,9571.310749891654,5507.880933408011,,,,1273.0,33.901
13475,3,5475,9572.310749891654,5508.880933408011,,,,1272.0,33.89
13476,3,5476,9573.310749891654,5509.880933408011,,,,1272.0,33.881
13477,3,5477,9574.310749891654,5510.880933408011,,,,1273.0,33.873
13478,3,5478,9575.310749891654,5511.880933408011,,,,1274.0,33.866
13479,3,5479,9576.310749891654,5512.880933408011,,,,1274.0,33.858
13480,3,5480,9577.310749891654,5513.880933408011,,,,1274.0,33.848
13481,3,5481,9578.310749891654,5514.880933408011,,,,1274.0,33.84
13482,3,5482,9579.310749891654,5515.880933408011,,,,1273.0,33.83
13483,3,5483,9580.310749891654,5516.880933408011,,,,1273.0,33.821
13484,3,5484,9581.310749891654,5517.880933408011,,,,1272.0,33.813
13485,3,5485,9582.310749891654,5518.880933408011,,,,1271.0,33.804
13486,3,5486,9583.310749891654,5519.880933408011,,,,1271.0,33.796
13487,3,5487,9584.310749891654,5520.880933408011,,,,1271.0,33.788
13488,3,5488,9585.310749891654,5521.880933408011,,,,1270.0,33.779
13489,3,5489,9586.310749891654,5522.880933408011,,,,1269.0,33.771
13490,3,5490,9587.310749891654,5523.880933408011,,,,1269.0,33.763
13491,3,5491,9588.310749891654,5524.880933408011,,,,1268.0,33.754
13492,3,5492,9589.310749891654,5525.880933408011,,,,1268.0,33.746
13493,3,5493,9590.310749891654,5526.880933408011,,,,1267.0,33.737
13494,3,5494,9591.310749891654,5527.880933408011,,,,1268.0,33.728
13495,3,5495,9592.310749891654,5528.880933408011,,,,1268.0,33.718
13496,3,5496,9593.310749891654,5529.880933408011,,,,1268.0,33.71
13497,3,5497,9594.310749891654,5530.880933408011,,,,1268.0,33.701
13498,3,5498,9595.310749891654,5531.880933408011,,,,1268.0,33.691
13499,3,5499,9596.310749891654,5532.880933408011,,,,1269.0,33.684
13500,3,5500,9597.310749891654,5533.880933408011,,,,1269.0,33.675
13501,3,5501,9598.310749891654,5534.880933408011,,,,1269.0,33.666
13502,3,5502,9599.310749891654,5535.880933408011,,,,1268.0,33.657
13503,3,5503,9600.310749891654,5536.880933408011,,,,1268.0,33.649
13504,3,5504,9601.310749891654,5537.880933408011,,,,1268.0,33.64
13505,3,5505,9602.310749891654,5538.880933408011,,,,1268.0,33.63
13506,3,5506,9603.310749891654,5539.880933408011,,,,1266.0,33.622
13507,3,5507,9604.310749891654,5540.880933408011,,,,1265.0,33.613
13508,3,5508,9605.310749891654,5541.880933408011,,,,1264.0,33.603
13509,3,5509,9606.310749891654,5542.880933408011,,,,1263.0,33.593
13510,3,5510,9607.310749891654,5543.880933408011,,,,1262.0,33.584
13511,3,5511,9608.310749891654,5544.880933408011,,,,1261.0,33.576
13512,3,5512,9609.310749891654,5545.880933408011,,,,1262.0,33.567
13513,3,5513,9610.310749891654,5546.880933408011,,,,1262.0,33.559
13514,3,5514,9611.310749891654,5547.880933408011,,,,1261.0,33.552
13515,3,5515,9612.310749891654,5548.880933408011,,,,1262.0,33.544
13516,3,5516,9613.310749891654,5549.880933408011,,,,1261.0,33.535
13517,3,5517,9614.310749891654,5550.880933408011,,,,1261.0,33.527
13518,3,5518,9615.310749891654,5551.880933408011,,,,1262.0,33.517
13519,3,5519,9616.310749891654,5552.880933408011,,,,1262.0,33.509
13520,3,5520,9617.310749891654,5553.880933408011,,,,1262.0,33.502
13521,3,5521,9618.310749891654,5554.880933408011,,,,1263.0,33.495
13522,3,5522,9619.310749891654,5555.880933408011,,,,1264.0,33.488
13523,3,5523,9620.310749891654,5556.880933408011,,,,1264.0,33.478
13524,3,5524,9621.310749891654,5557.880933408011,,,,1264.0,33.467
13525,3,5525,9622.310749891654,5558.880933408011,,,,1265.0,33.457
13526,3,5526,9623.310749891654,5559.880933408011,,,,1266.0,33.447
13527,3,5527,9624.310749891654,5560.880933408011,,,,1269.0,33.439
13528,3,5528,9625.310749891654,5561.880933408011,,,,1271.0,33.432
13529,3,5529,9626.310749891654,5562.880933408011,,,,1273.0,33.424
13530,3,5530,9627.310749891654,5563.880933408011,,,,1275.0,33.416
13531,3,5531,9628.310749891654,5564.880933408011,,,,1278.0,33.407
13532,3,5532,9629.310749891654,5565.880933408011,,,,1279.0,33.403
13533,3,5533,9630.310749891654,5566.880933408011,,,,1280.0,33.402
13698,3,5698,9795.310749891654,5731.880933408011,,,,1518.0,33.39
13699,3,5699,9796.310749891654,5732.880933408011,,,,1515.0,33.379
13700,3,5700,9797.310749891654,5733.880933408011,,,,1513.0,33.368
13701,3,5701,9798.310749891654,5734.880933408011,,,,1511.0,33.359
13702,3,5702,9799.310749891654,5735.880933408011,,,,1511.0,33.351
13703,3,5703,9800.310749891654,5736.880933408011,,,,1510.0,33.343
13704,3,5704,9801.310749891654,5737.880933408011,,,,1510.0,33.336
13705,3,5705,9802.310749891654,5738.880933408011,,,,1510.0,33.329
13706,3,5706,9803.310749891654,5739.880933408011,,,,1510.0,33.324
13707,3,5707,9804.310749891654,5740.880933408011,,,,1509.0,33.317
13708,3,5708,9805.310749891654,5741.880933408011,,,,1507.0,33.312
13709,3,5709,9806.310749891654,5742.880933408011,,,,1506.0,33.306
13710,3,5710,9807.310749891654,5743.880933408011,,,,1505.0,33.301
13711,3,5711,9808.310749891654,5744.880933408011,,,,1504.0,33.294
13712,3,5712,9809.310749891654,5745.880933408011,,,,1504.0,33.289
13713,3,5713,9810.310749891654,5746.880933408011,,,,1503.0,33.285
13714,3,5714,9811.310749891654,5747.880933408011,,,,1505.0,33.281
13715,3,5715,9812.310749891654,5748.880933408011,,,,1506.0,33.279
13716,3,5716,9813.310749891654,5749.880933408011,,,,1507.0,33.277
13718,3,5718,9815.310749891654,5751.880933408011,,,,1508.0,33.275
13719,3,5719,9816.310749891654,5752.880933408011,,,,1510.0,33.272
13720,3,5720,9817.310749891654,5753.880933408011,,,,1511.0,33.267
13721,3,5721,9818.310749891654,5754.880933408011,,,,1513.0,33.262
13722,3,5722,9819.310749891654,5755.880933408011,,,,1513.0,33.256
13723,3,5723,9820.310749891654,5756.880933408011,,,,1514.0,33.249
13724,3,5724,9821.310749891654,5757.880933408011,,,,1513.0,33.239
13725,3,5725,9822.310749891654,5758.880933408011,,,,1514.0,33.229
13726,3,5726,9823.310749891654,5759.880933408011,,,,1514.0,33.218
13727,3,5727,9824.310749891654,5760.880933408011,,,,1515.0,33.205
13728,3,5728,9825.310749891654,5761.880933408011,,,,1517.0,33.195
13729,3,5729,9826.310749891654,5762.880933408011,,,,1519.0,33.186
13730,3,5730,9827.310749891654,5763.880933408011,,,,1519.0,33.178
13731,3,5731,9828.310749891654,5764.880933408011,,,,1520.0,33.17
13732,3,5732,9829.310749891654,5765.880933408011,,,,1521.0,33.163
13733,3,5733,9830.310749891654,5766.880933408011,,,,1521.0,33.159
13734,3,5734,9831.310749891654,5767.880933408011,,,,1521.0,33.158
13754,3,5754,9851.310749891654,5787.880933408011,,,,1522.0,33.152
13755,3,5755,9852.310749891654,5788.880933408011,,,,1523.0,33.141
13756,3,5756,9853.310749891654,5789.880933408011,,,,1524.0,33.134
13757,3,5757,9854.310749891654,5790.880933408011,,,,1526.0,33.129
13758,3,5758,9855.310749891654,5791.880933408011,,,,1527.0,33.127
13759,3,5759,9856.310749891654,5792.880933408011,,,,1527.0,33.125
13760,3,5760,9857.310749891654,5793.880933408011,,,,1526.0,33.124
13777,3,5777,9874.310749891654,5810.880933408011,,,,1532.0,33.119
13778,3,5778,9875.310749891654,5811.880933408011,,,,1533.0,33.11
13779,3,5779,9876.310749891654,5812.880933408011,,,,1534.0,33.102
13780,3,5780,9877.310749891654,5813.880933408011,,,,1533.0,33.093
13781,3,5781,9878.310749891654,5814.880933408011,,,,1532.0,33.084
13782,3,5782,9879.310749891654,5815.880933408011,,,,1531.0,33.074
13783,3,5783,9880.310749891654,5816.880933408011,,,,1529.0,33.064
13784,3,5784,9881.310749891654,5817.880933408011,,,,1527.0,33.053
13785,3,5785,9882.310749891654,5818.880933408011,,,,1526.0,33.043
13786,3,5786,9883.310749891654,5819.880933408011,,,,1525.0,33.034
13787,3,5787,9884.310749891654,5820.880933408011,,,,1524.0,33.025
13788,3,5788,9885.310749891654,5821.880933408011,,,,1523.0,33.019
13789,3,5789,9886.310749891654,5822.880933408011,,,,1522.0,33.01
13790,3,5790,9887.310749891654,5823.880933408011,,,,1521.0,33.002
13791,3,5791,9888.310749891654,5824.880933408011,,,,1520.0,32.991
13792,3,5792,9889.310749891654,5825.880933408011,,,,1519.0,32.982
13793,3,5793,9890.310749891654,5826.880933408011,,,,1517.0,32.973
13794,3,5794,9891.310749891654,5827.880933408011,,,,1516.0,32.967
13795,3,5795,9892.310749891654,5828.880933408011,,,,1515.0,32.958
13796,3,5796,9893.310749891654,5829.880933408011,,,,1514.0,32.949
13797,3,5797,9894.310749891654,5830.880933408011,,,,1512.0,32.938
13798,3,5798,9895.310749891654,5831.880933408011,,,,1512.0,32.929
13799,3,5799,9896.310749891654,5832.880933408011,,,,1512.0,32.921
13800,3,5800,9897.310749891654,5833.880933408011,,,,1511.0,32.912
13801,3,5801,9898.310749891654,5834.880933408011,,,,1511.0,32.902
13802,3,5802,9899.310749891654,5835.880933408011,,,,1510.0,32.891
13803,3,5803,9900.310749891654,5836.880933408011,,,,1510.0,32.882
13804,3,5804,9901.310749891654,5837.880933408011,,,,1510.0,32.872
13805,3,5805,9902.310749891654,5838.880933408011,,,,1510.0,32.863
13806,3,5806,9903.310749891654,5839.880933408011,,,,1510.0,32.853
13807,3,5807,9904.310749891654,5840.880933408011,,,,1508.0,32.844
13808,3,5808,9905.310749891654,5841.880933408011,,,,1508.0,32.833
13809,3,5809,9906.310749891654,5842.880933408011,,,,1508.0,32.824
13810,3,5810,9907.310749891654,5843.880933408011,,,,1508.0,32.815
13811,3,5811,9908.310749891654,5844.880933408011,,,,1509.0,32.805
13812,3,5812,9909.310749891654,5845.880933408011,,,,1509.0,32.798
13813,3,5813,9910.310749891654,5846.880933408011,,,,1509.0,32.79
13814,3,5814,9911.310749891654,5847.880933408011,,,,1508.0,32.78
13815,3,5815,9912.310749891654,5848.880933408011,,,,1507.0,32.77
13816,3,5816,9913.310749891654,5849.880933408011,,,,1506.0,32.757
13817,3,5817,9914.310749891654,5850.880933408011,,,,1505.0,32.747
13818,3,5818,9915.310749891654,5851.880933408011,,,,1506.0,32.739
13819,3,5819,9916.310749891654,5852.880933408011,,,,1507.0,32.73
13820,3,5820,9917.310749891654,5853.880933408011,,,,1507.0,32.722
13821,3,5821,9918.310749891654,5854.880933408011,,,,1508.0,32.714
13822,3,5822,9919.310749891654,5855.880933408011,,,,1507.0,32.704
13823,3,5823,9920.310749891654,5856.880933408011,,,,1506.0,32.695
13824,3,5824,9921.310749891654,5857.880933408011,,,,1505.0,32.685
13825,3,5825,9922.310749891654,5858.880933408011,,,,1504.0,32.674
13826,3,5826,9923.310749891654,5859.880933408011,,,,1504.0,32.663
13827,3,5827,9924.310749891654,5860.880933408011,,,,1503.0,32.653
13828,3,5828,9925.310749891654,5861.880933408011,,,,1503.0,32.643
13829,3,5829,9926.310749891654,5862.880933408011,,,,1502.0,32.634
13830,3,5830,9927.310749891654,5863.880933408011,,,,1501.0,32.622
13831,3,5831,9928.310749891654,5864.880933408011,,,,1500.0,32.612
13832,3,5832,9929.310749891654,5865.880933408011,,,,1500.0,32.6
13833,3,5833,9930.310749891654,5866.880933408011,,,,1498.0,32.588
13834,3,5834,9931.310749891654,5867.880933408011,,,,1497.0,32.579
13835,3,5835,9932.310749891654,5868.880933408011,,,,1496.0,32.569
13836,3,5836,9933.310749891654,5869.880933408011,,,,1493.0,32.559
13837,3,5837,9934.310749891654,5870.880933408011,,,,1492.0,32.548
13838,3,5838,9935.310749891654,5871.880933408011,,,,1490.0,32.537
13839,3,5839,9936.310749891654,5872.880933408011,,,,1489.0,32.525
13840,3,5840,9937.310749891654,5873.880933408011,,,,1487.0,32.514
13841,3,5841,9938.310749891654,5874.880933408011,,,,1486.0,32.503
13842,3,5842,9939.310749891654,5875.880933408011,,,,1486.0,32.494
13843,3,5843,9940.310749891654,5876.880933408011,,,,1484.0,32.483
13844,3,5844,9941.310749891654,5877.880933408011,,,,1483.0,32.472
13845,3,5845,9942.310749891654,5878.880933408011,,,,1483.0,32.463
13846,3,5846,9943.310749891654,5879.880933408011,,,,1480.0,32.452
13847,3,5847,9944.310749891654,5880.880933408011,,,,1478.0,32.443
13848,3,5848,9945.310749891654,5881.880933408011,,,,1478.0,32.434
13849,3,5849,9946.310749891654,5882.880933408011,,,,1475.0,32.425
13850,3,5850,9947.310749891654,5883.880933408011,,,,1474.0,32.416
13851,3,5851,9948.310749891654,5884.880933408011,,,,1472.0,32.407
13852,3,5852,9949.310749891654,5885.880933408011,,,,1470.0,32.4
13853,3,5853,9950.310749891654,5886.880933408011,,,,1467.0,32.391
13854,3,5854,9951.310749891654,5887.880933408011,,,,1465.0,32.383
13855,3,5855,9952.310749891654,5888.880933408011,,,,1463.0,32.375
13856,3,5856,9953.310749891654,5889.880933408011,,,,1459.0,32.366
13857,3,5857,9954.310749891654,5890.880933408011,,,,1456.0,32.356
13858,3,5858,9955.310749891654,5891.880933408011,,,,1453.0,32.346
13859,3,5859,9956.310749891654,5892.880933408011,,,,1451.0,32.337
13860,3,5860,9957.310749891654,5893.880933408011,,,,1449.0,32.326
13861,3,5861,9958.310749891654,5894.880933408011,,,,1448.0,32.318
13862,3,5862,9959.310749891654,5895.880933408011,,,,1448.0,32.306
13863,3,5863,9960.310749891654,5896.880933408011,,,,1446.0,32.294
13864,3,5864,9961.310749891654,5897.880933408011,,,,1444.0,32.282
13865,3,5865,9962.310749891654,5898.880933408011,,,,1443.0,32.269
13866,3,5866,9963.310749891654,5899.880933408011,,,,1442.0,32.258
13867,3,5867,9964.310749891654,5900.880933408011,,,,1443.0,32.247
13868,3,5868,9965.310749891654,5901.880933408011,,,,1444.0,32.239
13869,3,5869,9966.310749891654,5902.880933408011,,,,1445.0,32.231
13870,3,5870,9967.310749891654,5903.880933408011,,,,1446.0,32.223
13871,3,5871,9968.310749891654,5904.880933408011,,,,1447.0,32.216
13872,3,5872,9969.310749891654,5905.880933408011,,,,1447.0,32.208
13873,3,5873,9970.310749891654,5906.880933408011,,,,1446.0,32.199
13874,3,5874,9971.310749891654,5907.880933408011,,,,1445.0,32.19
13875,3,5875,9972.310749891654,5908.880933408011,,,,1443.0,32.18
13876,3,5876,9973.310749891654,5909.880933408011,,,,1441.0,32.169
13877,3,5877,9974.310749891654,5910.880933408011,,,,1440.0,32.16
13878,3,5878,9975.310749891654,5911.880933408011,,,,1439.0,32.15
13879,3,5879,9976.310749891654,5912.880933408011,,,,1438.0,32.14
13880,3,5880,9977.310749891654,5913.880933408011,,,,1437.0,32.129
13881,3,5881,9978.310749891654,5914.880933408011,,,,1434.0,32.119
13882,3,5882,9979.310749891654,5915.880933408011,,,,1432.0,32.106
13883,3,5883,9980.310749891654,5916.880933408011,,,,1430.0,32.092
13884,3,5884,9981.310749891654,5917.880933408011,,,,1430.0,32.079
13885,3,5885,9982.310749891654,5918.880933408011,,,,1429.0,32.068
13886,3,5886,9983.310749891654,5919.880933408011,,,,1430.0,32.058
13887,3,5887,9984.310749891654,5920.880933408011,,,,1430.0,32.048
13888,3,5888,9985.310749891654,5921.880933408011,,,,1429.0,32.036
13889,3,5889,9986.310749891654,5922.880933408011,,,,1427.0,32.025
13890,3,5890,9987.310749891654,5923.880933408011,,,,1425.0,32.012
13891,3,5891,9988.310749891654,5924.880933408011,,,,1424.0,31.999
13892,3,5892,9989.310749891654,5925.880933408011,,,,1425.0,31.987
13893,3,5893,9990.310749891654,5926.880933408011,,,,1425.0,31.977
13894,3,5894,9991.310749891654,5927.880933408011,,,,1425.0,31.966
13895,3,5895,9992.310749891654,5928.880933408011,,,,1424.0,31.955
13896,3,5896,9993.310749891654,5929.880933408011,,,,1423.0,31.943
13897,3,5897,9994.310749891654,5930.880933408011,,,,1422.0,31.931
13898,3,5898,9995.310749891654,5931.880933408011,,,,1420.0,31.92
13899,3,5899,9996.310749891654,5932.880933408011,,,,1420.0,31.908
13900,3,5900,9997.310749891654,5933.880933408011,,,,1419.0,31.898
13901,3,5901,9998.310749891654,5934.880933408011,,,,1417.0,31.886
13902,3,5902,9999.310749891654,5935.880933408011,,,,1416.0,31.876
13903,3,5903,10000.310749891654,5936.880933408011,,,,1414.0,31.863
13904,3,5904,10001.310749891654,5937.880933408011,,,,1411.0,31.85
13905,3,5905,10002.310749891654,5938.880933408011,,,,1410.0,31.838
13906,3,5906,10003.310749891654,5939.880933408011,,,,1408.0,31.826
13907,3,5907,10004.310749891654,5940.880933408011,,,,1407.0,31.814
13908,3,5908,10005.310749891654,5941.880933408011,,,,1406.0,31.802
13909,3,5909,10006.310749891654,5942.880933408011,,,,1405.0,31.789
13910,3,5910,10007.310749891654,5943.880933408011,,,,1403.0,31.778
13911,3,5911,10008.310749891654,5944.880933408011,,,,1401.0,31.766
13912,3,5912,10009.310749891654,5945.880933408011,,,,1399.0,31.752
13913,3,5913,10010.310749891654,5946.880933408011,,,,1397.0,31.74
13914,3,5914,10011.310749891654,5947.880933408011,,,,1396.0,31.728
13915,3,5915,10012.310749891654,5948.880933408011,,,,1395.0,31.717
13916,3,5916,10013.310749891654,5949.880933408011,,,,1393.0,31.705
13917,3,5917,10014.310749891654,5950.880933408011,,,,1391.0,31.695
13918,3,5918,10015.310749891654,5951.880933408011,,,,1388.0,31.683
13919,3,5919,10016.310749891654,5952.880933408011,,,,1386.0,31.67
13920,3,5920,10017.310749891654,5953.880933408011,,,,1384.0,31.658
13921,3,5921,10018.310749891654,5954.880933408011,,,,1381.0,31.646
13922,3,5922,10019.310749891654,5955.880933408011,,,,1379.0,31.635
13923,3,5923,10020.310749891654,5956.880933408011,,,,1378.0,31.622
13924,3,5924,10021.310749891654,5957.880933408011,,,,1377.0,31.61
13925,3,5925,10022.310749891654,5958.880933408011,,,,1376.0,31.598
13926,3,5926,10023.310749891654,5959.880933408011,,,,1375.0,31.586
13927,3,5927,10024.310749891654,5960.880933408011,,,,1374.0,31.575
13928,3,5928,10025.310749891654,5961.880933408011,,,,1373.0,31.563
13929,3,5929,10026.310749891654,5962.880933408011,,,,1371.0,31.551
13930,3,5930,10027.310749891654,5963.880933408011,,,,1370.0,31.54
13931,3,5931,10028.310749891654,5964.880933408011,,,,1368.0,31.528
13932,3,5932,10029.310749891654,5965.880933408011,,,,1366.0,31.515
13933,3,5933,10030.310749891654,5966.880933408011,,,,1365.0,31.503
13934,3,5934,10031.310749891654,5967.880933408011,,,,1363.0,31.492
13935,3,5935,10032.310749891654,5968.880933408011,,,,1362.0,31.482
13936,3,5936,10033.310749891654,5969.880933408011,,,,1361.0,31.471
13937,3,5937,10034.310749891654,5970.880933408011,,,,1359.0,31.461
13938,3,5938,10035.310749891654,5971.880933408011,,,,1357.0,31.448
13939,3,5939,10036.310749891654,5972.880933408011,,,,1355.0,31.437
13940,3,5940,10037.310749891654,5973.880933408011,,,,1354.0,31.426
13941,3,5941,10038.310749891654,5974.880933408011,,,,1353.0,31.415
13942,3,5942,10039.310749891654,5975.880933408011,,,,1351.0,31.404
13943,3,5943,10040.310749891654,5976.880933408011,,,,1349.0,31.392
13944,3,5944,10041.310749891654,5977.880933408011,,,,1348.0,31.38
13945,3,5945,10042.310749891654,5978.880933408011,,,,1346.0,31.369
13946,3,5946,10043.310749891654,5979.880933408011,,,,1345.0,31.358
13947,3,5947,10044.310749891654,5980.880933408011,,,,1343.0,31.347
13948,3,5948,10045.310749891654,5981.880933408011,,,,1342.0,31.335
13949,3,5949,10046.310749891654,5982.880933408011,,,,1340.0,31.324
13950,3,5950,10047.310749891654,5983.880933408011,,,,1338.0,31.314
13951,3,5951,10048.310749891654,5984.880933408011,,,,1336.0,31.302
13952,3,5952,10049.310749891654,5985.880933408011,,,,1335.0,31.29
13953,3,5953,10050.310749891654,5986.880933408011,,,,1334.0,31.278
13954,3,5954,10051.310749891654,5987.880933408011,,,,1333.0,31.268
13955,3,5955,10052.310749891654,5988.880933408011,,,,1332.0,31.258
13956,3,5956,10053.310749891654,5989.880933408011,,,,1331.0,31.247
13957,3,5957,10054.310749891654,5990.880933408011,,,,1329.0,31.235
13958,3,5958,10055.310749891654,5991.880933408011,,,,1328.0,31.224
13959,3,5959,10056.310749891654,5992.880933408011,,,,1327.0,31.213
13960,3,5960,10057.310749891654,5993.880933408011,,,,1326.0,31.203
13961,3,5961,10058.310749891654,5994.880933408011,,,,1324.0,31.191
13962,3,5962,10059.310749891654,5995.880933408011,,,,1323.0,31.179
13963,3,5963,10060.310749891654,5996.880933408011,,,,1321.0,31.169
13964,3,5964,10061.310749891654,5997.880933408011,,,,1320.0,31.157
13965,3,5965,10062.310749891654,5998.880933408011,,,,1318.0,31.146
13966,3,5966,10063.310749891654,5999.880933408011,,,,1317.0,31.134
13967,3,5967,10064.310749891654,6000.880933408011,,,,1315.0,31.122
13968,3,5968,10065.310749891654,6001.880933408011,,,,1314.0,31.112
13969,3,5969,10066.310749891654,6002.880933408011,,,,1313.0,31.1
13970,3,5970,10067.310749891654,6003.880933408011,,,,1311.0,31.088
13971,3,5971,10068.310749891654,6004.880933408011,,,,1311.0,31.078
13972,3,5972,10069.310749891654,6005.880933408011,,,,1311.0,31.067
13973,3,5973,10070.310749891654,6006.880933408011,,,,1310.0,31.055
13974,3,5974,10071.310749891654,6007.880933408011,,,,1309.0,31.044
13975,3,5975,10072.310749891654,6008.880933408011,,,,1309.0,31.034
13976,3,5976,10073.310749891654,6009.880933408011,,,,1308.0,31.025
13977,3,5977,10074.310749891654,6010.880933408011,,,,1308.0,31.014
13978,3,5978,10075.310749891654,6011.880933408011,,,,1306.0,31.002
13979,3,5979,10076.310749891654,6012.880933408011,,,,1306.0,30.991
13980,3,5980,10077.310749891654,6013.880933408011,,,,1304.0,30.98
13981,3,5981,10078.310749891654,6014.880933408011,,,,1304.0,30.969
13982,3,5982,10079.310749891654,6015.880933408011,,,,1303.0,30.958
13983,3,5983,10080.310749891654,6016.880933408011,,,,1303.0,30.947
13984,3,5984,10081.310749891654,6017.880933408011,,,,1302.0,30.937
13985,3,5985,10082.310749891654,6018.880933408011,,,,1301.0,30.926
13986,3,5986,10083.310749891654,6019.880933408011,,,,1300.0,30.915
13987,3,5987,10084.310749891654,6020.880933408011,,,,1300.0,30.905
13988,3,5988,10085.310749891654,6021.880933408011,,,,1299.0,30.892
13989,3,5989,10086.310749891654,6022.880933408011,,,,1299.0,30.882
13990,3,5990,10087.310749891654,6023.880933408011,,,,1299.0,30.871
13991,3,5991,10088.310749891654,6024.880933408011,,,,1299.0,30.858
13992,3,5992,10089.310749891654,6025.880933408011,,,,1299.0,30.848
13993,3,5993,10090.310749891654,6026.880933408011,,,,1299.0,30.836
13994,3,5994,10091.310749891654,6027.880933408011,,,,1299.0,30.826
13995,3,5995,10092.310749891654,6028.880933408011,,,,1299.0,30.815
13996,3,5996,10093.310749891654,6029.880933408011,,,,1299.0,30.806
13997,3,5997,10094.310749891654,6030.880933408011,,,,1298.0,30.796
13998,3,5998,10095.310749891654,6031.880933408011,,,,1296.0,30.785
13999,3,5999,10096.310749891654,6032.880933408011,,,,1296.0,30.773
14000,3,6000,10097.310749891654,6033.880933408011,,,,1295.0,30.764
14001,3,6001,10098.310749891654,6034.880933408011,,,,1294.0,30.753
14002,3,6002,10099.310749891654,6035.880933408011,,,,1294.0,30.743
14003,3,6003,10100.310749891654,6036.880933408011,,,,1293.0,30.733
14004,3,6004,10101.310749891654,6037.880933408011,,,,1292.0,30.722
14005,3,6005,10102.310749891654,6038.880933408011,,,,1290.0,30.712
14006,3,6006,10103.310749891654,6039.880933408011,,,,1289.0,30.702
14007,3,6007,10104.310749891654,6040.880933408011,,,,1290.0,30.69
14008,3,6008,10105.310749891654,6041.880933408011,,,,1289.0,30.682
14009,3,6009,10106.310749891654,6042.880933408011,,,,1288.0,30.672
14010,3,6010,10107.310749891654,6043.880933408011,,,,1287.0,30.661
14011,3,6011,10108.310749891654,6044.880933408011,,,,1287.0,30.651
14012,3,6012,10109.310749891654,6045.880933408011,,,,1286.0,30.64
14013,3,6013,10110.310749891654,6046.880933408011,,,,1284.0,30.627
14014,3,6014,10111.310749891654,6047.880933408011,,,,1284.0,30.615
14015,3,6015,10112.310749891654,6048.880933408011,,,,1285.0,30.603
14016,3,6016,10113.310749891654,6049.880933408011,,,,1287.0,30.592
14017,3,6017,10114.310749891654,6050.880933408011,,,,1288.0,30.583
14018,3,6018,10115.310749891654,6051.880933408011,,,,1290.0,30.573
14019,3,6019,10116.310749891654,6052.880933408011,,,,1290.0,30.565
14020,3,6020,10117.310749891654,6053.880933408011,,,,1290.0,30.554
14021,3,6021,10118.310749891654,6054.880933408011,,,,1291.0,30.544
14022,3,6022,10119.310749891654,6055.880933408011,,,,1291.0,30.531
14023,3,6023,10120.310749891654,6056.880933408011,,,,1291.0,30.521
14024,3,6024,10121.310749891654,6057.880933408011,,,,1291.0,30.511
14025,3,6025,10122.310749891654,6058.880933408011,,,,1292.0,30.5
14026,3,6026,10123.310749891654,6059.880933408011,,,,1291.0,30.489
14027,3,6027,10124.310749891654,6060.880933408011,,,,1291.0,30.478
14028,3,6028,10125.310749891654,6061.880933408011,,,,1290.0,30.465
14029,3,6029,10126.310749891654,6062.880933408011,,,,1290.0,30.454
14030,3,6030,10127.310749891654,6063.880933408011,,,,1290.0,30.443
14031,3,6031,10128.310749891654,6064.880933408011,,,,1289.0,30.431
14032,3,6032,10129.310749891654,6065.880933408011,,,,1288.0,30.419
14033,3,6033,10130.310749891654,6066.880933408011,,,,1287.0,30.407
14034,3,6034,10131.310749891654,6067.880933408011,,,,1286.0,30.393
14035,3,6035,10132.310749891654,6068.880933408011,,,,1286.0,30.382
14036,3,6036,10133.310749891654,6069.880933408011,,,,1285.0,30.366
14037,3,6037,10134.310749891654,6070.880933408011,,,,1284.0,30.354
14038,3,6038,10135.310749891654,6071.880933408011,,,,1284.0,30.34
14039,3,6039,10136.310749891654,6072.880933408011,,,,1283.0,30.327
14040,3,6040,10137.310749891654,6073.880933408011,,,,1284.0,30.314
14041,3,6041,10138.310749891654,6074.880933408011,,,,1283.0,30.302
14042,3,6042,10139.310749891654,6075.880933408011,,,,1284.0,30.289
14043,3,6043,10140.310749891654,6076.880933408011,,,,1284.0,30.278
14044,3,6044,10141.310749891654,6077.880933408011,,,,1284.0,30.266
14045,3,6045,10142.310749891654,6078.880933408011,,,,1283.0,30.255
14046,3,6046,10143.310749891654,6079.880933408011,,,,1282.0,30.243
14047,3,6047,10144.310749891654,6080.880933408011,,,,1281.0,30.232
14048,3,6048,10145.310749891654,6081.880933408011,,,,1280.0,30.219
14049,3,6049,10146.310749891654,6082.880933408011,,,,1279.0,30.208
14050,3,6050,10147.310749891654,6083.880933408011,,,,1279.0,30.197
14051,3,6051,10148.310749891654,6084.880933408011,,,,1278.0,30.188
14052,3,6052,10149.310749891654,6085.880933408011,,,,1277.0,30.177
14053,3,6053,10150.310749891654,6086.880933408011,,,,1276.0,30.164
14054,3,6054,10151.310749891654,6087.880933408011,,,,1276.0,30.153
14055,3,6055,10152.310749891654,6088.880933408011,,,,1276.0,30.144
14056,3,6056,10153.310749891654,6089.880933408011,,,,1276.0,30.133
14057,3,6057,10154.310749891654,6090.880933408011,,,,1276.0,30.123
14058,3,6058,10155.310749891654,6091.880933408011,,,,1276.0,30.114
14059,3,6059,10156.310749891654,6092.880933408011,,,,1275.0,30.103
14060,3,6060,10157.310749891654,6093.880933408011,,,,1274.0,30.092
14061,3,6061,10158.310749891654,6094.880933408011,,,,1273.0,30.079
14062,3,6062,10159.310749891654,6095.880933408011,,,,1273.0,30.069
14063,3,6063,10160.310749891654,6096.880933408011,,,,1274.0,30.059
14064,3,6064,10161.310749891654,6097.880933408011,,,,1273.0,30.05
14065,3,6065,10162.310749891654,6098.880933408011,,,,1273.0,30.041
14066,3,6066,10163.310749891654,6099.880933408011,,,,1272.0,30.031
14067,3,6067,10164.310749891654,6100.880933408011,,,,1271.0,30.022
14068,3,6068,10165.310749891654,6101.880933408011,,,,1269.0,30.01
14069,3,6069,10166.310749891654,6102.880933408011,,,,1268.0,30.0
14070,3,6070,10167.310749891654,6103.880933408011,,,,1269.0,29.99
14071,3,6071,10168.310749891654,6104.880933408011,,,,1268.0,29.981
14072,3,6072,10169.310749891654,6105.880933408011,,,,1267.0,29.973
14073,3,6073,10170.310749891654,6106.880933408011,,,,1265.0,29.965
14074,3,6074,10171.310749891654,6107.880933408011,,,,1263.0,29.956
14075,3,6075,10172.310749891654,6108.880933408011,,,,1261.0,29.947
14076,3,6076,10173.310749891654,6109.880933408011,,,,1258.0,29.937
14077,3,6077,10174.310749891654,6110.880933408011,,,,1257.0,29.927
14078,3,6078,10175.310749891654,6111.880933408011,,,,1256.0,29.919
14079,3,6079,10176.310749891654,6112.880933408011,,,,1254.0,29.912
14080,3,6080,10177.310749891654,6113.880933408011,,,,1253.0,29.904
14081,3,6081,10178.310749891654,6114.880933408011,,,,1252.0,29.896
14082,3,6082,10179.310749891654,6115.880933408011,,,,1251.0,29.888
14083,3,6083,10180.310749891654,6116.880933408011,,,,1249.0,29.879
14084,3,6084,10181.310749891654,6117.880933408011,,,,1248.0,29.871
14085,3,6085,10182.310749891654,6118.880933408011,,,,1247.0,29.862
14086,3,6086,10183.310749891654,6119.880933408011,,,,1246.0,29.854
14087,3,6087,10184.310749891654,6120.880933408011,,,,1246.0,29.846
14088,3,6088,10185.310749891654,6121.880933408011,,,,1245.0,29.838
14089,3,6089,10186.310749891654,6122.880933408011,,,,1244.0,29.83
14090,3,6090,10187.310749891654,6123.880933408011,,,,1243.0,29.822
14091,3,6091,10188.310749891654,6124.880933408011,,,,1242.0,29.813
14092,3,6092,10189.310749891654,6125.880933408011,,,,1240.0,29.805
14093,3,6093,10190.310749891654,6126.880933408011,,,,1239.0,29.798
14094,3,6094,10191.310749891654,6127.880933408011,,,,1238.0,29.79
14095,3,6095,10192.310749891654,6128.880933408011,,,,1237.0,29.784
14096,3,6096,10193.310749891654,6129.880933408011,,,,1236.0,29.776
14097,3,6097,10194.310749891654,6130.880933408011,,,,1233.0,29.769
14098,3,6098,10195.310749891654,6131.880933408011,,,,1231.0,29.759
14099,3,6099,10196.310749891654,6132.880933408011,,,,1229.0,29.751
14100,3,6100,10197.310749891654,6133.880933408011,,,,1227.0,29.743
14101,3,6101,10198.310749891654,6134.880933408011,,,,1226.0,29.734
14102,3,6102,10199.310749891654,6135.880933408011,,,,1225.0,29.726
14103,3,6103,10200.310749891654,6136.880933408011,,,,1224.0,29.718
14104,3,6104,10201.310749891654,6137.880933408011,,,,1222.0,29.71
14105,3,6105,10202.310749891654,6138.880933408011,,,,1220.0,29.702
14106,3,6106,10203.310749891654,6139.880933408011,,,,1218.0,29.693
14107,3,6107,10204.310749891654,6140.880933408011,,,,1216.0,29.685
14108,3,6108,10205.310749891654,6141.880933408011,,,,1215.0,29.676
14109,3,6109,10206.310749891654,6142.880933408011,,,,1215.0,29.668
14110,3,6110,10207.310749891654,6143.880933408011,,,,1213.0,29.661
14111,3,6111,10208.310749891654,6144.880933408011,,,,1212.0,29.654
14112,3,6112,10209.310749891654,6145.880933408011,,,,1211.0,29.646
14113,3,6113,10210.310749891654,6146.880933408011,,,,1208.0,29.637
14114,3,6114,10211.310749891654,6147.880933408011,,,,1207.0,29.627
14115,3,6115,10212.310749891654,6148.880933408011,,,,1205.0,29.619
14116,3,6116,10213.310749891654,6149.880933408011,,,,1204.0,29.61
14117,3,6117,10214.310749891654,6150.880933408011,,,,1204.0,29.602
14118,3,6118,10215.310749891654,6151.880933408011,,,,1203.0,29.594
14119,3,6119,10216.310749891654,6152.880933408011,,,,1202.0,29.586
14120,3,6120,10217.310749891654,6153.880933408011,,,,1200.0,29.577
14121,3,6121,10218.310749891654,6154.880933408011,,,,1199.0,29.569
14122,3,6122,10219.310749891654,6155.880933408011,,,,1197.0,29.559
14123,3,6123,10220.310749891654,6156.880933408011,,,,1195.0,29.549
14124,3,6124,10221.310749891654,6157.880933408011,,,,1195.0,29.539
14125,3,6125,10222.310749891654,6158.880933408011,,,,1194.0,29.531
14126,3,6126,10223.310749891654,6159.880933408011,,,,1194.0,29.521
14127,3,6127,10224.310749891654,6160.880933408011,,,,1193.0,29.512
14128,3,6128,10225.310749891654,6161.880933408011,,,,1192.0,29.504
14129,3,6129,10226.310749891654,6162.880933408011,,,,1190.0,29.496
14130,3,6130,10227.310749891654,6163.880933408011,,,,1189.0,29.486
14131,3,6131,10228.310749891654,6164.880933408011,,,,1186.0,29.477
14132,3,6132,10229.310749891654,6165.880933408011,,,,1185.0,29.467
14133,3,6133,10230.310749891654,6166.880933408011,,,,1183.0,29.456
14134,3,6134,10231.310749891654,6167.880933408011,,,,1183.0,29.448
14135,3,6135,10232.310749891654,6168.880933408011,,,,1181.0,29.437
14136,3,6136,10233.310749891654,6169.880933408011,,,,1180.0,29.429
14137,3,6137,10234.310749891654,6170.880933408011,,,,1179.0,29.42
14138,3,6138,10235.310749891654,6171.880933408011,,,,1177.0,29.411
14139,3,6139,10236.310749891654,6172.880933408011,,,,1176.0,29.402
14140,3,6140,10237.310749891654,6173.880933408011,,,,1174.0,29.391
14141,3,6141,10238.310749891654,6174.880933408011,,,,1173.0,29.38
14142,3,6142,10239.310749891654,6175.880933408011,,,,1172.0,29.368
14143,3,6143,10240.310749891654,6176.880933408011,,,,1171.0,29.357
14144,3,6144,10241.310749891654,6177.880933408011,,,,1169.0,29.349
14145,3,6145,10242.310749891654,6178.880933408011,,,,1168.0,29.339
14146,3,6146,10243.310749891654,6179.880933408011,,,,1166.0,29.33
14147,3,6147,10244.310749891654,6180.880933408011,,,,1164.0,29.32
14148,3,6148,10245.310749891654,6181.880933408011,,,,1161.0,29.309
14149,3,6149,10246.310749891654,6182.880933408011,,,,1159.0,29.298
14150,3,6150,10247.310749891654,6183.880933408011,,,,1158.0,29.285
14151,3,6151,10248.310749891654,6184.880933408011,,,,1156.0,29.274
14152,3,6152,10249.310749891654,6185.880933408011,,,,1156.0,29.264
14153,3,6153,10250.310749891654,6186.880933408011,,,,1155.0,29.255
14154,3,6154,10251.310749891654,6187.880933408011,,,,1155.0,29.245
14155,3,6155,10252.310749891654,6188.880933408011,,,,1154.0,29.235
14156,3,6156,10253.310749891654,6189.880933408011,,,,1151.0,29.224
14157,3,6157,10254.310749891654,6190.880933408011,,,,1150.0,29.212
14158,3,6158,10255.310749891654,6191.880933408011,,,,1149.0,29.202
14159,3,6159,10256.310749891654,6192.880933408011,,,,1148.0,29.192
14160,3,6160,10257.310749891654,6193.880933408011,,,,1147.0,29.182
14161,3,6161,10258.310749891654,6194.880933408011,,,,1147.0,29.171
14162,3,6162,10259.310749891654,6195.880933408011,,,,1146.0,29.161
14163,3,6163,10260.310749891654,6196.880933408011,,,,1145.0,29.152
14164,3,6164,10261.310749891654,6197.880933408011,,,,1145.0,29.144
14165,3,6165,10262.310749891654,6198.880933408011,,,,1143.0,29.136
14166,3,6166,10263.310749891654,6199.880933408011,,,,1141.0,29.126
14167,3,6167,10264.310749891654,6200.880933408011,,,,1137.0,29.117
14168,3,6168,10265.310749891654,6201.880933408011,,,,1134.0,29.105
14169,3,6169,10266.310749891654,6202.880933408011,,,,1131.0,29.091
14170,3,6170,10267.310749891654,6203.880933408011,,,,1127.0,29.077
14171,3,6171,10268.310749891654,6204.880933408011,,,,1123.0,29.063
14172,3,6172,10269.310749891654,6205.880933408011,,,,1121.0,29.05
14173,3,6173,10270.310749891654,6206.880933408011,,,,1120.0,29.038
14174,3,6174,10271.310749891654,6207.880933408011,,,,1118.0,29.026
14175,3,6175,10272.310749891654,6208.880933408011,,,,1116.0,29.012
14176,3,6176,10273.310749891654,6209.880933408011,,,,1114.0,28.998
14177,3,6177,10274.310749891654,6210.880933408011,,,,1114.0,28.986
14178,3,6178,10275.310749891654,6211.880933408011,,,,1115.0,28.973
14179,3,6179,10276.310749891654,6212.880933408011,,,,1117.0,28.964
14180,3,6180,10277.310749891654,6213.880933408011,,,,1119.0,28.955
14181,3,6181,10278.310749891654,6214.880933408011,,,,1121.0,28.947
14182,3,6182,10279.310749891654,6215.880933408011,,,,1121.0,28.939
14183,3,6183,10280.310749891654,6216.880933408011,,,,1121.0,28.928
14184,3,6184,10281.310749891654,6217.880933408011,,,,1119.0,28.918
14185,3,6185,10282.310749891654,6218.880933408011,,,,1119.0,28.909
14186,3,6186,10283.310749891654,6219.880933408011,,,,1119.0,28.898
14187,3,6187,10284.310749891654,6220.880933408011,,,,1118.0,28.889
14188,3,6188,10285.310749891654,6221.880933408011,,,,1117.0,28.878
14189,3,6189,10286.310749891654,6222.880933408011,,,,1116.0,28.867
14190,3,6190,10287.310749891654,6223.880933408011,,,,1114.0,28.856
14191,3,6191,10288.310749891654,6224.880933408011,,,,1113.0,28.845
14192,3,6192,10289.310749891654,6225.880933408011,,,,1112.0,28.834
14193,3,6193,10290.310749891654,6226.880933408011,,,,1113.0,28.823
14194,3,6194,10291.310749891654,6227.880933408011,,,,1115.0,28.815
14195,3,6195,10292.310749891654,6228.880933408011,,,,1114.0,28.807
14196,3,6196,10293.310749891654,6229.880933408011,,,,1114.0,28.798
14197,3,6197,10294.310749891654,6230.880933408011,,,,1111.0,28.788
14198,3,6198,10295.310749891654,6231.880933408011,,,,1109.0,28.777
14199,3,6199,10296.310749891654,6232.880933408011,,,,1107.0,28.764
14200,3,6200,10297.310749891654,6233.880933408011,,,,1107.0,28.752
14201,3,6201,10298.310749891654,6234.880933408011,,,,1108.0,28.742
14202,3,6202,10299.310749891654,6235.880933408011,,,,1109.0,28.732
14203,3,6203,10300.310749891654,6236.880933408011,,,,1110.0,28.727
14204,3,6204,10301.310749891654,6237.880933408011,,,,1111.0,28.717
14205,3,6205,10302.310749891654,6238.880933408011,,,,1111.0,28.71
14206,3,6206,10303.310749891654,6239.880933408011,,,,1109.0,28.698
14207,3,6207,10304.310749891654,6240.880933408011,,,,1109.0,28.688
14208,3,6208,10305.310749891654,6241.880933408011,,,,1109.0,28.676
14209,3,6209,10306.310749891654,6242.880933408011,,,,1108.0,28.667
14210,3,6210,10307.310749891654,6243.880933408011,,,,1109.0,28.656
14211,3,6211,10308.310749891654,6244.880933408011,,,,1107.0,28.647
14212,3,6212,10309.310749891654,6245.880933408011,,,,1106.0,28.638
14213,3,6213,10310.310749891654,6246.880933408011,,,,1104.0,28.626
14214,3,6214,10311.310749891654,6247.880933408011,,,,1102.0,28.613
14215,3,6215,10312.310749891654,6248.880933408011,,,,1102.0,28.601
14216,3,6216,10313.310749891654,6249.880933408011,,,,1102.0,28.591
14217,3,6217,10314.310749891654,6250.880933408011,,,,1101.0,28.583
14218,3,6218,10315.310749891654,6251.880933408011,,,,1102.0,28.575
14219,3,6219,10316.310749891654,6252.880933408011,,,,1100.0,28.566
14220,3,6220,10317.310749891654,6253.880933408011,,,,1098.0,28.557
14221,3,6221,10318.310749891654,6254.880933408011,,,,1096.0,28.547
14222,3,6222,10319.310749891654,6255.880933408011,,,,1094.0,28.538
14223,3,6223,10320.310749891654,6256.880933408011,,,,1091.0,28.528
14224,3,6224,10321.310749891654,6257.880933408011,,,,1089.0,28.518
14225,3,6225,10322.310749891654,6258.880933408011,,,,1087.0,28.507
14226,3,6226,10323.310749891654,6259.880933408011,,,,1085.0,28.499
14227,3,6227,10324.310749891654,6260.880933408011,,,,1083.0,28.49
14228,3,6228,10325.310749891654,6261.880933408011,,,,1080.0,28.482
14229,3,6229,10326.310749891654,6262.880933408011,,,,1078.0,28.473
14230,3,6230,10327.310749891654,6263.880933408011,,,,1076.0,28.464
14231,3,6231,10328.310749891654,6264.880933408011,,,,1073.0,28.456
14232,3,6232,10329.310749891654,6265.880933408011,,,,1071.0,28.445
14233,3,6233,10330.310749891654,6266.880933408011,,,,1070.0,28.434
14234,3,6234,10331.310749891654,6267.880933408011,,,,1068.0,28.426
14235,3,6235,10332.310749891654,6268.880933408011,,,,1068.0,28.416
14236,3,6236,10333.310749891654,6269.880933408011,,,,1067.0,28.406
14237,3,6237,10334.310749891654,6270.880933408011,,,,1066.0,28.399
14238,3,6238,10335.310749891654,6271.880933408011,,,,1065.0,28.389
14239,3,6239,10336.310749891654,6272.880933408011,,,,1063.0,28.379
14240,3,6240,10337.310749891654,6273.880933408011,,,,1062.0,28.369
14241,3,6241,10338.310749891654,6274.880933408011,,,,1060.0,28.362
14242,3,6242,10339.310749891654,6275.880933408011,,,,1058.0,28.352
14243,3,6243,10340.310749891654,6276.880933408011,,,,1056.0,28.343
14244,3,6244,10341.310749891654,6277.880933408011,,,,1054.0,28.333
14245,3,6245,10342.310749891654,6278.880933408011,,,,1053.0,28.325
14246,3,6246,10343.310749891654,6279.880933408011,,,,1050.0,28.315
14247,3,6247,10344.310749891654,6280.880933408011,,,,1050.0,28.307
14248,3,6248,10345.310749891654,6281.880933408011,,,,1048.0,28.297
14249,3,6249,10346.310749891654,6282.880933408011,,,,1048.0,28.29
14250,3,6250,10347.310749891654,6283.880933408011,,,,1046.0,28.28
14251,3,6251,10348.310749891654,6284.880933408011,,,,1046.0,28.271
14252,3,6252,10349.310749891654,6285.880933408011,,,,1043.0,28.263
14253,3,6253,10350.310749891654,6286.880933408011,,,,1042.0,28.253
14254,3,6254,10351.310749891654,6287.880933408011,,,,1041.0,28.243
14255,3,6255,10352.310749891654,6288.880933408011,,,,1041.0,28.235
14256,3,6256,10353.310749891654,6289.880933408011,,,,1041.0,28.226
14257,3,6257,10354.310749891654,6290.880933408011,,,,1040.0,28.218
14258,3,6258,10355.310749891654,6291.880933408011,,,,1040.0,28.21
14259,3,6259,10356.310749891654,6292.880933408011,,,,1039.0,28.201
14260,3,6260,10357.310749891654,6293.880933408011,,,,1039.0,28.193
14261,3,6261,10358.310749891654,6294.880933408011,,,,1038.0,28.183
14262,3,6262,10359.310749891654,6295.880933408011,,,,1038.0,28.174
14263,3,6263,10360.310749891654,6296.880933408011,,,,1037.0,28.164
14264,3,6264,10361.310749891654,6297.880933408011,,,,1037.0,28.155
14265,3,6265,10362.310749891654,6298.880933408011,,,,1037.0,28.145
14266,3,6266,10363.310749891654,6299.880933408011,,,,1037.0,28.137
14267,3,6267,10364.310749891654,6300.880933408011,,,,1036.0,28.129
14268,3,6268,10365.310749891654,6301.880933408011,,,,1035.0,28.119
14269,3,6269,10366.310749891654,6302.880933408011,,,,1034.0,28.109
14270,3,6270,10367.310749891654,6303.880933408011,,,,1031.0,28.1
14271,3,6271,10368.310749891654,6304.880933408011,,,,1030.0,28.089
14272,3,6272,10369.310749891654,6305.880933408011,,,,1028.0,28.079
14273,3,6273,10370.310749891654,6306.880933408011,,,,1027.0,28.069
14274,3,6274,10371.310749891654,6307.880933408011,,,,1026.0,28.059
14275,3,6275,10372.310749891654,6308.880933408011,,,,1026.0,28.048
14276,3,6276,10373.310749891654,6309.880933408011,,,,1025.0,28.037
14277,3,6277,10374.310749891654,6310.880933408011,,,,1025.0,28.029
14278,3,6278,10375.310749891654,6311.880933408011,,,,1025.0,28.018
14279,3,6279,10376.310749891654,6312.880933408011,,,,1024.0,28.006
14280,3,6280,10377.310749891654,6313.880933408011,,,,1023.0,27.995
14281,3,6281,10378.310749891654,6314.880933408011,,,,1022.0,27.983
14282,3,6282,10379.310749891654,6315.880933408011,,,,1021.0,27.974
14283,3,6283,10380.310749891654,6316.880933408011,,,,1021.0,27.962
14284,3,6284,10381.310749891654,6317.880933408011,,,,1022.0,27.954
14285,3,6285,10382.310749891654,6318.880933408011,,,,1025.0,27.946
14286,3,6286,10383.310749891654,6319.880933408011,,,,1027.0,27.939
14287,3,6287,10384.310749891654,6320.880933408011,,,,1029.0,27.931
14288,3,6288,10385.310749891654,6321.880933408011,,,,1029.0,27.923
14289,3,6289,10386.310749891654,6322.880933408011,,,,1029.0,27.913
14290,3,6290,10387.310749891654,6323.880933408011,,,,1030.0,27.904
14291,3,6291,10388.310749891654,6324.880933408011,,,,1032.0,27.894
14292,3,6292,10389.310749891654,6325.880933408011,,,,1035.0,27.888
14293,3,6293,10390.310749891654,6326.880933408011,,,,1037.0,27.88
14294,3,6294,10391.310749891654,6327.880933408011,,,,1038.0,27.872
14295,3,6295,10392.310749891654,6328.880933408011,,,,1039.0,27.864
14296,3,6296,10393.310749891654,6329.880933408011,,,,1040.0,27.856
14297,3,6297,10394.310749891654,6330.880933408011,,,,1042.0,27.846
14298,3,6298,10395.310749891654,6331.880933408011,,,,1043.0,27.838
14299,3,6299,10396.310749891654,6332.880933408011,,,,1045.0,27.828
14300,3,6300,10397.310749891654,6333.880933408011,,,,1047.0,27.819
14301,3,6301,10398.310749891654,6334.880933408011,,,,1049.0,27.81
14302,3,6302,10399.310749891654,6335.880933408011,,,,1052.0,27.803
14303,3,6303,10400.310749891654,6336.880933408011,,,,1054.0,27.797
14304,3,6304,10401.310749891654,6337.880933408011,,,,1055.0,27.792
14305,3,6305,10402.310749891654,6338.880933408011,,,,1056.0,27.788
14325,3,6325,10422.310749891654,6358.880933408011,,,,1080.0,27.787
14352,3,6352,10449.310749891654,6385.880933408011,,,,1085.0,27.786
14353,3,6353,10450.310749891654,6386.880933408011,,,,1085.0,27.779
14354,3,6354,10451.310749891654,6387.880933408011,,,,1085.0,27.772
14355,3,6355,10452.310749891654,6388.880933408011,,,,1084.0,27.765
14356,3,6356,10453.310749891654,6389.880933408011,,,,1084.0,27.758
14357,3,6357,10454.310749891654,6390.880933408011,,,,1083.0,27.75
14358,3,6358,10455.310749891654,6391.880933408011,,,,1083.0,27.744
14359,3,6359,10456.310749891654,6392.880933408011,,,,1083.0,27.739
14360,3,6360,10457.310749891654,6393.880933408011,,,,1082.0,27.736
14361,3,6361,10458.310749891654,6394.880933408011,,,,1081.0,27.734
14362,3,6362,10459.310749891654,6395.880933408011,,,,1080.0,27.733
14403,3,6403,10500.310749891654,6436.880933408011,,,,1061.0,27.726
14404,3,6404,10501.310749891654,6437.880933408011,,,,1060.0,27.717
14405,3,6405,10502.310749891654,6438.880933408011,,,,1059.0,27.708
14406,3,6406,10503.310749891654,6439.880933408011,,,,1058.0,27.698
14407,3,6407,10504.310749891654,6440.880933408011,,,,1056.0,27.688
14408,3,6408,10505.310749891654,6441.880933408011,,,,1055.0,27.679
14409,3,6409,10506.310749891654,6442.880933408011,,,,1053.0,27.668
14410,3,6410,10507.310749891654,6443.880933408011,,,,1053.0,27.656
14411,3,6411,10508.310749891654,6444.880933408011,,,,1052.0,27.646
14412,3,6412,10509.310749891654,6445.880933408011,,,,1051.0,27.635
14413,3,6413,10510.310749891654,6446.880933408011,,,,1050.0,27.625
14414,3,6414,10511.310749891654,6447.880933408011,,,,1049.0,27.614
14415,3,6415,10512.310749891654,6448.880933408011,,,,1048.0,27.604
14416,3,6416,10513.310749891654,6449.880933408011,,,,1047.0,27.593
14417,3,6417,10514.310749891654,6450.880933408011,,,,1046.0,27.581
14418,3,6418,10515.310749891654,6451.880933408011,,,,1045.0,27.572
14419,3,6419,10516.310749891654,6452.880933408011,,,,1044.0,27.56
14420,3,6420,10517.310749891654,6453.880933408011,,,,1044.0,27.551
14421,3,6421,10518.310749891654,6454.880933408011,,,,1042.0,27.542
14422,3,6422,10519.310749891654,6455.880933408011,,,,1041.0,27.532
14423,3,6423,10520.310749891654,6456.880933408011,,,,1039.0,27.521
14424,3,6424,10521.310749891654,6457.880933408011,,,,1037.0,27.509
14425,3,6425,10522.310749891654,6458.880933408011,,,,1035.0,27.498
14426,3,6426,10523.310749891654,6459.880933408011,,,,1033.0,27.486
14427,3,6427,10524.310749891654,6460.880933408011,,,,1032.0,27.474
14428,3,6428,10525.310749891654,6461.880933408011,,,,1031.0,27.465
14429,3,6429,10526.310749891654,6462.880933408011,,,,1029.0,27.454
14430,3,6430,10527.310749891654,6463.880933408011,,,,1027.0,27.444
14431,3,6431,10528.310749891654,6464.880933408011,,,,1027.0,27.432
14432,3,6432,10529.310749891654,6465.880933408011,,,,1026.0,27.421
14433,3,6433,10530.310749891654,6466.880933408011,,,,1026.0,27.41
14434,3,6434,10531.310749891654,6467.880933408011,,,,1026.0,27.401
14435,3,6435,10532.310749891654,6468.880933408011,,,,1026.0,27.391
14436,3,6436,10533.310749891654,6469.880933408011,,,,1027.0,27.381
14437,3,6437,10534.310749891654,6470.880933408011,,,,1028.0,27.371
14438,3,6438,10535.310749891654,6471.880933408011,,,,1030.0,27.363
14439,3,6439,10536.310749891654,6472.880933408011,,,,1030.0,27.355
14440,3,6440,10537.310749891654,6473.880933408011,,,,1032.0,27.346
14441,3,6441,10538.310749891654,6474.880933408011,,,,1032.0,27.338
14442,3,6442,10539.310749891654,6475.880933408011,,,,1032.0,27.331
14443,3,6443,10540.310749891654,6476.880933408011,,,,1033.0,27.324
14444,3,6444,10541.310749891654,6477.880933408011,,,,1032.0,27.316
14445,3,6445,10542.310749891654,6478.880933408011,,,,1031.0,27.308
14446,3,6446,10543.310749891654,6479.880933408011,,,,1030.0,27.301
14447,3,6447,10544.310749891654,6480.880933408011,,,,1029.0,27.294
14448,3,6448,10545.310749891654,6481.880933408011,,,,1026.0,27.284
14449,3,6449,10546.310749891654,6482.880933408011,,,,1024.0,27.273
14450,3,6450,10547.310749891654,6483.880933408011,,,,1023.0,27.262
14451,3,6451,10548.310749891654,6484.880933408011,,,,1023.0,27.251
14452,3,6452,10549.310749891654,6485.880933408011,,,,1023.0,27.243
14453,3,6453,10550.310749891654,6486.880933408011,,,,1023.0,27.234
14454,3,6454,10551.310749891654,6487.880933408011,,,,1021.0,27.226
14455,3,6455,10552.310749891654,6488.880933408011,,,,1020.0,27.217
14456,3,6456,10553.310749891654,6489.880933408011,,,,1018.0,27.206
14457,3,6457,10554.310749891654,6490.880933408011,,,,1016.0,27.196
14458,3,6458,10555.310749891654,6491.880933408011,,,,1014.0,27.186
14459,3,6459,10556.310749891654,6492.880933408011,,,,1013.0,27.175
14460,3,6460,10557.310749891654,6493.880933408011,,,,1013.0,27.167
14461,3,6461,10558.310749891654,6494.880933408011,,,,1012.0,27.16
14462,3,6462,10559.310749891654,6495.880933408011,,,,1010.0,27.152
14463,3,6463,10560.310749891654,6496.880933408011,,,,1009.0,27.144
14464,3,6464,10561.310749891654,6497.880933408011,,,,1006.0,27.134
14465,3,6465,10562.310749891654,6498.880933408011,,,,1004.0,27.126
14466,3,6466,10563.310749891654,6499.880933408011,,,,1002.0,27.116
14467,3,6467,10564.310749891654,6500.880933408011,,,,999.0,27.108
14468,3,6468,10565.310749891654,6501.880933408011,,,,996.0,27.098
14469,3,6469,10566.310749891654,6502.880933408011,,,,993.0,27.088
14470,3,6470,10567.310749891654,6503.880933408011,,,,990.0,27.078
14471,3,6471,10568.310749891654,6504.880933408011,,,,987.0,27.067
14472,3,6472,10569.310749891654,6505.880933408011,,,,985.0,27.057
14473,3,6473,10570.310749891654,6506.880933408011,,,,983.0,27.048
14474,3,6474,10571.310749891654,6507.880933408011,,,,981.0,27.039
14475,3,6475,10572.310749891654,6508.880933408011,,,,978.0,27.03
14476,3,6476,10573.310749891654,6509.880933408011,,,,975.0,27.018
14477,3,6477,10574.310749891654,6510.880933408011,,,,973.0,27.009
14478,3,6478,10575.310749891654,6511.880933408011,,,,972.0,26.999
14479,3,6479,10576.310749891654,6512.880933408011,,,,971.0,26.99
14480,3,6480,10577.310749891654,6513.880933408011,,,,968.0,26.983
14481,3,6481,10578.310749891654,6514.880933408011,,,,967.0,26.974
14482,3,6482,10579.310749891654,6515.880933408011,,,,964.0,26.965
14483,3,6483,10580.310749891654,6516.880933408011,,,,962.0,26.957
14484,3,6484,10581.310749891654,6517.880933408011,,,,959.0,26.946
14485,3,6485,10582.310749891654,6518.880933408011,,,,957.0,26.937
14486,3,6486,10583.310749891654,6519.880933408011,,,,955.0,26.927
14487,3,6487,10584.310749891654,6520.880933408011,,,,952.0,26.918
14488,3,6488,10585.310749891654,6521.880933408011,,,,950.0,26.91
14489,3,6489,10586.310749891654,6522.880933408011,,,,949.0,26.902
14490,3,6490,10587.310749891654,6523.880933408011,,,,947.0,26.893
14491,3,6491,10588.310749891654,6524.880933408011,,,,945.0,26.883
14492,3,6492,10589.310749891654,6525.880933408011,,,,943.0,26.875
14493,3,6493,10590.310749891654,6526.880933408011,,,,941.0,26.867
14494,3,6494,10591.310749891654,6527.880933408011,,,,939.0,26.859
14495,3,6495,10592.310749891654,6528.880933408011,,,,936.0,26.849
14496,3,6496,10593.310749891654,6529.880933408011,,,,933.0,26.841
14497,3,6497,10594.310749891654,6530.880933408011,,,,930.0,26.83
14498,3,6498,10595.310749891654,6531.880933408011,,,,927.0,26.82
14499,3,6499,10596.310749891654,6532.880933408011,,,,924.0,26.81
14500,3,6500,10597.310749891654,6533.880933408011,,,,923.0,26.8
14501,3,6501,10598.310749891654,6534.880933408011,,,,923.0,26.791
14502,3,6502,10599.310749891654,6535.880933408011,,,,922.0,26.785
14503,3,6503,10600.310749891654,6536.880933408011,,,,921.0,26.777
14504,3,6504,10601.310749891654,6537.880933408011,,,,919.0,26.77
14505,3,6505,10602.310749891654,6538.880933408011,,,,917.0,26.759
14506,3,6506,10603.310749891654,6539.880933408011,,,,915.0,26.749
14507,3,6507,10604.310749891654,6540.880933408011,,,,913.0,26.739
14508,3,6508,10605.310749891654,6541.880933408011,,,,913.0,26.73
14509,3,6509,10606.310749891654,6542.880933408011,,,,913.0,26.724
14510,3,6510,10607.310749891654,6543.880933408011,,,,913.0,26.715
14511,3,6511,10608.310749891654,6544.880933408011,,,,912.0,26.708
14512,3,6512,10609.310749891654,6545.880933408011,,,,909.0,26.697
14513,3,6513,10610.310749891654,6546.880933408011,,,,907.0,26.687
14514,3,6514,10611.310749891654,6547.880933408011,,,,905.0,26.675
14515,3,6515,10612.310749891654,6548.880933408011,,,,904.0,26.665
14516,3,6516,10613.310749891654,6549.880933408011,,,,904.0,26.655
14517,3,6517,10614.310749891654,6550.880933408011,,,,904.0,26.645
14518,3,6518,10615.310749891654,6551.880933408011,,,,904.0,26.635
14519,3,6519,10616.310749891654,6552.880933408011,,,,903.0,26.627
14520,3,6520,10617.310749891654,6553.880933408011,,,,902.0,26.618
14521,3,6521,10618.310749891654,6554.880933408011,,,,901.0,26.608
14522,3,6522,10619.310749891654,6555.880933408011,,,,899.0,26.599
14523,3,6523,10620.310749891654,6556.880933408011,,,,898.0,26.588
14524,3,6524,10621.310749891654,6557.880933408011,,,,897.0,26.578
14525,3,6525,10622.310749891654,6558.880933408011,,,,897.0,26.568
14526,3,6526,10623.310749891654,6559.880933408011,,,,897.0,26.559
14527,3,6527,10624.310749891654,6560.880933408011,,,,897.0,26.55
14528,3,6528,10625.310749891654,6561.880933408011,,,,897.0,26.542
14529,3,6529,10626.310749891654,6562.880933408011,,,,896.0,26.533
14530,3,6530,10627.310749891654,6563.880933408011,,,,896.0,26.525
14531,3,6531,10628.310749891654,6564.880933408011,,,,896.0,26.519
14532,3,6532,10629.310749891654,6565.880933408011,,,,896.0,26.511
14533,3,6533,10630.310749891654,6566.880933408011,,,,896.0,26.504
14534,3,6534,10631.310749891654,6567.880933408011,,,,896.0,26.498
14535,3,6535,10632.310749891654,6568.880933408011,,,,896.0,26.491
14536,3,6536,10633.310749891654,6569.880933408011,,,,896.0,26.484
14537,3,6537,10634.310749891654,6570.880933408011,,,,895.0,26.477
14538,3,6538,10635.310749891654,6571.880933408011,,,,895.0,26.469
14539,3,6539,10636.310749891654,6572.880933408011,,,,895.0,26.462
14540,3,6540,10637.310749891654,6573.880933408011,,,,897.0,26.457
14541,3,6541,10638.310749891654,6574.880933408011,,,,896.0,26.451
14542,3,6542,10639.310749891654,6575.880933408011,,,,897.0,26.446
14543,3,6543,10640.310749891654,6576.880933408011,,,,896.0,26.439
14544,3,6544,10641.310749891654,6577.880933408011,,,,896.0,26.433
14545,3,6545,10642.310749891654,6578.880933408011,,,,895.0,26.425
14546,3,6546,10643.310749891654,6579.880933408011,,,,895.0,26.417
14547,3,6547,10644.310749891654,6580.880933408011,,,,896.0,26.412
14548,3,6548,10645.310749891654,6581.880933408011,,,,898.0,26.406
14549,3,6549,10646.310749891654,6582.880933408011,,,,900.0,26.399
14550,3,6550,10647.310749891654,6583.880933408011,,,,901.0,26.391
14551,3,6551,10648.310749891654,6584.880933408011,,,,902.0,26.383
14552,3,6552,10649.310749891654,6585.880933408011,,,,903.0,26.376
14553,3,6553,10650.310749891654,6586.880933408011,,,,904.0,26.367
14554,3,6554,10651.310749891654,6587.880933408011,,,,904.0,26.358
14555,3,6555,10652.310749891654,6588.880933408011,,,,904.0,26.35
14556,3,6556,10653.310749891654,6589.880933408011,,,,905.0,26.343
14557,3,6557,10654.310749891654,6590.880933408011,,,,905.0,26.34
14637,3,6637,10734.310749891654,6670.880933408011,,,,946.0,26.333
14638,3,6638,10735.310749891654,6671.880933408011,,,,944.0,26.322
14639,3,6639,10736.310749891654,6672.880933408011,,,,943.0,26.313
14640,3,6640,10737.310749891654,6673.880933408011,,,,943.0,26.304
14641,3,6641,10738.310749891654,6674.880933408011,,,,942.0,26.295
14642,3,6642,10739.310749891654,6675.880933408011,,,,942.0,26.286
14643,3,6643,10740.310749891654,6676.880933408011,,,,942.0,26.279
14644,3,6644,10741.310749891654,6677.880933408011,,,,941.0,26.27
14645,3,6645,10742.310749891654,6678.880933408011,,,,939.0,26.261
14646,3,6646,10743.310749891654,6679.880933408011,,,,937.0,26.25
14647,3,6647,10744.310749891654,6680.880933408011,,,,934.0,26.237
14648,3,6648,10745.310749891654,6681.880933408011,,,,934.0,26.226
14649,3,6649,10746.310749891654,6682.880933408011,,,,932.0,26.214
14650,3,6650,10747.310749891654,6683.880933408011,,,,932.0,26.203
14651,3,6651,10748.310749891654,6684.880933408011,,,,932.0,26.194
14652,3,6652,10749.310749891654,6685.880933408011,,,,930.0,26.183
14653,3,6653,10750.310749891654,6686.880933408011,,,,929.0,26.172
14654,3,6654,10751.310749891654,6687.880933408011,,,,928.0,26.16
14655,3,6655,10752.310749891654,6688.880933408011,,,,927.0,26.148
14656,3,6656,10753.310749891654,6689.880933408011,,,,928.0,26.135
14657,3,6657,10754.310749891654,6690.880933408011,,,,931.0,26.125
14658,3,6658,10755.310749891654,6691.880933408011,,,,933.0,26.117
14659,3,6659,10756.310749891654,6692.880933408011,,,,935.0,26.112
14660,3,6660,10757.310749891654,6693.880933408011,,,,938.0,26.109
14661,3,6661,10758.310749891654,6694.880933408011,,,,938.0,26.103
14662,3,6662,10759.310749891654,6695.880933408011,,,,936.0,26.096
14663,3,6663,10760.310749891654,6696.880933408011,,,,935.0,26.085
14664,3,6664,10761.310749891654,6697.880933408011,,,,935.0,26.076
14665,3,6665,10762.310749891654,6698.880933408011,,,,936.0,26.069
14666,3,6666,10763.310749891654,6699.880933408011,,,,937.0,26.064
14667,3,6667,10764.310749891654,6700.880933408011,,,,938.0,26.062
15796,3,7796,11893.310749891654,7829.880933408011,,,,1473.0,26.057
15797,3,7797,11894.310749891654,7830.880933408011,,,,1474.0,26.052
15798,3,7798,11895.310749891654,7831.880933408011,,,,1474.0,26.047
15799,3,7799,11896.310749891654,7832.880933408011,,,,1474.0,26.04
15800,3,7800,11897.310749891654,7833.880933408011,,,,1473.0,26.032
15801,3,7801,11898.310749891654,7834.880933408011,,,,1472.0,26.025
15802,3,7802,11899.310749891654,7835.880933408011,,,,1472.0,26.016
15803,3,7803,11900.310749891654,7836.880933408011,,,,1473.0,26.01
15804,3,7804,11901.310749891654,7837.880933408011,,,,1474.0,26.005
15805,3,7805,11902.310749891654,7838.880933408011,,,,1476.0,25.999
15806,3,7806,11903.310749891654,7839.880933408011,,,,1477.0,25.994
15807,3,7807,11904.310749891654,7840.880933408011,,,,1476.0,25.987
15808,3,7808,11905.310749891654,7841.880933408011,,,,1475.0,25.98
15809,3,7809,11906.310749891654,7842.880933408011,,,,1474.0,25.972
15810,3,7810,11907.310749891654,7843.880933408011,,,,1474.0,25.963
15811,3,7811,11908.310749891654,7844.880933408011,,,,1475.0,25.955
15812,3,7812,11909.310749891654,7845.880933408011,,,,1475.0,25.946
15813,3,7813,11910.310749891654,7846.880933408011,,,,1477.0,25.939
15814,3,7814,11911.310749891654,7847.880933408011,,,,1478.0,25.933
15815,3,7815,11912.310749891654,7848.880933408011,,,,1480.0,25.926
15816,3,7816,11913.310749891654,7849.880933408011,,,,1480.0,25.919
15817,3,7817,11914.310749891654,7850.880933408011,,,,1480.0,25.912
15818,3,7818,11915.310749891654,7851.880933408011,,,,1478.0,25.903
15819,3,7819,11916.310749891654,7852.880933408011,,,,1477.0,25.895
15820,3,7820,11917.310749891654,7853.880933408011,,,,1477.0,25.886
15821,3,7821,11918.310749891654,7854.880933408011,,,,1478.0,25.878
15822,3,7822,11919.310749891654,7855.880933408011,,,,1478.0,25.869
15823,3,7823,11920.310749891654,7856.880933408011,,,,1479.0,25.862
15824,3,7824,11921.310749891654,7857.880933408011,,,,1480.0,25.853
15825,3,7825,11922.310749891654,7858.880933408011,,,,1480.0,25.846
15826,3,7826,11923.310749891654,7859.880933408011,,,,1479.0,25.835
15827,3,7827,11924.310749891654,7860.880933408011,,,,1478.0,25.826
15828,3,7828,11925.310749891654,7861.880933408011,,,,1478.0,25.817
15829,3,7829,11926.310749891654,7862.880933408011,,,,1479.0,25.808
15830,3,7830,11927.310749891654,7863.880933408011,,,,1479.0,25.801
15831,3,7831,11928.310749891654,7864.880933408011,,,,1480.0,25.794
15832,3,7832,11929.310749891654,7865.880933408011,,,,1480.0,25.787
15833,3,7833,11930.310749891654,7866.880933408011,,,,1479.0,25.778
15834,3,7834,11931.310749891654,7867.880933408011,,,,1479.0,25.769
15835,3,7835,11932.310749891654,7868.880933408011,,,,1478.0,25.758
15836,3,7836,11933.310749891654,7869.880933408011,,,,1478.0,25.749
15837,3,7837,11934.310749891654,7870.880933408011,,,,1478.0,25.74
15838,3,7838,11935.310749891654,7871.880933408011,,,,1479.0,25.733
15839,3,7839,11936.310749891654,7872.880933408011,,,,1480.0,25.726
15840,3,7840,11937.310749891654,7873.880933408011,,,,1481.0,25.721
15841,3,7841,11938.310749891654,7874.880933408011,,,,1480.0,25.712
15842,3,7842,11939.310749891654,7875.880933408011,,,,1479.0,25.703
15843,3,7843,11940.310749891654,7876.880933408011,,,,1478.0,25.694
15844,3,7844,11941.310749891654,7877.880933408011,,,,1478.0,25.685
15845,3,7845,11942.310749891654,7878.880933408011,,,,1478.0,25.677
15846,3,7846,11943.310749891654,7879.880933408011,,,,1478.0,25.67
15847,3,7847,11944.310749891654,7880.880933408011,,,,1478.0,25.663
15848,3,7848,11945.310749891654,7881.880933408011,,,,1477.0,25.656
15849,3,7849,11946.310749891654,7882.880933408011,,,,1475.0,25.647
15850,3,7850,11947.310749891654,7883.880933408011,,,,1474.0,25.637
15851,3,7851,11948.310749891654,7884.880933408011,,,,1473.0,25.626
15852,3,7852,11949.310749891654,7885.880933408011,,,,1471.0,25.616
15853,3,7853,11950.310749891654,7886.880933408011,,,,1471.0,25.606
15854,3,7854,11951.310749891654,7887.880933408011,,,,1471.0,25.597
15855,3,7855,11952.310749891654,7888.880933408011,,,,1471.0,25.589
15856,3,7856,11953.310749891654,7889.880933408011,,,,1470.0,25.582
15857,3,7857,11954.310749891654,7890.880933408011,,,,1470.0,25.574
15858,3,7858,11955.310749891654,7891.880933408011,,,,1468.0,25.566
15859,3,7859,11956.310749891654,7892.880933408011,,,,1467.0,25.558
15860,3,7860,11957.310749891654,7893.880933408011,,,,1466.0,25.548
15861,3,7861,11958.310749891654,7894.880933408011,,,,1465.0,25.54
15862,3,7862,11959.310749891654,7895.880933408011,,,,1464.0,25.529
15863,3,7863,11960.310749891654,7896.880933408011,,,,1464.0,25.521
15864,3,7864,11961.310749891654,7897.880933408011,,,,1463.0,25.513
15865,3,7865,11962.310749891654,7898.880933408011,,,,1462.0,25.504
15866,3,7866,11963.310749891654,7899.880933408011,,,,1460.0,25.496
15867,3,7867,11964.310749891654,7900.880933408011,,,,1458.0,25.486
15868,3,7868,11965.310749891654,7901.880933408011,,,,1456.0,25.476
15869,3,7869,11966.310749891654,7902.880933408011,,,,1454.0,25.468
15870,3,7870,11967.310749891654,7903.880933408011,,,,1454.0,25.458
15871,3,7871,11968.310749891654,7904.880933408011,,,,1453.0,25.447
15872,3,7872,11969.310749891654,7905.880933408011,,,,1451.0,25.439
15873,3,7873,11970.310749891654,7906.880933408011,,,,1450.0,25.429
15874,3,7874,11971.310749891654,7907.880933408011,,,,1448.0,25.416
15875,3,7875,11972.310749891654,7908.880933408011,,,,1446.0,25.406
15876,3,7876,11973.310749891654,7909.880933408011,,,,1446.0,25.393
15877,3,7877,11974.310749891654,7910.880933408011,,,,1445.0,25.381
15878,3,7878,11975.310749891654,7911.880933408011,,,,1444.0,25.37
15879,3,7879,11976.310749891654,7912.880933408011,,,,1445.0,25.357
15880,3,7880,11977.310749891654,7913.880933408011,,,,1445.0,25.348
15881,3,7881,11978.310749891654,7914.880933408011,,,,1445.0,25.337
15882,3,7882,11979.310749891654,7915.880933408011,,,,1445.0,25.329
15883,3,7883,11980.310749891654,7916.880933408011,,,,1443.0,25.318
15884,3,7884,11981.310749891654,7917.880933408011,,,,1442.0,25.307
15885,3,7885,11982.310749891654,7918.880933408011,,,,1440.0,25.297
15886,3,7886,11983.310749891654,7919.880933408011,,,,1439.0,25.284
15887,3,7887,11984.310749891654,7920.880933408011,,,,1438.0,25.274
15888,3,7888,11985.310749891654,7921.880933408011,,,,1437.0,25.262
15889,3,7889,11986.310749891654,7922.880933408011,,,,1437.0,25.251
15890,3,7890,11987.310749891654,7923.880933408011,,,,1437.0,25.243
15891,3,7891,11988.310749891654,7924.880933408011,,,,1438.0,25.232
15892,3,7892,11989.310749891654,7925.880933408011,,,,1437.0,25.224
15893,3,7893,11990.310749891654,7926.880933408011,,,,1436.0,25.215
15894,3,7894,11991.310749891654,7927.880933408011,,,,1434.0,25.203
15895,3,7895,11992.310749891654,7928.880933408011,,,,1432.0,25.193
15896,3,7896,11993.310749891654,7929.880933408011,,,,1432.0,25.181
15897,3,7897,11994.310749891654,7930.880933408011,,,,1432.0,25.172
15898,3,7898,11995.310749891654,7931.880933408011,,,,1431.0,25.161
15899,3,7899,11996.310749891654,7932.880933408011,,,,1431.0,25.153
15900,3,7900,11997.310749891654,7933.880933408011,,,,1430.0,25.144
15901,3,7901,11998.310749891654,7934.880933408011,,,,1427.0,25.132
15902,3,7902,11999.310749891654,7935.880933408011,,,,1426.0,25.12
15903,3,7903,12000.310749891654,7936.880933408011,,,,1424.0,25.107
15904,3,7904,12001.310749891654,7937.880933408011,,,,1424.0,25.095
15905,3,7905,12002.310749891654,7938.880933408011,,,,1424.0,25.085
15906,3,7906,12003.310749891654,7939.880933408011,,,,1424.0,25.077
15907,3,7907,12004.310749891654,7940.880933408011,,,,1424.0,25.067
15908,3,7908,12005.310749891654,7941.880933408011,,,,1424.0,25.057
15909,3,7909,12006.310749891654,7942.880933408011,,,,1423.0,25.045
15910,3,7910,12007.310749891654,7943.880933408011,,,,1423.0,25.036
15911,3,7911,12008.310749891654,7944.880933408011,,,,1425.0,25.027
15912,3,7912,12009.310749891654,7945.880933408011,,,,1425.0,25.019
15913,3,7913,12010.310749891654,7946.880933408011,,,,1427.0,25.01
15914,3,7914,12011.310749891654,7947.880933408011,,,,1428.0,25.001
15915,3,7915,12012.310749891654,7948.880933408011,,,,1428.0,24.993
15916,3,7916,12013.310749891654,7949.880933408011,,,,1429.0,24.984
15917,3,7917,12014.310749891654,7950.880933408011,,,,1429.0,24.974
15918,3,7918,12015.310749891654,7951.880933408011,,,,1430.0,24.965
15919,3,7919,12016.310749891654,7952.880933408011,,,,1431.0,24.956
15920,3,7920,12017.310749891654,7953.880933408011,,,,1431.0,24.948
15921,3,7921,12018.310749891654,7954.880933408011,,,,1431.0,24.939
15922,3,7922,12019.310749891654,7955.880933408011,,,,1430.0,24.93
15923,3,7923,12020.310749891654,7956.880933408011,,,,1429.0,24.92
15924,3,7924,12021.310749891654,7957.880933408011,,,,1429.0,24.909
15925,3,7925,12022.310749891654,7958.880933408011,,,,1431.0,24.899
15926,3,7926,12023.310749891654,7959.880933408011,,,,1433.0,24.89
15927,3,7927,12024.310749891654,7960.880933408011,,,,1434.0,24.883
15928,3,7928,12025.310749891654,7961.880933408011,,,,1436.0,24.874
15929,3,7929,12026.310749891654,7962.880933408011,,,,1435.0,24.866
15930,3,7930,12027.310749891654,7963.880933408011,,,,1434.0,24.857
15931,3,7931,12028.310749891654,7964.880933408011,,,,1434.0,24.846
15932,3,7932,12029.310749891654,7965.880933408011,,,,1435.0,24.836
15933,3,7933,12030.310749891654,7966.880933408011,,,,1436.0,24.827
15934,3,7934,12031.310749891654,7967.880933408011,,,,1438.0,24.819
15935,3,7935,12032.310749891654,7968.880933408011,,,,1440.0,24.812
15936,3,7936,12033.310749891654,7969.880933408011,,,,1440.0,24.805
15937,3,7937,12034.310749891654,7970.880933408011,,,,1440.0,24.796
15938,3,7938,12035.310749891654,7971.880933408011,,,,1440.0,24.786
15939,3,7939,12036.310749891654,7972.880933408011,,,,1441.0,24.777
15940,3,7940,12037.310749891654,7973.880933408011,,,,1444.0,24.768
15941,3,7941,12038.310749891654,7974.880933408011,,,,1445.0,24.761
15942,3,7942,12039.310749891654,7975.880933408011,,,,1448.0,24.754
15943,3,7943,12040.310749891654,7976.880933408011,,,,1450.0,24.746
15944,3,7944,12041.310749891654,7977.880933408011,,,,1452.0,24.741
15945,3,7945,12042.310749891654,7978.880933408011,,,,1453.0,24.734
15946,3,7946,12043.310749891654,7979.880933408011,,,,1454.0,24.727
15947,3,7947,12044.310749891654,7980.880933408011,,,,1455.0,24.722
15948,3,7948,12045.310749891654,7981.880933408011,,,,1456.0,24.715
15949,3,7949,12046.310749891654,7982.880933408011,,,,1456.0,24.71
15950,3,7950,12047.310749891654,7983.880933408011,,,,1455.0,24.703
15951,3,7951,12048.310749891654,7984.880933408011,,,,1454.0,24.696
15952,3,7952,12049.310749891654,7985.880933408011,,,,1452.0,24.686
15953,3,7953,12050.310749891654,7986.880933408011,,,,1450.0,24.676
15954,3,7954,12051.310749891654,7987.880933408011,,,,1449.0,24.666
15955,3,7955,12052.310749891654,7988.880933408011,,,,1448.0,24.656
15956,3,7956,12053.310749891654,7989.880933408011,,,,1449.0,24.648
15957,3,7957,12054.310749891654,7990.880933408011,,,,1450.0,24.639
15958,3,7958,12055.310749891654,7991.880933408011,,,,1450.0,24.633
15959,3,7959,12056.310749891654,7992.880933408011,,,,1450.0,24.625
15960,3,7960,12057.310749891654,7993.880933408011,,,,1449.0,24.616
15961,3,7961,12058.310749891654,7994.880933408011,,,,1449.0,24.608
15962,3,7962,12059.310749891654,7995.880933408011,,,,1447.0,24.598
15963,3,7963,12060.310749891654,7996.880933408011,,,,1447.0,24.59
15964,3,7964,12061.310749891654,7997.880933408011,,,,1445.0,24.58
15965,3,7965,12062.310749891654,7998.880933408011,,,,1445.0,24.572
15966,3,7966,12063.310749891654,7999.880933408011,,,,1445.0,24.562
15967,3,7967,12064.310749891654,8000.880933408011,,,,1444.0,24.554
15968,3,7968,12065.310749891654,8001.880933408011,,,,1444.0,24.545
15969,3,7969,12066.310749891654,8002.880933408011,,,,1443.0,24.535
15970,3,7970,12067.310749891654,8003.880933408011,,,,1442.0,24.527
15971,3,7971,12068.310749891654,8004.880933408011,,,,1440.0,24.516
15972,3,7972,12069.310749891654,8005.880933408011,,,,1438.0,24.506
15973,3,7973,12070.310749891654,8006.880933408011,,,,1436.0,24.493
15974,3,7974,12071.310749891654,8007.880933408011,,,,1434.0,24.483
15975,3,7975,12072.310749891654,8008.880933408011,,,,1432.0,24.47
15976,3,7976,12073.310749891654,8009.880933408011,,,,1431.0,24.46
15977,3,7977,12074.310749891654,8010.880933408011,,,,1429.0,24.449
15978,3,7978,12075.310749891654,8011.880933408011,,,,1428.0,24.439
15979,3,7979,12076.310749891654,8012.880933408011,,,,1427.0,24.426
15980,3,7980,12077.310749891654,8013.880933408011,,,,1426.0,24.416
15981,3,7981,12078.310749891654,8014.880933408011,,,,1424.0,24.403
15982,3,7982,12079.310749891654,8015.880933408011,,,,1424.0,24.392
15983,3,7983,12080.310749891654,8016.880933408011,,,,1423.0,24.381
15984,3,7984,12081.310749891654,8017.880933408011,,,,1421.0,24.37
15985,3,7985,12082.310749891654,8018.880933408011,,,,1420.0,24.359
15986,3,7986,12083.310749891654,8019.880933408011,,,,1419.0,24.347
15987,3,7987,12084.310749891654,8020.880933408011,,,,1418.0,24.336
15988,3,7988,12085.310749891654,8021.880933408011,,,,1416.0,24.324
15989,3,7989,12086.310749891654,8022.880933408011,,,,1415.0,24.31
15990,3,7990,12087.310749891654,8023.880933408011,,,,1414.0,24.298
15991,3,7991,12088.310749891654,8024.880933408011,,,,1414.0,24.287
15992,3,7992,12089.310749891654,8025.880933408011,,,,1414.0,24.275
15993,3,7993,12090.310749891654,8026.880933408011,,,,1412.0,24.263
15994,3,7994,12091.310749891654,8027.880933408011,,,,1412.0,24.253
15995,3,7995,12092.310749891654,8028.880933408011,,,,1411.0,24.241
15996,3,7996,12093.310749891654,8029.880933408011,,,,1409.0,24.23
15997,3,7997,12094.310749891654,8030.880933408011,,,,1407.0,24.218
15998,3,7998,12095.310749891654,8031.880933408011,,,,1405.0,24.205
15999,3,7999,12096.310749891654,8032.880933408011,,,,1403.0,24.193
16000,3,8000,12097.310749891654,8033.880933408011,,,,1401.0,24.18
16001,3,8001,12098.310749891654,8034.880933408011,,,,1399.0,24.166
16002,3,8002,12099.310749891654,8035.880933408011,,,,1399.0,24.155
16003,3,8003,12100.310749891654,8036.880933408011,,,,1397.0,24.141
16004,3,8004,12101.310749891654,8037.880933408011,,,,1397.0,24.128
16005,3,8005,12102.310749891654,8038.880933408011,,,,1396.0,24.116
16006,3,8006,12103.310749891654,8039.880933408011,,,,1396.0,24.103
16007,3,8007,12104.310749891654,8040.880933408011,,,,1395.0,24.091
16008,3,8008,12105.310749891654,8041.880933408011,,,,1396.0,24.08
16009,3,8009,12106.310749891654,8042.880933408011,,,,1395.0,24.068
16010,3,8010,12107.310749891654,8043.880933408011,,,,1396.0,24.055
16011,3,8011,12108.310749891654,8044.880933408011,,,,1395.0,24.043
16012,3,8012,12109.310749891654,8045.880933408011,,,,1395.0,24.031
16013,3,8013,12110.310749891654,8046.880933408011,,,,1395.0,24.019
16014,3,8014,12111.310749891654,8047.880933408011,,,,1395.0,24.008
16015,3,8015,12112.310749891654,8048.880933408011,,,,1395.0,23.998
16016,3,8016,12113.310749891654,8049.880933408011,,,,1396.0,23.99
16017,3,8017,12114.310749891654,8050.880933408011,,,,1397.0,23.98
16018,3,8018,12115.310749891654,8051.880933408011,,,,1397.0,23.97
16019,3,8019,12116.310749891654,8052.880933408011,,,,1399.0,23.961
16020,3,8020,12117.310749891654,8053.880933408011,,,,1399.0,23.951
16021,3,8021,12118.310749891654,8054.880933408011,,,,1401.0,23.944
16022,3,8022,12119.310749891654,8055.880933408011,,,,1401.0,23.936
16023,3,8023,12120.310749891654,8056.880933408011,,,,1401.0,23.929
16024,3,8024,12121.310749891654,8057.880933408011,,,,1402.0,23.919
16025,3,8025,12122.310749891654,8058.880933408011,,,,1404.0,23.912
16026,3,8026,12123.310749891654,8059.880933408011,,,,1405.0,23.908
16027,3,8027,12124.310749891654,8060.880933408011,,,,1405.0,23.905
16028,3,8028,12125.310749891654,8061.880933408011,,,,1405.0,23.903
16029,3,8029,12126.310749891654,8062.880933408011,,,,1404.0,23.899
16030,3,8030,12127.310749891654,8063.880933408011,,,,1402.0,23.893
16031,3,8031,12128.310749891654,8064.880933408011,,,,1401.0,23.887
16032,3,8032,12129.310749891654,8065.880933408011,,,,1399.0,23.881
16033,3,8033,12130.310749891654,8066.880933408011,,,,1399.0,23.874
16034,3,8034,12131.310749891654,8067.880933408011,,,,1399.0,23.87
16035,3,8035,12132.310749891654,8068.880933408011,,,,1399.0,23.867
16036,3,8036,12133.310749891654,8069.880933408011,,,,1398.0,23.863
16037,3,8037,12134.310749891654,8070.880933408011,,,,1398.0,23.859
16038,3,8038,12135.310749891654,8071.880933408011,,,,1398.0,23.854
16039,3,8039,12136.310749891654,8072.880933408011,,,,1396.0,23.849
16040,3,8040,12137.310749891654,8073.880933408011,,,,1396.0,23.844
16041,3,8041,12138.310749891654,8074.880933408011,,,,1396.0,23.839
16042,3,8042,12139.310749891654,8075.880933408011,,,,1396.0,23.834
16043,3,8043,12140.310749891654,8076.880933408011,,,,1397.0,23.829
16044,3,8044,12141.310749891654,8077.880933408011,,,,1397.0,23.825
16045,3,8045,12142.310749891654,8078.880933408011,,,,1398.0,23.823
16046,3,8046,12143.310749891654,8079.880933408011,,,,1399.0,23.82
16047,3,8047,12144.310749891654,8080.880933408011,,,,1400.0,23.818
16048,3,8048,12145.310749891654,8081.880933408011,,,,1400.0,23.816
16049,3,8049,12146.310749891654,8082.880933408011,,,,1399.0,23.813
16050,3,8050,12147.310749891654,8083.880933408011,,,,1398.0,23.809
16051,3,8051,12148.310749891654,8084.880933408011,,,,1396.0,23.806
16052,3,8052,12149.310749891654,8085.880933408011,,,,1393.0,23.802
16053,3,8053,12150.310749891654,8086.880933408011,,,,1392.0,23.799
16054,3,8054,12151.310749891654,8087.880933408011,,,,1390.0,23.793
16055,3,8055,12152.310749891654,8088.880933408011,,,,1389.0,23.787
16056,3,8056,12153.310749891654,8089.880933408011,,,,1388.0,23.781
16057,3,8057,12154.310749891654,8090.880933408011,,,,1387.0,23.777
16058,3,8058,12155.310749891654,8091.880933408011,,,,1386.0,23.771
16059,3,8059,12156.310749891654,8092.880933408011,,,,1386.0,23.765
16060,3,8060,12157.310749891654,8093.880933408011,,,,1385.0,23.758
16061,3,8061,12158.310749891654,8094.880933408011,,,,1385.0,23.752
16062,3,8062,12159.310749891654,8095.880933408011,,,,1385.0,23.746
16063,3,8063,12160.310749891654,8096.880933408011,,,,1386.0,23.74
16064,3,8064,12161.310749891654,8097.880933408011,,,,1387.0,23.736
16065,3,8065,12162.310749891654,8098.880933408011,,,,1388.0,23.729
16066,3,8066,12163.310749891654,8099.880933408011,,,,1389.0,23.726
16067,3,8067,12164.310749891654,8100.880933408011,,,,1390.0,23.72
16068,3,8068,12165.310749891654,8101.880933408011,,,,1389.0,23.712
16069,3,8069,12166.310749891654,8102.880933408011,,,,1390.0,23.706
16070,3,8070,12167.310749891654,8103.880933408011,,,,1390.0,23.7
16071,3,8071,12168.310749891654,8104.880933408011,,,,1390.0,23.693
16072,3,8072,12169.310749891654,8105.880933408011,,,,1390.0,23.687
16073,3,8073,12170.310749891654,8106.880933408011,,,,1389.0,23.678
16074,3,8074,12171.310749891654,8107.880933408011,,,,1390.0,23.67
16075,3,8075,12172.310749891654,8108.880933408011,,,,1390.0,23.661
16076,3,8076,12173.310749891654,8109.880933408011,,,,1390.0,23.652
16077,3,8077,12174.310749891654,8110.880933408011,,,,1391.0,23.645
16078,3,8078,12175.310749891654,8111.880933408011,,,,1392.0,23.638
16079,3,8079,12176.310749891654,8112.880933408011,,,,1393.0,23.634
16080,3,8080,12177.310749891654,8113.880933408011,,,,1395.0,23.633
16161,3,8161,12258.310749891654,8194.88093340801,,,,1442.0,23.623
16162,3,8162,12259.310749891654,8195.88093340801,,,,1443.0,23.613
16163,3,8163,12260.310749891654,8196.88093340801,,,,1443.0,23.605
16164,3,8164,12261.310749891654,8197.88093340801,,,,1442.0,23.599
16165,3,8165,12262.310749891654,8198.88093340801,,,,1442.0,23.592
16166,3,8166,12263.310749891654,8199.88093340801,,,,1440.0,23.584
16167,3,8167,12264.310749891654,8200.88093340801,,,,1436.0,23.575
16168,3,8168,12265.310749891654,8201.88093340801,,,,1432.0,23.564
16169,3,8169,12266.310749891654,8202.88093340801,,,,1428.0,23.556
16170,3,8170,12267.310749891654,8203.88093340801,,,,1426.0,23.545
16171,3,8171,12268.310749891654,8204.88093340801,,,,1425.0,23.537
16172,3,8172,12269.310749891654,8205.88093340801,,,,1424.0,23.529
16173,3,8173,12270.310749891654,8206.88093340801,,,,1424.0,23.52
16174,3,8174,12271.310749891654,8207.88093340801,,,,1424.0,23.511
16175,3,8175,12272.310749891654,8208.88093340801,,,,1423.0,23.503
16176,3,8176,12273.310749891654,8209.88093340801,,,,1422.0,23.493
16177,3,8177,12274.310749891654,8210.88093340801,,,,1420.0,23.483
16178,3,8178,12275.310749891654,8211.88093340801,,,,1418.0,23.471
16179,3,8179,12276.310749891654,8212.88093340801,,,,1417.0,23.459
16180,3,8180,12277.310749891654,8213.88093340801,,,,1416.0,23.447
16181,3,8181,12278.310749891654,8214.88093340801,,,,1416.0,23.437
16182,3,8182,12279.310749891654,8215.88093340801,,,,1416.0,23.428
16183,3,8183,12280.310749891654,8216.88093340801,,,,1416.0,23.419
16184,3,8184,12281.310749891654,8217.88093340801,,,,1414.0,23.41
16185,3,8185,12282.310749891654,8218.88093340801,,,,1412.0,23.398
16186,3,8186,12283.310749891654,8219.88093340801,,,,1410.0,23.385
16187,3,8187,12284.310749891654,8220.88093340801,,,,1409.0,23.373
16188,3,8188,12285.310749891654,8221.88093340801,,,,1409.0,23.359
16189,3,8189,12286.310749891654,8222.88093340801,,,,1409.0,23.348
16190,3,8190,12287.310749891654,8223.88093340801,,,,1411.0,23.338
16191,3,8191,12288.310749891654,8224.88093340801,,,,1411.0,23.329
16192,3,8192,12289.310749891654,8225.88093340801,,,,1411.0,23.321
16193,3,8193,12290.310749891654,8226.88093340801,,,,1409.0,23.311
16194,3,8194,12291.310749891654,8227.88093340801,,,,1406.0,23.3
16195,3,8195,12292.310749891654,8228.88093340801,,,,1403.0,23.288
16196,3,8196,12293.310749891654,8229.88093340801,,,,1402.0,23.274
16197,3,8197,12294.310749891654,8230.88093340801,,,,1401.0,23.262
16198,3,8198,12295.310749891654,8231.88093340801,,,,1402.0,23.253
16199,3,8199,12296.310749891654,8232.88093340801,,,,1402.0,23.244
16200,3,8200,12297.310749891654,8233.88093340801,,,,1402.0,23.235
16201,3,8201,12298.310749891654,8234.88093340801,,,,1400.0,23.227
16202,3,8202,12299.310749891654,8235.88093340801,,,,1397.0,23.215
16203,3,8203,12300.310749891654,8236.88093340801,,,,1394.0,23.202
16204,3,8204,12301.310749891654,8237.88093340801,,,,1390.0,23.186
16205,3,8205,12302.310749891654,8238.88093340801,,,,1386.0,23.171
16206,3,8206,12303.310749891654,8239.88093340801,,,,1385.0,23.157
16207,3,8207,12304.310749891654,8240.88093340801,,,,1386.0,23.144
16208,3,8208,12305.310749891654,8241.88093340801,,,,1387.0,23.132
16209,3,8209,12306.310749891654,8242.88093340801,,,,1387.0,23.12
16210,3,8210,12307.310749891654,8243.88093340801,,,,1387.0,23.109
16211,3,8211,12308.310749891654,8244.88093340801,,,,1386.0,23.098
16212,3,8212,12309.310749891654,8245.88093340801,,,,1384.0,23.084
16213,3,8213,12310.310749891654,8246.88093340801,,,,1382.0,23.072
16214,3,8214,12311.310749891654,8247.88093340801,,,,1380.0,23.057
16215,3,8215,12312.310749891654,8248.88093340801,,,,1379.0,23.043
16216,3,8216,12313.310749891654,8249.88093340801,,,,1378.0,23.029
16217,3,8217,12314.310749891654,8250.88093340801,,,,1378.0,23.017
16218,3,8218,12315.310749891654,8251.88093340801,,,,1378.0,23.004
16219,3,8219,12316.310749891654,8252.88093340801,,,,1378.0,22.991
16220,3,8220,12317.310749891654,8253.88093340801,,,,1377.0,22.979
16221,3,8221,12318.310749891654,8254.88093340801,,,,1376.0,22.965
16222,3,8222,12319.310749891654,8255.88093340801,,,,1374.0,22.953
16223,3,8223,12320.310749891654,8256.88093340801,,,,1372.0,22.937
16224,3,8224,12321.310749891654,8257.88093340801,,,,1370.0,22.922
16225,3,8225,12322.310749891654,8258.88093340801,,,,1370.0,22.908
16226,3,8226,12323.310749891654,8259.88093340801,,,,1370.0,22.894
16227,3,8227,12324.310749891654,8260.88093340801,,,,1371.0,22.882
16228,3,8228,12325.310749891654,8261.88093340801,,,,1372.0,22.869
16229,3,8229,12326.310749891654,8262.88093340801,,,,1373.0,22.859
16230,3,8230,12327.310749891654,8263.88093340801,,,,1372.0,22.846
16231,3,8231,12328.310749891654,8264.88093340801,,,,1372.0,22.832
16232,3,8232,12329.310749891654,8265.88093340801,,,,1369.0,22.818
16233,3,8233,12330.310749891654,8266.88093340801,,,,1369.0,22.804
16234,3,8234,12331.310749891654,8267.88093340801,,,,1370.0,22.791
16235,3,8235,12332.310749891654,8268.88093340801,,,,1372.0,22.782
16236,3,8236,12333.310749891654,8269.88093340801,,,,1373.0,22.772
16237,3,8237,12334.310749891654,8270.88093340801,,,,1374.0,22.764
16238,3,8238,12335.310749891654,8271.88093340801,,,,1372.0,22.755
16239,3,8239,12336.310749891654,8272.88093340801,,,,1369.0,22.743
16240,3,8240,12337.310749891654,8273.88093340801,,,,1366.0,22.731
16241,3,8241,12338.310749891654,8274.88093340801,,,,1365.0,22.717
16242,3,8242,12339.310749891654,8275.88093340801,,,,1367.0,22.705
16243,3,8243,12340.310749891654,8276.88093340801,,,,1368.0,22.694
16244,3,8244,12341.310749891654,8277.88093340801,,,,1370.0,22.686
16245,3,8245,12342.310749891654,8278.88093340801,,,,1370.0,22.677
16246,3,8246,12343.310749891654,8279.88093340801,,,,1370.0,22.668
16247,3,8247,12344.310749891654,8280.88093340801,,,,1367.0,22.655
16248,3,8248,12345.310749891654,8281.88093340801,,,,1365.0,22.644
16249,3,8249,12346.310749891654,8282.88093340801,,,,1363.0,22.631
16250,3,8250,12347.310749891654,8283.88093340801,,,,1362.0,22.618
16251,3,8251,12348.310749891654,8284.88093340801,,,,1362.0,22.609
16252,3,8252,12349.310749891654,8285.88093340801,,,,1360.0,22.6
16253,3,8253,12350.310749891654,8286.88093340801,,,,1359.0,22.591
16254,3,8254,12351.310749891654,8287.88093340801,,,,1357.0,22.58
16255,3,8255,12352.310749891654,8288.88093340801,,,,1354.0,22.569
16256,3,8256,12353.310749891654,8289.88093340801,,,,1352.0,22.557
16257,3,8257,12354.310749891654,8290.88093340801,,,,1350.0,22.546
16258,3,8258,12355.310749891654,8291.88093340801,,,,1349.0,22.535
16259,3,8259,12356.310749891654,8292.88093340801,,,,1348.0,22.524
16260,3,8260,12357.310749891654,8293.88093340801,,,,1347.0,22.513
16261,3,8261,12358.310749891654,8294.88093340801,,,,1347.0,22.504
16262,3,8262,12359.310749891654,8295.88093340801,,,,1344.0,22.493
16263,3,8263,12360.310749891654,8296.88093340801,,,,1341.0,22.482
16264,3,8264,12361.310749891654,8297.88093340801,,,,1339.0,22.47
16265,3,8265,12362.310749891654,8298.88093340801,,,,1337.0,22.457
16266,3,8266,12363.310749891654,8299.88093340801,,,,1335.0,22.446
16267,3,8267,12364.310749891654,8300.88093340801,,,,1335.0,22.435
16268,3,8268,12365.310749891654,8301.88093340801,,,,1334.0,22.425
16269,3,8269,12366.310749891654,8302.88093340801,,,,1333.0,22.414
16270,3,8270,12367.310749891654,8303.88093340801,,,,1333.0,22.404
16271,3,8271,12368.310749891654,8304.88093340801,,,,1331.0,22.393
16272,3,8272,12369.310749891654,8305.88093340801,,,,1329.0,22.382
16273,3,8273,12370.310749891654,8306.88093340801,,,,1328.0,22.369
16274,3,8274,12371.310749891654,8307.88093340801,,,,1327.0,22.359
16275,3,8275,12372.310749891654,8308.88093340801,,,,1326.0,22.347
16276,3,8276,12373.310749891654,8309.88093340801,,,,1326.0,22.337
16277,3,8277,12374.310749891654,8310.88093340801,,,,1324.0,22.327
16278,3,8278,12375.310749891654,8311.88093340801,,,,1322.0,22.315
16279,3,8279,12376.310749891654,8312.88093340801,,,,1321.0,22.304
16280,3,8280,12377.310749891654,8313.88093340801,,,,1320.0,22.292
16281,3,8281,12378.310749891654,8314.88093340801,,,,1319.0,22.281
16282,3,8282,12379.310749891654,8315.88093340801,,,,1318.0,22.269
16283,3,8283,12380.310749891654,8316.88093340801,,,,1318.0,22.259
16284,3,8284,12381.310749891654,8317.88093340801,,,,1317.0,22.249
16285,3,8285,12382.310749891654,8318.88093340801,,,,1315.0,22.238
16286,3,8286,12383.310749891654,8319.88093340801,,,,1313.0,22.229
16287,3,8287,12384.310749891654,8320.88093340801,,,,1313.0,22.218
16288,3,8288,12385.310749891654,8321.88093340801,,,,1312.0,22.207
16289,3,8289,12386.310749891654,8322.88093340801,,,,1313.0,22.195
16290,3,8290,12387.310749891654,8323.88093340801,,,,1313.0,22.186
16291,3,8291,12388.310749891654,8324.88093340801,,,,1315.0,22.178
16292,3,8292,12389.310749891654,8325.88093340801,,,,1315.0,22.171
16293,3,8293,12390.310749891654,8326.88093340801,,,,1314.0,22.164
16294,3,8294,12391.310749891654,8327.88093340801,,,,1313.0,22.155
16295,3,8295,12392.310749891654,8328.88093340801,,,,1311.0,22.143
16296,3,8296,12393.310749891654,8329.88093340801,,,,1310.0,22.133
16297,3,8297,12394.310749891654,8330.88093340801,,,,1311.0,22.123
16298,3,8298,12395.310749891654,8331.88093340801,,,,1313.0,22.115
16299,3,8299,12396.310749891654,8332.88093340801,,,,1314.0,22.11
16300,3,8300,12397.310749891654,8333.88093340801,,,,1314.0,22.105
16301,3,8301,12398.310749891654,8334.88093340801,,,,1314.0,22.098
16302,3,8302,12399.310749891654,8335.88093340801,,,,1314.0,22.094
16303,3,8303,12400.310749891654,8336.88093340801,,,,1314.0,22.087
16304,3,8304,12401.310749891654,8337.88093340801,,,,1313.0,22.081
16305,3,8305,12402.310749891654,8338.88093340801,,,,1313.0,22.075
16306,3,8306,12403.310749891654,8339.88093340801,,,,1314.0,22.07
16307,3,8307,12404.310749891654,8340.88093340801,,,,1314.0,22.067
16308,3,8308,12405.310749891654,8341.88093340801,,,,1314.0,22.062
16309,3,8309,12406.310749891654,8342.88093340801,,,,1313.0,22.057
16310,3,8310,12407.310749891654,8343.88093340801,,,,1313.0,22.052
16311,3,8311,12408.310749891654,8344.88093340801,,,,1313.0,22.046
16312,3,8312,12409.310749891654,8345.88093340801,,,,1312.0,22.041
16313,3,8313,12410.310749891654,8346.88093340801,,,,1312.0,22.037
16314,3,8314,12411.310749891654,8347.88093340801,,,,1311.0,22.033
16315,3,8315,12412.310749891654,8348.88093340801,,,,1312.0,22.026
16316,3,8316,12413.310749891654,8349.88093340801,,,,1310.0,22.019
16317,3,8317,12414.310749891654,8350.88093340801,,,,1310.0,22.013
16318,3,8318,12415.310749891654,8351.88093340801,,,,1310.0,22.004
16319,3,8319,12416.310749891654,8352.88093340801,,,,1309.0,21.997
16320,3,8320,12417.310749891654,8353.88093340801,,,,1310.0,21.991
16321,3,8321,12418.310749891654,8354.88093340801,,,,1310.0,21.985
16322,3,8322,12419.310749891654,8355.88093340801,,,,1311.0,21.979
16323,3,8323,12420.310749891654,8356.88093340801,,,,1309.0,21.972
16324,3,8324,12421.310749891654,8357.88093340801,,,,1308.0,21.963
16325,3,8325,12422.310749891654,8358.88093340801,,,,1306.0,21.956
16326,3,8326,12423.310749891654,8359.88093340801,,,,1307.0,21.95
16327,3,8327,12424.310749891654,8360.88093340801,,,,1307.0,21.944
16328,3,8328,12425.310749891654,8361.88093340801,,,,1307.0,21.939
16329,3,8329,12426.310749891654,8362.88093340801,,,,1308.0,21.935
16330,3,8330,12427.310749891654,8363.88093340801,,,,1308.0,21.93
16331,3,8331,12428.310749891654,8364.88093340801,,,,1307.0,21.924
16332,3,8332,12429.310749891654,8365.88093340801,,,,1307.0,21.916
16333,3,8333,12430.310749891654,8366.88093340801,,,,1306.0,21.911
16334,3,8334,12431.310749891654,8367.88093340801,,,,1307.0,21.904
16335,3,8335,12432.310749891654,8368.88093340801,,,,1307.0,21.898
16336,3,8336,12433.310749891654,8369.88093340801,,,,1308.0,21.891
16337,3,8337,12434.310749891654,8370.88093340801,,,,1309.0,21.885
16338,3,8338,12435.310749891654,8371.88093340801,,,,1309.0,21.879
16339,3,8339,12436.310749891654,8372.88093340801,,,,1310.0,21.874
16340,3,8340,12437.310749891654,8373.88093340801,,,,1311.0,21.869
16341,3,8341,12438.310749891654,8374.88093340801,,,,1310.0,21.863
16342,3,8342,12439.310749891654,8375.88093340801,,,,1310.0,21.856
16343,3,8343,12440.310749891654,8376.88093340801,,,,1310.0,21.85
16344,3,8344,12441.310749891654,8377.88093340801,,,,1309.0,21.844
16345,3,8345,12442.310749891654,8378.88093340801,,,,1309.0,21.837
16346,3,8346,12443.310749891654,8379.88093340801,,,,1308.0,21.83
16347,3,8347,12444.310749891654,8380.88093340801,,,,1309.0,21.821
16348,3,8348,12445.310749891654,8381.88093340801,,,,1310.0,21.813
16349,3,8349,12446.310749891654,8382.88093340801,,,,1311.0,21.807
16350,3,8350,12447.310749891654,8383.88093340801,,,,1313.0,21.799
16351,3,8351,12448.310749891654,8384.88093340801,,,,1314.0,21.792
16352,3,8352,12449.310749891654,8385.88093340801,,,,1313.0,21.785
16353,3,8353,12450.310749891654,8386.88093340801,,,,1313.0,21.777
16354,3,8354,12451.310749891654,8387.88093340801,,,,1312.0,21.767
16355,3,8355,12452.310749891654,8388.88093340801,,,,1312.0,21.759
16356,3,8356,12453.310749891654,8389.88093340801,,,,1313.0,21.751
16357,3,8357,12454.310749891654,8390.88093340801,,,,1312.0,21.745
16358,3,8358,12455.310749891654,8391.88093340801,,,,1312.0,21.74
16359,3,8359,12456.310749891654,8392.88093340801,,,,1311.0,21.729
16360,3,8360,12457.310749891654,8393.88093340801,,,,1309.0,21.718
16361,3,8361,12458.310749891654,8394.88093340801,,,,1307.0,21.708
16362,3,8362,12459.310749891654,8395.88093340801,,,,1306.0,21.696
16363,3,8363,12460.310749891654,8396.88093340801,,,,1306.0,21.686
16364,3,8364,12461.310749891654,8397.88093340801,,,,1306.0,21.676
16365,3,8365,12462.310749891654,8398.88093340801,,,,1305.0,21.669
16366,3,8366,12463.310749891654,8399.88093340801,,,,1304.0,21.66
16367,3,8367,12464.310749891654,8400.88093340801,,,,1303.0,21.65
16368,3,8368,12465.310749891654,8401.88093340801,,,,1300.0,21.638
16369,3,8369,12466.310749891654,8402.88093340801,,,,1299.0,21.628
16370,3,8370,12467.310749891654,8403.88093340801,,,,1298.0,21.619
16371,3,8371,12468.310749891654,8404.88093340801,,,,1297.0,21.61
16372,3,8372,12469.310749891654,8405.88093340801,,,,1296.0,21.601
16373,3,8373,12470.310749891654,8406.88093340801,,,,1295.0,21.592
16374,3,8374,12471.310749891654,8407.88093340801,,,,1293.0,21.583
16375,3,8375,12472.310749891654,8408.88093340801,,,,1291.0,21.572
16376,3,8376,12473.310749891654,8409.88093340801,,,,1291.0,21.562
16377,3,8377,12474.310749891654,8410.88093340801,,,,1292.0,21.554
16378,3,8378,12475.310749891654,8411.88093340801,,,,1292.0,21.547
16379,3,8379,12476.310749891654,8412.88093340801,,,,1293.0,21.541
16380,3,8380,12477.310749891654,8413.88093340801,,,,1292.0,21.536
16381,3,8381,12478.310749891654,8414.88093340801,,,,1292.0,21.528
16382,3,8382,12479.310749891654,8415.88093340801,,,,1291.0,21.518
16383,3,8383,12480.310749891654,8416.88093340801,,,,1289.0,21.509
16384,3,8384,12481.310749891654,8417.88093340801,,,,1288.0,21.501
16385,3,8385,12482.310749891654,8418.88093340801,,,,1287.0,21.494
16386,3,8386,12483.310749891654,8419.88093340801,,,,1287.0,21.489
16387,3,8387,12484.310749891654,8420.88093340801,,,,1286.0,21.481
16388,3,8388,12485.310749891654,8421.88093340801,,,,1284.0,21.473
16389,3,8389,12486.310749891654,8422.88093340801,,,,1283.0,21.463
16390,3,8390,12487.310749891654,8423.88093340801,,,,1281.0,21.454
16391,3,8391,12488.310749891654,8424.88093340801,,,,1281.0,21.444
16392,3,8392,12489.310749891654,8425.88093340801,,,,1280.0,21.436
16393,3,8393,12490.310749891654,8426.88093340801,,,,1280.0,21.427
16394,3,8394,12491.310749891654,8427.88093340801,,,,1280.0,21.419
16395,3,8395,12492.310749891654,8428.88093340801,,,,1279.0,21.411
16396,3,8396,12493.310749891654,8429.88093340801,,,,1279.0,21.402
16397,3,8397,12494.310749891654,8430.88093340801,,,,1279.0,21.392
16398,3,8398,12495.310749891654,8431.88093340801,,,,1281.0,21.382
16399,3,8399,12496.310749891654,8432.88093340801,,,,1282.0,21.372
16400,3,8400,12497.310749891654,8433.88093340801,,,,1285.0,21.364
16401,3,8401,12498.310749891654,8434.88093340801,,,,1288.0,21.359
16402,3,8402,12499.310749891654,8435.88093340801,,,,1291.0,21.356
16403,3,8403,12500.310749891654,8436.88093340801,,,,1293.0,21.353
16404,3,8404,12501.310749891654,8437.88093340801,,,,1294.0,21.348
16405,4,1,12502.310749891654,8438.88093340801,,,,1294.0,21.321
16406,4,2,12503.310749891654,8439.88093340801,,,,1294.0,21.316
16407,4,3,12504.310749891654,8440.88093340801,,,,1295.0,21.311
16408,4,4,12505.310749891654,8441.88093340801,,,,1297.0,21.308
16409,4,5,12506.310749891654,8442.88093340801,,,,1298.0,21.305
16792,4,388,12889.310749891654,8825.88093340801,,,,1569.0,21.302
16793,4,389,12890.310749891654,8826.88093340801,,,,1568.0,21.296
16794,4,390,12891.310749891654,8827.88093340801,,,,1567.0,21.291
16795,4,391,12892.310749891654,8828.88093340801,,,,1566.0,21.286
16796,4,392,12893.310749891654,8829.88093340801,,,,1564.0,21.28
16797,4,393,12894.310749891654,8830.88093340801,,,,1565.0,21.275
16798,4,394,12895.310749891654,8831.88093340801,,,,1566.0,21.269
16799,4,395,12896.310749891654,8832.88093340801,,,,1566.0,21.265
16800,4,396,12897.310749891654,8833.88093340801,,,,1566.0,21.261
16801,4,397,12898.310749891654,8834.88093340801,,,,1566.0,21.258
16802,4,398,12899.310749891654,8835.88093340801,,,,1565.0,21.255
16803,4,399,12900.310749891654,8836.88093340801,,,,1563.0,21.253
16804,4,400,12901.310749891654,8837.88093340801,,,,1560.0,21.252
16805,4,401,12902.310749891654,8838.88093340801,,,,1559.0,21.251
16806,4,402,12903.310749891654,8839.88093340801,,,,1560.0,21.25
16807,4,403,12904.310749891654,8840.88093340801,,,,1561.0,21.249
16808,4,404,12905.310749891654,8841.88093340801,,,,1562.0,21.248
17058,4,654,13155.310749891654,9091.88093340801,,,,1816.0,21.242
17059,4,655,13156.310749891654,9092.88093340801,,,,1816.0,21.233
17060,4,656,13157.310749891654,9093.88093340801,,,,1816.0,21.225
17061,4,657,13158.310749891654,9094.88093340801,,,,1815.0,21.217
17062,4,658,13159.310749891654,9095.88093340801,,,,1814.0,21.208
17063,4,659,13160.310749891654,9096.88093340801,,,,1814.0,21.197
17064,4,660,13161.310749891654,9097.88093340801,,,,1813.0,21.187
17065,4,661,13162.310749891654,9098.88093340801,,,,1811.0,21.176
17066,4,662,13163.310749891654,9099.88093340801,,,,1811.0,21.165
17067,4,663,13164.310749891654,9100.88093340801,,,,1809.0,21.155
17068,4,664,13165.310749891654,9101.88093340801,,,,1809.0,21.145
17069,4,665,13166.310749891654,9102.88093340801,,,,1809.0,21.136
17070,4,666,13167.310749891654,9103.88093340801,,,,1808.0,21.127
17071,4,667,13168.310749891654,9104.88093340801,,,,1807.0,21.116
17072,4,668,13169.310749891654,9105.88093340801,,,,1806.0,21.104
17073,4,669,13170.310749891654,9106.88093340801,,,,1806.0,21.094
17074,4,670,13171.310749891654,9107.88093340801,,,,1805.0,21.084
17075,4,671,13172.310749891654,9108.88093340801,,,,1805.0,21.074
17076,4,672,13173.310749891654,9109.88093340801,,,,1804.0,21.065
17077,4,673,13174.310749891654,9110.88093340801,,,,1802.0,21.054
17078,4,674,13175.310749891654,9111.88093340801,,,,1800.0,21.044
17079,4,675,13176.310749891654,9112.88093340801,,,,1799.0,21.033
17080,4,676,13177.310749891654,9113.88093340801,,,,1798.0,21.024
17081,4,677,13178.310749891654,9114.88093340801,,,,1798.0,21.014
17082,4,678,13179.310749891654,9115.88093340801,,,,1799.0,21.006
17083,4,679,13180.310749891654,9116.88093340801,,,,1797.0,20.997
17084,4,680,13181.310749891654,9117.88093340801,,,,1796.0,20.988
17085,4,681,13182.310749891654,9118.88093340801,,,,1795.0,20.978
17086,4,682,13183.310749891654,9119.88093340801,,,,1793.0,20.968
17087,4,683,13184.310749891654,9120.88093340801,,,,1794.0,20.958
17088,4,684,13185.310749891654,9121.88093340801,,,,1795.0,20.949
17089,4,685,13186.310749891654,9122.88093340801,,,,1797.0,20.942
17090,4,686,13187.310749891654,9123.88093340801,,,,1799.0,20.935
17091,4,687,13188.310749891654,9124.88093340801,,,,1800.0,20.928
17092,4,688,13189.310749891654,9125.88093340801,,,,1800.0,20.92
17093,4,689,13190.310749891654,9126.88093340801,,,,1798.0,20.911
17094,4,690,13191.310749891654,9127.88093340801,,,,1796.0,20.902
17095,4,691,13192.310749891654,9128.88093340801,,,,1796.0,20.89
17096,4,692,13193.310749891654,9129.88093340801,,,,1794.0,20.879
17097,4,693,13194.310749891654,9130.88093340801,,,,1794.0,20.869
17098,4,694,13195.310749891654,9131.88093340801,,,,1793.0,20.861
17099,4,695,13196.310749891654,9132.88093340801,,,,1791.0,20.853
17100,4,696,13197.310749891654,9133.88093340801,,,,1789.0,20.844
17101,4,697,13198.310749891654,9134.88093340801,,,,1785.0,20.836
17102,4,698,13199.310749891654,9135.88093340801,,,,1782.0,20.827
17103,4,699,13200.310749891654,9136.88093340801,,,,1781.0,20.819
17104,4,700,13201.310749891654,9137.88093340801,,,,1780.0,20.811
17105,4,701,13202.310749891654,9138.88093340801,,,,1780.0,20.802
17106,4,702,13203.310749891654,9139.88093340801,,,,1780.0,20.794
17107,4,703,13204.310749891654,9140.88093340801,,,,1778.0,20.785
17108,4,704,13205.310749891654,9141.88093340801,,,,1776.0,20.775
17109,4,705,13206.310749891654,9142.88093340801,,,,1773.0,20.768
17110,4,706,13207.310749891654,9143.88093340801,,,,1770.0,20.76
17111,4,707,13208.310749891654,9144.88093340801,,,,1768.0,20.752
17112,4,708,13209.310749891654,9145.88093340801,,,,1766.0,20.746
17113,4,709,13210.310749891654,9146.88093340801,,,,1766.0,20.739
17114,4,710,13211.310749891654,9147.88093340801,,,,1765.0,20.731
17115,4,711,13212.310749891654,9148.88093340801,,,,1764.0,20.725
17116,4,712,13213.310749891654,9149.88093340801,,,,1763.0,20.719
17117,4,713,13214.310749891654,9150.88093340801,,,,1762.0,20.713
17118,4,714,13215.310749891654,9151.88093340801,,,,1762.0,20.708
17119,4,715,13216.310749891654,9152.88093340801,,,,1760.0,20.701
17120,4,716,13217.310749891654,9153.88093340801,,,,1759.0,20.695
17121,4,717,13218.310749891654,9154.88093340801,,,,1759.0,20.686
17122,4,718,13219.310749891654,9155.88093340801,,,,1758.0,20.677
17123,4,719,13220.310749891654,9156.88093340801,,,,1758.0,20.67
17124,4,720,13221.310749891654,9157.88093340801,,,,1757.0,20.661
17125,4,721,13222.310749891654,9158.88093340801,,,,1757.0,20.654
17126,4,722,13223.310749891654,9159.88093340801,,,,1757.0,20.646
17127,4,723,13224.310749891654,9160.88093340801,,,,1756.0,20.637
17128,4,724,13225.310749891654,9161.88093340801,,,,1755.0,20.63
17129,4,725,13226.310749891654,9162.88093340801,,,,1754.0,20.623
17130,4,726,13227.310749891654,9163.88093340801,,,,1752.0,20.615
17131,4,727,13228.310749891654,9164.88093340801,,,,1750.0,20.605
17132,4,728,13229.310749891654,9165.88093340801,,,,1749.0,20.594
17133,4,729,13230.310749891654,9166.88093340801,,,,1749.0,20.583
17134,4,730,13231.310749891654,9167.88093340801,,,,1749.0,20.571
17135,4,731,13232.310749891654,9168.88093340801,,,,1749.0,20.56
17136,4,732,13233.310749891654,9169.88093340801,,,,1748.0,20.548
17137,4,733,13234.310749891654,9170.88093340801,,,,1748.0,20.538
17138,4,734,13235.310749891654,9171.88093340801,,,,1748.0,20.526
17139,4,735,13236.310749891654,9172.88093340801,,,,1746.0,20.515
17140,4,736,13237.310749891654,9173.88093340801,,,,1745.0,20.506
17141,4,737,13238.310749891654,9174.88093340801,,,,1743.0,20.496
17142,4,738,13239.310749891654,9175.88093340801,,,,1742.0,20.488
17143,4,739,13240.310749891654,9176.88093340801,,,,1740.0,20.478
17144,4,740,13241.310749891654,9177.88093340801,,,,1739.0,20.468
17145,4,741,13242.310749891654,9178.88093340801,,,,1737.0,20.459
17146,4,742,13243.310749891654,9179.88093340801,,,,1735.0,20.448
17147,4,743,13244.310749891654,9180.88093340801,,,,1734.0,20.436
17148,4,744,13245.310749891654,9181.88093340801,,,,1732.0,20.423
17149,4,745,13246.310749891654,9182.88093340801,,,,1730.0,20.412
17150,4,746,13247.310749891654,9183.88093340801,,,,1729.0,20.399
17151,4,747,13248.310749891654,9184.88093340801,,,,1728.0,20.386
17152,4,748,13249.310749891654,9185.88093340801,,,,1727.0,20.374
17153,4,749,13250.310749891654,9186.88093340801,,,,1726.0,20.362
17154,4,750,13251.310749891654,9187.88093340801,,,,1725.0,20.349
17155,4,751,13252.310749891654,9188.88093340801,,,,1723.0,20.336
17156,4,752,13253.310749891654,9189.88093340801,,,,1722.0,20.323
17157,4,753,13254.310749891654,9190.88093340801,,,,1721.0,20.309
17158,4,754,13255.310749891654,9191.88093340801,,,,1721.0,20.296
17159,4,755,13256.310749891654,9192.88093340801,,,,1721.0,20.285
17160,4,756,13257.310749891654,9193.88093340801,,,,1721.0,20.274
17161,4,757,13258.310749891654,9194.88093340801,,,,1720.0,20.265
17162,4,758,13259.310749891654,9195.88093340801,,,,1718.0,20.255
17163,4,759,13260.310749891654,9196.88093340801,,,,1717.0,20.243
17164,4,760,13261.310749891654,9197.88093340801,,,,1716.0,20.231
17165,4,761,13262.310749891654,9198.88093340801,,,,1715.0,20.219
17166,4,762,13263.310749891654,9199.88093340801,,,,1714.0,20.208
17167,4,763,13264.310749891654,9200.88093340801,,,,1713.0,20.197
17168,4,764,13265.310749891654,9201.88093340801,,,,1710.0,20.187
17169,4,765,13266.310749891654,9202.88093340801,,,,1709.0,20.174
17170,4,766,13267.310749891654,9203.88093340801,,,,1707.0,20.163
17171,4,767,13268.310749891654,9204.88093340801,,,,1707.0,20.153
17172,4,768,13269.310749891654,9205.88093340801,,,,1707.0,20.144
17173,4,769,13270.310749891654,9206.88093340801,,,,1707.0,20.136
17174,4,770,13271.310749891654,9207.88093340801,,,,1708.0,20.13
17175,4,771,13272.310749891654,9208.88093340801,,,,1706.0,20.123
17176,4,772,13273.310749891654,9209.88093340801,,,,1704.0,20.116
17177,4,773,13274.310749891654,9210.88093340801,,,,1701.0,20.107
17178,4,774,13275.310749891654,9211.88093340801,,,,1698.0,20.101
17179,4,775,13276.310749891654,9212.88093340801,,,,1698.0,20.095
17180,4,776,13277.310749891654,9213.88093340801,,,,1698.0,20.089
17181,4,777,13278.310749891654,9214.88093340801,,,,1698.0,20.085
17182,4,778,13279.310749891654,9215.88093340801,,,,1698.0,20.081
17183,4,779,13280.310749891654,9216.88093340801,,,,1697.0,20.078
17184,4,780,13281.310749891654,9217.88093340801,,,,1694.0,20.075
17185,4,781,13282.310749891654,9218.88093340801,,,,1692.0,20.073
17186,4,782,13283.310749891654,9219.88093340801,,,,1690.0,20.07
17187,4,783,13284.310749891654,9220.88093340801,,,,1688.0,20.066
17188,4,784,13285.310749891654,9221.88093340801,,,,1688.0,20.063
17189,4,785,13286.310749891654,9222.88093340801,,,,1688.0,20.059
17190,4,786,13287.310749891654,9223.88093340801,,,,1687.0,20.056
17191,4,787,13288.310749891654,9224.88093340801,,,,1686.0,20.053
17192,4,788,13289.310749891654,9225.88093340801,,,,1685.0,20.049
17193,4,789,13290.310749891654,9226.88093340801,,,,1683.0,20.044
17194,4,790,13291.310749891654,9227.88093340801,,,,1682.0,20.042
17195,4,791,13292.310749891654,9228.88093340801,,,,1681.0,20.037
17196,4,792,13293.310749891654,9229.88093340801,,,,1679.0,20.034
17197,4,793,13294.310749891654,9230.88093340801,,,,1679.0,20.031
17198,4,794,13295.310749891654,9231.88093340801,,,,1677.0,20.028
17199,4,795,13296.310749891654,9232.88093340801,,,,1676.0,20.025
17200,4,796,13297.310749891654,9233.88093340801,,,,1676.0,20.022
17201,4,797,13298.310749891654,9234.88093340801,,,,1676.0,20.018
17202,4,798,13299.310749891654,9235.88093340801,,,,1676.0,20.015
17203,4,799,13300.310749891654,9236.88093340801,,,,1675.0,20.012
17204,4,800,13301.310749891654,9237.88093340801,,,,1674.0,20.009
17205,4,801,13302.310749891654,9238.88093340801,,,,1673.0,20.006
17206,4,802,13303.310749891654,9239.88093340801,,,,1672.0,20.003
17207,4,803,13304.310749891654,9240.88093340801,,,,1670.0,19.999
17208,4,804,13305.310749891654,9241.88093340801,,,,1670.0,19.994
17209,4,805,13306.310749891654,9242.88093340801,,,,1669.0,19.989
17210,4,806,13307.310749891654,9243.88093340801,,,,1669.0,19.985
17211,4,807,13308.310749891654,9244.88093340801,,,,1668.0,19.979
17212,4,808,13309.310749891654,9245.88093340801,,,,1668.0,19.975
17213,4,809,13310.310749891654,9246.88093340801,,,,1667.0,19.97
17214,4,810,13311.310749891654,9247.88093340801,,,,1667.0,19.965
17215,4,811,13312.310749891654,9248.88093340801,,,,1668.0,19.961
17216,4,812,13313.310749891654,9249.88093340801,,,,1668.0,19.957
17217,4,813,13314.310749891654,9250.88093340801,,,,1668.0,19.953
17218,4,814,13315.310749891654,9251.88093340801,,,,1668.0,19.951
17219,4,815,13316.310749891654,9252.88093340801,,,,1667.0,19.945
17220,4,816,13317.310749891654,9253.88093340801,,,,1667.0,19.94
17221,4,817,13318.310749891654,9254.88093340801,,,,1667.0,19.935
17222,4,818,13319.310749891654,9255.88093340801,,,,1666.0,19.929
17223,4,819,13320.310749891654,9256.88093340801,,,,1666.0,19.923
17224,4,820,13321.310749891654,9257.88093340801,,,,1666.0,19.917
17225,4,821,13322.310749891654,9258.88093340801,,,,1665.0,19.911
17226,4,822,13323.310749891654,9259.88093340801,,,,1663.0,19.909
17227,4,823,13324.310749891654,9260.88093340801,,,,1662.0,19.906
17228,4,824,13325.310749891654,9261.88093340801,,,,1659.0,19.903
17229,4,825,13326.310749891654,9262.88093340801,,,,1656.0,19.902
17230,4,826,13327.310749891654,9263.88093340801,,,,1653.0,19.899
17231,4,827,13328.310749891654,9264.88093340801,,,,1651.0,19.896
17232,4,828,13329.310749891654,9265.88093340801,,,,1651.0,19.893
17233,4,829,13330.310749891654,9266.88093340801,,,,1650.0,19.89
17234,4,830,13331.310749891654,9267.88093340801,,,,1649.0,19.884
17235,4,831,13332.310749891654,9268.88093340801,,,,1648.0,19.881
17236,4,832,13333.310749891654,9269.88093340801,,,,1646.0,19.875
17237,4,833,13334.310749891654,9270.88093340801,,,,1645.0,19.87
17238,4,834,13335.310749891654,9271.88093340801,,,,1644.0,19.866
17239,4,835,13336.310749891654,9272.88093340801,,,,1643.0,19.861
17240,4,836,13337.310749891654,9273.88093340801,,,,1642.0,19.856
17241,4,837,13338.310749891654,9274.88093340801,,,,1641.0,19.851
17242,4,838,13339.310749891654,9275.88093340801,,,,1640.0,19.846
17243,4,839,13340.310749891654,9276.88093340801,,,,1638.0,19.841
17244,4,840,13341.310749891654,9277.88093340801,,,,1636.0,19.836
17245,4,841,13342.310749891654,9278.88093340801,,,,1635.0,19.832
17246,4,842,13343.310749891654,9279.88093340801,,,,1636.0,19.828
17247,4,843,13344.310749891654,9280.88093340801,,,,1636.0,19.823
17248,4,844,13345.310749891654,9281.88093340801,,,,1636.0,19.817
17249,4,845,13346.310749891654,9282.88093340801,,,,1635.0,19.812
17250,4,846,13347.310749891654,9283.88093340801,,,,1634.0,19.806
17251,4,847,13348.310749891654,9284.88093340801,,,,1631.0,19.799
17252,4,848,13349.310749891654,9285.88093340801,,,,1628.0,19.791
17253,4,849,13350.310749891654,9286.88093340801,,,,1627.0,19.781
17254,4,850,13351.310749891654,9287.88093340801,,,,1626.0,19.772
17255,4,851,13352.310749891654,9288.88093340801,,,,1627.0,19.764
17256,4,852,13353.310749891654,9289.88093340801,,,,1627.0,19.756
17257,4,853,13354.310749891654,9290.88093340801,,,,1627.0,19.748
17258,4,854,13355.310749891654,9291.88093340801,,,,1626.0,19.739
17259,4,855,13356.310749891654,9292.88093340801,,,,1624.0,19.731
17260,4,856,13357.310749891654,9293.88093340801,,,,1623.0,19.721
17261,4,857,13358.310749891654,9294.88093340801,,,,1622.0,19.709
17262,4,858,13359.310749891654,9295.88093340801,,,,1622.0,19.7
17263,4,859,13360.310749891654,9296.88093340801,,,,1622.0,19.69
17264,4,860,13361.310749891654,9297.88093340801,,,,1621.0,19.681
17265,4,861,13362.310749891654,9298.88093340801,,,,1620.0,19.672
17266,4,862,13363.310749891654,9299.88093340801,,,,1619.0,19.661
17267,4,863,13364.310749891654,9300.88093340801,,,,1618.0,19.649
17268,4,864,13365.310749891654,9301.88093340801,,,,1616.0,19.638
17269,4,865,13366.310749891654,9302.88093340801,,,,1617.0,19.629
17270,4,866,13367.310749891654,9303.88093340801,,,,1617.0,19.62
17271,4,867,13368.310749891654,9304.88093340801,,,,1616.0,19.61
17272,4,868,13369.310749891654,9305.88093340801,,,,1615.0,19.601
17273,4,869,13370.310749891654,9306.88093340801,,,,1614.0,19.59
17274,4,870,13371.310749891654,9307.88093340801,,,,1612.0,19.58
17275,4,871,13372.310749891654,9308.88093340801,,,,1611.0,19.569
17276,4,872,13373.310749891654,9309.88093340801,,,,1610.0,19.559
17277,4,873,13374.310749891654,9310.88093340801,,,,1608.0,19.548
17278,4,874,13375.310749891654,9311.88093340801,,,,1608.0,19.538
17279,4,875,13376.310749891654,9312.88093340801,,,,1607.0,19.528
17280,4,876,13377.310749891654,9313.88093340801,,,,1606.0,19.518
17281,4,877,13378.310749891654,9314.88093340801,,,,1605.0,19.507
17282,4,878,13379.310749891654,9315.88093340801,,,,1604.0,19.496
17283,4,879,13380.310749891654,9316.88093340801,,,,1602.0,19.485
17284,4,880,13381.310749891654,9317.88093340801,,,,1602.0,19.475
17285,4,881,13382.310749891654,9318.88093340801,,,,1601.0,19.464
17286,4,882,13383.310749891654,9319.88093340801,,,,1600.0,19.452
17287,4,883,13384.310749891654,9320.88093340801,,,,1599.0,19.441
17288,4,884,13385.310749891654,9321.88093340801,,,,1598.0,19.431
17289,4,885,13386.310749891654,9322.88093340801,,,,1596.0,19.42
17290,4,886,13387.310749891654,9323.88093340801,,,,1594.0,19.408
17291,4,887,13388.310749891654,9324.88093340801,,,,1593.0,19.397
17292,4,888,13389.310749891654,9325.88093340801,,,,1591.0,19.385
17293,4,889,13390.310749891654,9326.88093340801,,,,1589.0,19.374
17294,4,890,13391.310749891654,9327.88093340801,,,,1589.0,19.364
17295,4,891,13392.310749891654,9328.88093340801,,,,1587.0,19.353
17296,4,892,13393.310749891654,9329.88093340801,,,,1586.0,19.341
17297,4,893,13394.310749891654,9330.88093340801,,,,1584.0,19.33
17298,4,894,13395.310749891654,9331.88093340801,,,,1583.0,19.319
17299,4,895,13396.310749891654,9332.88093340801,,,,1582.0,19.307
17300,4,896,13397.310749891654,9333.88093340801,,,,1581.0,19.296
17301,4,897,13398.310749891654,9334.88093340801,,,,1580.0,19.285
17302,4,898,13399.310749891654,9335.88093340801,,,,1578.0,19.273
17303,4,899,13400.310749891654,9336.88093340801,,,,1578.0,19.263
17304,4,900,13401.310749891654,9337.88093340801,,,,1577.0,19.251
17305,4,901,13402.310749891654,9338.88093340801,,,,1576.0,19.24
17306,4,902,13403.310749891654,9339.88093340801,,,,1574.0,19.228
17307,4,903,13404.310749891654,9340.88093340801,,,,1573.0,19.217
17308,4,904,13405.310749891654,9341.88093340801,,,,1573.0,19.206
17309,4,905,13406.310749891654,9342.88093340801,,,,1572.0,19.196
17310,4,906,13407.310749891654,9343.88093340801,,,,1571.0,19.185
17311,4,907,13408.310749891654,9344.88093340801,,,,1571.0,19.173
17312,4,908,13409.310749891654,9345.88093340801,,,,1570.0,19.162
17313,4,909,13410.310749891654,9346.88093340801,,,,1570.0,19.15
17314,4,910,13411.310749891654,9347.88093340801,,,,1570.0,19.14
17315,4,911,13412.310749891654,9348.88093340801,,,,1570.0,19.129
17316,4,912,13413.310749891654,9349.88093340801,,,,1569.0,19.12
17317,4,913,13414.310749891654,9350.88093340801,,,,1567.0,19.109
17318,4,914,13415.310749891654,9351.88093340801,,,,1565.0,19.098
17319,4,915,13416.310749891654,9352.88093340801,,,,1562.0,19.086
17320,4,916,13417.310749891654,9353.88093340801,,,,1561.0,19.075
17321,4,917,13418.310749891654,9354.88093340801,,,,1560.0,19.066
17322,4,918,13419.310749891654,9355.88093340801,,,,1559.0,19.057
17323,4,919,13420.310749891654,9356.88093340801,,,,1558.0,19.047
17324,4,920,13421.310749891654,9357.88093340801,,,,1557.0,19.039
17325,4,921,13422.310749891654,9358.88093340801,,,,1555.0,19.03
17326,4,922,13423.310749891654,9359.88093340801,,,,1553.0,19.022
17327,4,923,13424.310749891654,9360.88093340801,,,,1552.0,19.012
17328,4,924,13425.310749891654,9361.88093340801,,,,1551.0,19.003
17329,4,925,13426.310749891654,9362.88093340801,,,,1550.0,18.995
17330,4,926,13427.310749891654,9363.88093340801,,,,1549.0,18.987
17331,4,927,13428.310749891654,9364.88093340801,,,,1548.0,18.978
17332,4,928,13429.310749891654,9365.88093340801,,,,1546.0,18.971
17333,4,929,13430.310749891654,9366.88093340801,,,,1546.0,18.963
17334,4,930,13431.310749891654,9367.88093340801,,,,1546.0,18.954
17335,4,931,13432.310749891654,9368.88093340801,,,,1547.0,18.947
17336,4,932,13433.310749891654,9369.88093340801,,,,1548.0,18.94
17337,4,933,13434.310749891654,9370.88093340801,,,,1550.0,18.935
17338,4,934,13435.310749891654,9371.88093340801,,,,1549.0,18.928
17339,4,935,13436.310749891654,9372.88093340801,,,,1547.0,18.921
17340,4,936,13437.310749891654,9373.88093340801,,,,1545.0,18.914
17341,4,937,13438.310749891654,9374.88093340801,,,,1543.0,18.904
17342,4,938,13439.310749891654,9375.88093340801,,,,1541.0,18.894
17343,4,939,13440.310749891654,9376.88093340801,,,,1541.0,18.884
17344,4,940,13441.310749891654,9377.88093340801,,,,1540.0,18.877
17345,4,941,13442.310749891654,9378.88093340801,,,,1539.0,18.869
17346,4,942,13443.310749891654,9379.88093340801,,,,1539.0,18.862
17347,4,943,13444.310749891654,9380.88093340801,,,,1537.0,18.854
17348,4,944,13445.310749891654,9381.88093340801,,,,1535.0,18.844
17349,4,945,13446.310749891654,9382.88093340801,,,,1533.0,18.833
17350,4,946,13447.310749891654,9383.88093340801,,,,1532.0,18.824
17351,4,947,13448.310749891654,9384.88093340801,,,,1531.0,18.815
17352,4,948,13449.310749891654,9385.88093340801,,,,1531.0,18.806
17353,4,949,13450.310749891654,9386.88093340801,,,,1530.0,18.799
17354,4,950,13451.310749891654,9387.88093340801,,,,1529.0,18.791
17355,4,951,13452.310749891654,9388.88093340801,,,,1528.0,18.783
17356,4,952,13453.310749891654,9389.88093340801,,,,1527.0,18.776
17357,4,953,13454.310749891654,9390.88093340801,,,,1525.0,18.768
17358,4,954,13455.310749891654,9391.88093340801,,,,1525.0,18.759
17359,4,955,13456.310749891654,9392.88093340801,,,,1524.0,18.751
17360,4,956,13457.310749891654,9393.88093340801,,,,1524.0,18.743
17361,4,957,13458.310749891654,9394.88093340801,,,,1522.0,18.735
17362,4,958,13459.310749891654,9395.88093340801,,,,1521.0,18.727
17363,4,959,13460.310749891654,9396.88093340801,,,,1520.0,18.718
17364,4,960,13461.310749891654,9397.88093340801,,,,1518.0,18.708
17365,4,961,13462.310749891654,9398.88093340801,,,,1518.0,18.699
17366,4,962,13463.310749891654,9399.88093340801,,,,1518.0,18.69
17367,4,963,13464.310749891654,9400.88093340801,,,,1518.0,18.682
17368,4,964,13465.310749891654,9401.88093340801,,,,1518.0,18.674
17369,4,965,13466.310749891654,9402.88093340801,,,,1518.0,18.665
17370,4,966,13467.310749891654,9403.88093340801,,,,1519.0,18.656
17371,4,967,13468.310749891654,9404.88093340801,,,,1520.0,18.648
17372,4,968,13469.310749891654,9405.88093340801,,,,1522.0,18.641
17373,4,969,13470.310749891654,9406.88093340801,,,,1524.0,18.634
17374,4,970,13471.310749891654,9407.88093340801,,,,1524.0,18.626
17375,4,971,13472.310749891654,9408.88093340801,,,,1523.0,18.619
17376,4,972,13473.310749891654,9409.88093340801,,,,1522.0,18.61
17377,4,973,13474.310749891654,9410.88093340801,,,,1520.0,18.598
17378,4,974,13475.310749891654,9411.88093340801,,,,1520.0,18.588
17379,4,975,13476.310749891654,9412.88093340801,,,,1521.0,18.577
17380,4,976,13477.310749891654,9413.88093340801,,,,1522.0,18.568
17381,4,977,13478.310749891654,9414.88093340801,,,,1522.0,18.56
17382,4,978,13479.310749891654,9415.88093340801,,,,1522.0,18.551
17383,4,979,13480.310749891654,9416.88093340801,,,,1521.0,18.542
17384,4,980,13481.310749891654,9417.88093340801,,,,1521.0,18.532
17385,4,981,13482.310749891654,9418.88093340801,,,,1519.0,18.522
17386,4,982,13483.310749891654,9419.88093340801,,,,1520.0,18.513
17387,4,983,13484.310749891654,9420.88093340801,,,,1522.0,18.505
17388,4,984,13485.310749891654,9421.88093340801,,,,1522.0,18.497
17389,4,985,13486.310749891654,9422.88093340801,,,,1521.0,18.488
17390,4,986,13487.310749891654,9423.88093340801,,,,1522.0,18.479
17391,4,987,13488.310749891654,9424.88093340801,,,,1521.0,18.469
17392,4,988,13489.310749891654,9425.88093340801,,,,1521.0,18.459
17393,4,989,13490.310749891654,9426.88093340801,,,,1521.0,18.448
17394,4,990,13491.310749891654,9427.88093340801,,,,1522.0,18.439
17395,4,991,13492.310749891654,9428.88093340801,,,,1523.0,18.43
17396,4,992,13493.310749891654,9429.88093340801,,,,1523.0,18.421
17397,4,993,13494.310749891654,9430.88093340801,,,,1522.0,18.411
17398,4,994,13495.310749891654,9431.88093340801,,,,1521.0,18.4
17399,4,995,13496.310749891654,9432.88093340801,,,,1521.0,18.39
17400,4,996,13497.310749891654,9433.88093340801,,,,1521.0,18.38
17401,4,997,13498.310749891654,9434.88093340801,,,,1522.0,18.371
17402,4,998,13499.310749891654,9435.88093340801,,,,1522.0,18.362
17403,4,999,13500.310749891654,9436.88093340801,,,,1522.0,18.351
17404,4,1000,13501.310749891654,9437.88093340801,,,,1521.0,18.341
17405,4,1001,13502.310749891654,9438.88093340801,,,,1520.0,18.33
17406,4,1002,13503.310749891654,9439.88093340801,,,,1520.0,18.319
17407,4,1003,13504.310749891654,9440.88093340801,,,,1520.0,18.308
17408,4,1004,13505.310749891654,9441.88093340801,,,,1520.0,18.298
17409,4,1005,13506.310749891654,9442.88093340801,,,,1521.0,18.289
17410,4,1006,13507.310749891654,9443.88093340801,,,,1521.0,18.28
17411,4,1007,13508.310749891654,9444.88093340801,,,,1521.0,18.269
17412,4,1008,13509.310749891654,9445.88093340801,,,,1520.0,18.26
17413,4,1009,13510.310749891654,9446.88093340801,,,,1519.0,18.251
17414,4,1010,13511.310749891654,9447.88093340801,,,,1519.0,18.241
17415,4,1011,13512.310749891654,9448.88093340801,,,,1517.0,18.231
17416,4,1012,13513.310749891654,9449.88093340801,,,,1516.0,18.221
17417,4,1013,13514.310749891654,9450.88093340801,,,,1515.0,18.212
17418,4,1014,13515.310749891654,9451.88093340801,,,,1514.0,18.201
17419,4,1015,13516.310749891654,9452.88093340801,,,,1513.0,18.191
17420,4,1016,13517.310749891654,9453.88093340801,,,,1512.0,18.182
17421,4,1017,13518.310749891654,9454.88093340801,,,,1511.0,18.171
17422,4,1018,13519.310749891654,9455.88093340801,,,,1510.0,18.162
17423,4,1019,13520.310749891654,9456.88093340801,,,,1508.0,18.153
17424,4,1020,13521.310749891654,9457.88093340801,,,,1507.0,18.143
17425,4,1021,13522.310749891654,9458.88093340801,,,,1506.0,18.132
17426,4,1022,13523.310749891654,9459.88093340801,,,,1504.0,18.122
17427,4,1023,13524.310749891654,9460.88093340801,,,,1502.0,18.111
17428,4,1024,13525.310749891654,9461.88093340801,,,,1501.0,18.1
17429,4,1025,13526.310749891654,9462.88093340801,,,,1501.0,18.088
17430,4,1026,13527.310749891654,9463.88093340801,,,,1499.0,18.077
17431,4,1027,13528.310749891654,9464.88093340801,,,,1499.0,18.067
17432,4,1028,13529.310749891654,9465.88093340801,,,,1498.0,18.057
17433,4,1029,13530.310749891654,9466.88093340801,,,,1498.0,18.046
17434,4,1030,13531.310749891654,9467.88093340801,,,,1497.0,18.036
17435,4,1031,13532.310749891654,9468.88093340801,,,,1494.0,18.024
17436,4,1032,13533.310749891654,9469.88093340801,,,,1492.0,18.013
17437,4,1033,13534.310749891654,9470.88093340801,,,,1490.0,18.002
17438,4,1034,13535.310749891654,9471.88093340801,,,,1488.0,17.99
17439,4,1035,13536.310749891654,9472.88093340801,,,,1487.0,17.977
17440,4,1036,13537.310749891654,9473.88093340801,,,,1487.0,17.962
17441,4,1037,13538.310749891654,9474.88093340801,,,,1486.0,17.949
17442,4,1038,13539.310749891654,9475.88093340801,,,,1484.0,17.938
17443,4,1039,13540.310749891654,9476.88093340801,,,,1483.0,17.925
17444,4,1040,13541.310749891654,9477.88093340801,,,,1481.0,17.912
17445,4,1041,13542.310749891654,9478.88093340801,,,,1479.0,17.899
17446,4,1042,13543.310749891654,9479.88093340801,,,,1477.0,17.884
17447,4,1043,13544.310749891654,9480.88093340801,,,,1476.0,17.871
17448,4,1044,13545.310749891654,9481.88093340801,,,,1476.0,17.858
17449,4,1045,13546.310749891654,9482.88093340801,,,,1475.0,17.845
17450,4,1046,13547.310749891654,9483.88093340801,,,,1474.0,17.833
17451,4,1047,13548.310749891654,9484.88093340801,,,,1473.0,17.82
17452,4,1048,13549.310749891654,9485.88093340801,,,,1471.0,17.807
17453,4,1049,13550.310749891654,9486.88093340801,,,,1471.0,17.794
17454,4,1050,13551.310749891654,9487.88093340801,,,,1469.0,17.781
17455,4,1051,13552.310749891654,9488.88093340801,,,,1469.0,17.768
17456,4,1052,13553.310749891654,9489.88093340801,,,,1469.0,17.756
17457,4,1053,13554.310749891654,9490.88093340801,,,,1470.0,17.746
17458,4,1054,13555.310749891654,9491.88093340801,,,,1470.0,17.734
17459,4,1055,13556.310749891654,9492.88093340801,,,,1469.0,17.724
17460,4,1056,13557.310749891654,9493.88093340801,,,,1468.0,17.713
17461,4,1057,13558.310749891654,9494.88093340801,,,,1465.0,17.703
17462,4,1058,13559.310749891654,9495.88093340801,,,,1463.0,17.691
17463,4,1059,13560.310749891654,9496.88093340801,,,,1461.0,17.679
17464,4,1060,13561.310749891654,9497.88093340801,,,,1461.0,17.668
17465,4,1061,13562.310749891654,9498.88093340801,,,,1461.0,17.656
17466,4,1062,13563.310749891654,9499.88093340801,,,,1461.0,17.645
17467,4,1063,13564.310749891654,9500.88093340801,,,,1461.0,17.634
17468,4,1064,13565.310749891654,9501.88093340801,,,,1459.0,17.622
17469,4,1065,13566.310749891654,9502.88093340801,,,,1459.0,17.61
17470,4,1066,13567.310749891654,9503.88093340801,,,,1456.0,17.596
17471,4,1067,13568.310749891654,9504.88093340801,,,,1456.0,17.583
17472,4,1068,13569.310749891654,9505.88093340801,,,,1455.0,17.57
17473,4,1069,13570.310749891654,9506.88093340801,,,,1453.0,17.556
17474,4,1070,13571.310749891654,9507.88093340801,,,,1453.0,17.543
17475,4,1071,13572.310749891654,9508.88093340801,,,,1453.0,17.53
17476,4,1072,13573.310749891654,9509.88093340801,,,,1454.0,17.518
17477,4,1073,13574.310749891654,9510.88093340801,,,,1455.0,17.508
17478,4,1074,13575.310749891654,9511.88093340801,,,,1456.0,17.497
17479,4,1075,13576.310749891654,9512.88093340801,,,,1455.0,17.488
17480,4,1076,13577.310749891654,9513.88093340801,,,,1453.0,17.478
17481,4,1077,13578.310749891654,9514.88093340801,,,,1452.0,17.468
17482,4,1078,13579.310749891654,9515.88093340801,,,,1450.0,17.459
17483,4,1079,13580.310749891654,9516.88093340801,,,,1449.0,17.45
17484,4,1080,13581.310749891654,9517.88093340801,,,,1449.0,17.441
17485,4,1081,13582.310749891654,9518.88093340801,,,,1448.0,17.432
17486,4,1082,13583.310749891654,9519.88093340801,,,,1447.0,17.423
17487,4,1083,13584.310749891654,9520.88093340801,,,,1448.0,17.415
17488,4,1084,13585.310749891654,9521.88093340801,,,,1448.0,17.407
17489,4,1085,13586.310749891654,9522.88093340801,,,,1449.0,17.399
17490,4,1086,13587.310749891654,9523.88093340801,,,,1448.0,17.39
17491,4,1087,13588.310749891654,9524.88093340801,,,,1447.0,17.381
17492,4,1088,13589.310749891654,9525.88093340801,,,,1446.0,17.372
17493,4,1089,13590.310749891654,9526.88093340801,,,,1445.0,17.362
17494,4,1090,13591.310749891654,9527.88093340801,,,,1443.0,17.354
17495,4,1091,13592.310749891654,9528.88093340801,,,,1442.0,17.346
17496,4,1092,13593.310749891654,9529.88093340801,,,,1441.0,17.338
17497,4,1093,13594.310749891654,9530.88093340801,,,,1440.0,17.332
17498,4,1094,13595.310749891654,9531.88093340801,,,,1438.0,17.325
17499,4,1095,13596.310749891654,9532.88093340801,,,,1437.0,17.321
17500,4,1096,13597.310749891654,9533.88093340801,,,,1437.0,17.317
17501,4,1097,13598.310749891654,9534.88093340801,,,,1436.0,17.312
17502,4,1098,13599.310749891654,9535.88093340801,,,,1435.0,17.307
17503,4,1099,13600.310749891654,9536.88093340801,,,,1433.0,17.3
17504,4,1100,13601.310749891654,9537.88093340801,,,,1431.0,17.294
17505,4,1101,13602.310749891654,9538.88093340801,,,,1428.0,17.286
17506,4,1102,13603.310749891654,9539.88093340801,,,,1426.0,17.278
17507,4,1103,13604.310749891654,9540.88093340801,,,,1424.0,17.269
17508,4,1104,13605.310749891654,9541.88093340801,,,,1422.0,17.26
17509,4,1105,13606.310749891654,9542.88093340801,,,,1422.0,17.251
17510,4,1106,13607.310749891654,9543.88093340801,,,,1422.0,17.241
17511,4,1107,13608.310749891654,9544.88093340801,,,,1422.0,17.234
17512,4,1108,13609.310749891654,9545.88093340801,,,,1424.0,17.226
17513,4,1109,13610.310749891654,9546.88093340801,,,,1425.0,17.219
17514,4,1110,13611.310749891654,9547.88093340801,,,,1426.0,17.211
17515,4,1111,13612.310749891654,9548.88093340801,,,,1428.0,17.206
17516,4,1112,13613.310749891654,9549.88093340801,,,,1430.0,17.201
17517,4,1113,13614.310749891654,9550.88093340801,,,,1431.0,17.197
17518,4,1114,13615.310749891654,9551.88093340801,,,,1431.0,17.194
17545,4,1141,13642.310749891654,9578.88093340801,,,,1414.0,17.192
17546,4,1142,13643.310749891654,9579.88093340801,,,,1415.0,17.183
17547,4,1143,13644.310749891654,9580.88093340801,,,,1415.0,17.174
17548,4,1144,13645.310749891654,9581.88093340801,,,,1416.0,17.163
17549,4,1145,13646.310749891654,9582.88093340801,,,,1416.0,17.152
17550,4,1146,13647.310749891654,9583.88093340801,,,,1416.0,17.143
17551,4,1147,13648.310749891654,9584.88093340801,,,,1416.0,17.135
17552,4,1148,13649.310749891654,9585.88093340801,,,,1417.0,17.127
17553,4,1149,13650.310749891654,9586.88093340801,,,,1419.0,17.12
17554,4,1150,13651.310749891654,9587.88093340801,,,,1419.0,17.112
17555,4,1151,13652.310749891654,9588.88093340801,,,,1418.0,17.106
17556,4,1152,13653.310749891654,9589.88093340801,,,,1418.0,17.098
17557,4,1153,13654.310749891654,9590.88093340801,,,,1416.0,17.089
17558,4,1154,13655.310749891654,9591.88093340801,,,,1413.0,17.08
17559,4,1155,13656.310749891654,9592.88093340801,,,,1413.0,17.069
17560,4,1156,13657.310749891654,9593.88093340801,,,,1411.0,17.06
17561,4,1157,13658.310749891654,9594.88093340801,,,,1411.0,17.05
17562,4,1158,13659.310749891654,9595.88093340801,,,,1411.0,17.042
17563,4,1159,13660.310749891654,9596.88093340801,,,,1411.0,17.033
17564,4,1160,13661.310749891654,9597.88093340801,,,,1410.0,17.025
17565,4,1161,13662.310749891654,9598.88093340801,,,,1409.0,17.016
17566,4,1162,13663.310749891654,9599.88093340801,,,,1408.0,17.005
17567,4,1163,13664.310749891654,9600.88093340801,,,,1406.0,16.995
17568,4,1164,13665.310749891654,9601.88093340801,,,,1404.0,16.985
17569,4,1165,13666.310749891654,9602.88093340801,,,,1404.0,16.976
17570,4,1166,13667.310749891654,9603.88093340801,,,,1403.0,16.965
17571,4,1167,13668.310749891654,9604.88093340801,,,,1402.0,16.955
17572,4,1168,13669.310749891654,9605.88093340801,,,,1401.0,16.943
17573,4,1169,13670.310749891654,9606.88093340801,,,,1400.0,16.931
17574,4,1170,13671.310749891654,9607.88093340801,,,,1398.0,16.92
17575,4,1171,13672.310749891654,9608.88093340801,,,,1397.0,16.908
17576,4,1172,13673.310749891654,9609.88093340801,,,,1397.0,16.895
17577,4,1173,13674.310749891654,9610.88093340801,,,,1395.0,16.882
17578,4,1174,13675.310749891654,9611.88093340801,,,,1395.0,16.87
17579,4,1175,13676.310749891654,9612.88093340801,,,,1394.0,16.858
17580,4,1176,13677.310749891654,9613.88093340801,,,,1393.0,16.845
17581,4,1177,13678.310749891654,9614.88093340801,,,,1391.0,16.832
17582,4,1178,13679.310749891654,9615.88093340801,,,,1390.0,16.819
17583,4,1179,13680.310749891654,9616.88093340801,,,,1389.0,16.806
17584,4,1180,13681.310749891654,9617.88093340801,,,,1388.0,16.793
17585,4,1181,13682.310749891654,9618.88093340801,,,,1387.0,16.782
17586,4,1182,13683.310749891654,9619.88093340801,,,,1386.0,16.769
17587,4,1183,13684.310749891654,9620.88093340801,,,,1384.0,16.757
17588,4,1184,13685.310749891654,9621.88093340801,,,,1382.0,16.744
17589,4,1185,13686.310749891654,9622.88093340801,,,,1380.0,16.731
17590,4,1186,13687.310749891654,9623.88093340801,,,,1377.0,16.718
17591,4,1187,13688.310749891654,9624.88093340801,,,,1376.0,16.705
17592,4,1188,13689.310749891654,9625.88093340801,,,,1374.0,16.693
17593,4,1189,13690.310749891654,9626.88093340801,,,,1374.0,16.681
17594,4,1190,13691.310749891654,9627.88093340801,,,,1373.0,16.671
17595,4,1191,13692.310749891654,9628.88093340801,,,,1372.0,16.661
17596,4,1192,13693.310749891654,9629.88093340801,,,,1370.0,16.65
17597,4,1193,13694.310749891654,9630.88093340801,,,,1369.0,16.64
17598,4,1194,13695.310749891654,9631.88093340801,,,,1367.0,16.63
17599,4,1195,13696.310749891654,9632.88093340801,,,,1366.0,16.619
17600,4,1196,13697.310749891654,9633.88093340801,,,,1364.0,16.61
17601,4,1197,13698.310749891654,9634.88093340801,,,,1363.0,16.6
17602,4,1198,13699.310749891654,9635.88093340801,,,,1362.0,16.589
17603,4,1199,13700.310749891654,9636.88093340801,,,,1361.0,16.58
17604,4,1200,13701.310749891654,9637.88093340801,,,,1361.0,16.571
17605,4,1201,13702.310749891654,9638.88093340801,,,,1361.0,16.564
17606,4,1202,13703.310749891654,9639.88093340801,,,,1359.0,16.557
17607,4,1203,13704.310749891654,9640.88093340801,,,,1357.0,16.549
17608,4,1204,13705.310749891654,9641.88093340801,,,,1354.0,16.539
17609,4,1205,13706.310749891654,9642.88093340801,,,,1351.0,16.529
17610,4,1206,13707.310749891654,9643.88093340801,,,,1348.0,16.516
17611,4,1207,13708.310749891654,9644.88093340801,,,,1346.0,16.503
17612,4,1208,13709.310749891654,9645.88093340801,,,,1346.0,16.492
17613,4,1209,13710.310749891654,9646.88093340801,,,,1344.0,16.482
17614,4,1210,13711.310749891654,9647.88093340801,,,,1343.0,16.473
17615,4,1211,13712.310749891654,9648.88093340801,,,,1341.0,16.464
17616,4,1212,13713.310749891654,9649.88093340801,,,,1338.0,16.454
17617,4,1213,13714.310749891654,9650.88093340801,,,,1335.0,16.442
17618,4,1214,13715.310749891654,9651.88093340801,,,,1333.0,16.43
17619,4,1215,13716.310749891654,9652.88093340801,,,,1332.0,16.42
17620,4,1216,13717.310749891654,9653.88093340801,,,,1331.0,16.41
17621,4,1217,13718.310749891654,9654.88093340801,,,,1330.0,16.399
17622,4,1218,13719.310749891654,9655.88093340801,,,,1330.0,16.39
17623,4,1219,13720.310749891654,9656.88093340801,,,,1328.0,16.38
17624,4,1220,13721.310749891654,9657.88093340801,,,,1327.0,16.37
17625,4,1221,13722.310749891654,9658.88093340801,,,,1326.0,16.36
17626,4,1222,13723.310749891654,9659.88093340801,,,,1325.0,16.349
17627,4,1223,13724.310749891654,9660.88093340801,,,,1324.0,16.339
17628,4,1224,13725.310749891654,9661.88093340801,,,,1323.0,16.33
17629,4,1225,13726.310749891654,9662.88093340801,,,,1323.0,16.322
17630,4,1226,13727.310749891654,9663.88093340801,,,,1322.0,16.313
17631,4,1227,13728.310749891654,9664.88093340801,,,,1322.0,16.303
17632,4,1228,13729.310749891654,9665.88093340801,,,,1321.0,16.293
17633,4,1229,13730.310749891654,9666.88093340801,,,,1320.0,16.281
17634,4,1230,13731.310749891654,9667.88093340801,,,,1320.0,16.272
17635,4,1231,13732.310749891654,9668.88093340801,,,,1319.0,16.263
17636,4,1232,13733.310749891654,9669.88093340801,,,,1319.0,16.254
17637,4,1233,13734.310749891654,9670.88093340801,,,,1319.0,16.244
17638,4,1234,13735.310749891654,9671.88093340801,,,,1319.0,16.233
17639,4,1235,13736.310749891654,9672.88093340801,,,,1319.0,16.222
17640,4,1236,13737.310749891654,9673.88093340801,,,,1320.0,16.212
17641,4,1237,13738.310749891654,9674.88093340801,,,,1320.0,16.203
17642,4,1238,13739.310749891654,9675.88093340801,,,,1319.0,16.195
17643,4,1239,13740.310749891654,9676.88093340801,,,,1317.0,16.185
17644,4,1240,13741.310749891654,9677.88093340801,,,,1316.0,16.176
17645,4,1241,13742.310749891654,9678.88093340801,,,,1316.0,16.165
17646,4,1242,13743.310749891654,9679.88093340801,,,,1315.0,16.155
17647,4,1243,13744.310749891654,9680.88093340801,,,,1315.0,16.147
17648,4,1244,13745.310749891654,9681.88093340801,,,,1315.0,16.138
17649,4,1245,13746.310749891654,9682.88093340801,,,,1314.0,16.129
17650,4,1246,13747.310749891654,9683.88093340801,,,,1311.0,16.12
17651,4,1247,13748.310749891654,9684.88093340801,,,,1310.0,16.11
17652,4,1248,13749.310749891654,9685.88093340801,,,,1308.0,16.1
17653,4,1249,13750.310749891654,9686.88093340801,,,,1308.0,16.091
17654,4,1250,13751.310749891654,9687.88093340801,,,,1306.0,16.082
17655,4,1251,13752.310749891654,9688.88093340801,,,,1304.0,16.073
17656,4,1252,13753.310749891654,9689.88093340801,,,,1303.0,16.063
17657,4,1253,13754.310749891654,9690.88093340801,,,,1300.0,16.051
17658,4,1254,13755.310749891654,9691.88093340801,,,,1298.0,16.04
17659,4,1255,13756.310749891654,9692.88093340801,,,,1296.0,16.028
17660,4,1256,13757.310749891654,9693.88093340801,,,,1295.0,16.017
17661,4,1257,13758.310749891654,9694.88093340801,,,,1295.0,16.005
17662,4,1258,13759.310749891654,9695.88093340801,,,,1294.0,15.995
17663,4,1259,13760.310749891654,9696.88093340801,,,,1293.0,15.983
17664,4,1260,13761.310749891654,9697.88093340801,,,,1291.0,15.972
17665,4,1261,13762.310749891654,9698.88093340801,,,,1289.0,15.959
17666,4,1262,13763.310749891654,9699.88093340801,,,,1288.0,15.946
17667,4,1263,13764.310749891654,9700.88093340801,,,,1287.0,15.934
17668,4,1264,13765.310749891654,9701.88093340801,,,,1287.0,15.922
17669,4,1265,13766.310749891654,9702.88093340801,,,,1286.0,15.911
17670,4,1266,13767.310749891654,9703.88093340801,,,,1285.0,15.9
17671,4,1267,13768.310749891654,9704.88093340801,,,,1282.0,15.889
17672,4,1268,13769.310749891654,9705.88093340801,,,,1281.0,15.878
17673,4,1269,13770.310749891654,9706.88093340801,,,,1280.0,15.867
17674,4,1270,13771.310749891654,9707.88093340801,,,,1279.0,15.856
17675,4,1271,13772.310749891654,9708.88093340801,,,,1280.0,15.845
17676,4,1272,13773.310749891654,9709.88093340801,,,,1281.0,15.832
17677,4,1273,13774.310749891654,9710.88093340801,,,,1282.0,15.82
17678,4,1274,13775.310749891654,9711.88093340801,,,,1284.0,15.809
17679,4,1275,13776.310749891654,9712.88093340801,,,,1285.0,15.799
17680,4,1276,13777.310749891654,9713.88093340801,,,,1286.0,15.79
17681,4,1277,13778.310749891654,9714.88093340801,,,,1286.0,15.784
17682,4,1278,13779.310749891654,9715.88093340801,,,,1285.0,15.78
17702,4,1298,13799.310749891654,9735.88093340801,,,,1288.0,15.77
17703,4,1299,13800.310749891654,9736.88093340801,,,,1290.0,15.761
17704,4,1300,13801.310749891654,9737.88093340801,,,,1290.0,15.753
17705,4,1301,13802.310749891654,9738.88093340801,,,,1290.0,15.747
17706,4,1302,13803.310749891654,9739.88093340801,,,,1291.0,15.739
17707,4,1303,13804.310749891654,9740.88093340801,,,,1289.0,15.73
17708,4,1304,13805.310749891654,9741.88093340801,,,,1290.0,15.723
17709,4,1305,13806.310749891654,9742.88093340801,,,,1290.0,15.715
17710,4,1306,13807.310749891654,9743.88093340801,,,,1291.0,15.709
17711,4,1307,13808.310749891654,9744.88093340801,,,,1292.0,15.702
17712,4,1308,13809.310749891654,9745.88093340801,,,,1292.0,15.699
17713,4,1309,13810.310749891654,9746.88093340801,,,,1292.0,15.695
17714,4,1310,13811.310749891654,9747.88093340801,,,,1291.0,15.693
17715,4,1311,13812.310749891654,9748.88093340801,,,,1290.0,15.689
17716,4,1312,13813.310749891654,9749.88093340801,,,,1289.0,15.683
17717,4,1313,13814.310749891654,9750.88093340801,,,,1288.0,15.677
17718,4,1314,13815.310749891654,9751.88093340801,,,,1287.0,15.669
17719,4,1315,13816.310749891654,9752.88093340801,,,,1287.0,15.662
17720,4,1316,13817.310749891654,9753.88093340801,,,,1286.0,15.654
17721,4,1317,13818.310749891654,9754.88093340801,,,,1286.0,15.646
17722,4,1318,13819.310749891654,9755.88093340801,,,,1286.0,15.637
17723,4,1319,13820.310749891654,9756.88093340801,,,,1285.0,15.627
17724,4,1320,13821.310749891654,9757.88093340801,,,,1284.0,15.617
17725,4,1321,13822.310749891654,9758.88093340801,,,,1284.0,15.608
17726,4,1322,13823.310749891654,9759.88093340801,,,,1284.0,15.6
17727,4,1323,13824.310749891654,9760.88093340801,,,,1284.0,15.593
17728,4,1324,13825.310749891654,9761.88093340801,,,,1283.0,15.585
17729,4,1325,13826.310749891654,9762.88093340801,,,,1282.0,15.579
17730,4,1326,13827.310749891654,9763.88093340801,,,,1280.0,15.572
17731,4,1327,13828.310749891654,9764.88093340801,,,,1278.0,15.566
17732,4,1328,13829.310749891654,9765.88093340801,,,,1277.0,15.558
17733,4,1329,13830.310749891654,9766.88093340801,,,,1275.0,15.551
17734,4,1330,13831.310749891654,9767.88093340801,,,,1274.0,15.543
17735,4,1331,13832.310749891654,9768.88093340801,,,,1274.0,15.536
17736,4,1332,13833.310749891654,9769.88093340801,,,,1272.0,15.527
17737,4,1333,13834.310749891654,9770.88093340801,,,,1271.0,15.518
17738,4,1334,13835.310749891654,9771.88093340801,,,,1269.0,15.509
17739,4,1335,13836.310749891654,9772.88093340801,,,,1268.0,15.499
17740,4,1336,13837.310749891654,9773.88093340801,,,,1266.0,15.489
17741,4,1337,13838.310749891654,9774.88093340801,,,,1265.0,15.477
17742,4,1338,13839.310749891654,9775.88093340801,,,,1265.0,15.467
17743,4,1339,13840.310749891654,9776.88093340801,,,,1264.0,15.457
17744,4,1340,13841.310749891654,9777.88093340801,,,,1262.0,15.448
17745,4,1341,13842.310749891654,9778.88093340801,,,,1261.0,15.438
17746,4,1342,13843.310749891654,9779.88093340801,,,,1259.0,15.428
17747,4,1343,13844.310749891654,9780.88093340801,,,,1258.0,15.417
17748,4,1344,13845.310749891654,9781.88093340801,,,,1256.0,15.406
17749,4,1345,13846.310749891654,9782.88093340801,,,,1255.0,15.396
17750,4,1346,13847.310749891654,9783.88093340801,,,,1254.0,15.387
17751,4,1347,13848.310749891654,9784.88093340801,,,,1253.0,15.377
17752,4,1348,13849.310749891654,9785.88093340801,,,,1252.0,15.366
17753,4,1349,13850.310749891654,9786.88093340801,,,,1251.0,15.356
17754,4,1350,13851.310749891654,9787.88093340801,,,,1250.0,15.346
17755,4,1351,13852.310749891654,9788.88093340801,,,,1249.0,15.336
17756,4,1352,13853.310749891654,9789.88093340801,,,,1248.0,15.325
17757,4,1353,13854.310749891654,9790.88093340801,,,,1248.0,15.315
17758,4,1354,13855.310749891654,9791.88093340801,,,,1247.0,15.305
17759,4,1355,13856.310749891654,9792.88093340801,,,,1247.0,15.293
17760,4,1356,13857.310749891654,9793.88093340801,,,,1245.0,15.283
17761,4,1357,13858.310749891654,9794.88093340801,,,,1244.0,15.273
17762,4,1358,13859.310749891654,9795.88093340801,,,,1243.0,15.264
17763,4,1359,13860.310749891654,9796.88093340801,,,,1241.0,15.253
17764,4,1360,13861.310749891654,9797.88093340801,,,,1241.0,15.243
17765,4,1361,13862.310749891654,9798.88093340801,,,,1240.0,15.233
17766,4,1362,13863.310749891654,9799.88093340801,,,,1239.0,15.223
17767,4,1363,13864.310749891654,9800.88093340801,,,,1237.0,15.212
17768,4,1364,13865.310749891654,9801.88093340801,,,,1237.0,15.202
17769,4,1365,13866.310749891654,9802.88093340801,,,,1236.0,15.192
17770,4,1366,13867.310749891654,9803.88093340801,,,,1235.0,15.182
17771,4,1367,13868.310749891654,9804.88093340801,,,,1235.0,15.173
17772,4,1368,13869.310749891654,9805.88093340801,,,,1235.0,15.164
17773,4,1369,13870.310749891654,9806.88093340801,,,,1234.0,15.155
17774,4,1370,13871.310749891654,9807.88093340801,,,,1233.0,15.146
17775,4,1371,13872.310749891654,9808.88093340801,,,,1232.0,15.136
17776,4,1372,13873.310749891654,9809.88093340801,,,,1231.0,15.126
17777,4,1373,13874.310749891654,9810.88093340801,,,,1230.0,15.116
17778,4,1374,13875.310749891654,9811.88093340801,,,,1230.0,15.107
17779,4,1375,13876.310749891654,9812.88093340801,,,,1229.0,15.098
17780,4,1376,13877.310749891654,9813.88093340801,,,,1228.0,15.089
17781,4,1377,13878.310749891654,9814.88093340801,,,,1226.0,15.08
17782,4,1378,13879.310749891654,9815.88093340801,,,,1224.0,15.072
17783,4,1379,13880.310749891654,9816.88093340801,,,,1222.0,15.063
17784,4,1380,13881.310749891654,9817.88093340801,,,,1222.0,15.053
17785,4,1381,13882.310749891654,9818.88093340801,,,,1221.0,15.043
17786,4,1382,13883.310749891654,9819.88093340801,,,,1221.0,15.034
17787,4,1383,13884.310749891654,9820.88093340801,,,,1220.0,15.025
17788,4,1384,13885.310749891654,9821.88093340801,,,,1219.0,15.016
17789,4,1385,13886.310749891654,9822.88093340801,,,,1218.0,15.006
17790,4,1386,13887.310749891654,9823.88093340801,,,,1217.0,14.996
17791,4,1387,13888.310749891654,9824.88093340801,,,,1216.0,14.986
17792,4,1388,13889.310749891654,9825.88093340801,,,,1216.0,14.977
17793,4,1389,13890.310749891654,9826.88093340801,,,,1215.0,14.968
17794,4,1390,13891.310749891654,9827.88093340801,,,,1216.0,14.959
17795,4,1391,13892.310749891654,9828.88093340801,,,,1215.0,14.949
17796,4,1392,13893.310749891654,9829.88093340801,,,,1213.0,14.939
17797,4,1393,13894.310749891654,9830.88093340801,,,,1213.0,14.929
17798,4,1394,13895.310749891654,9831.88093340801,,,,1212.0,14.919
17799,4,1395,13896.310749891654,9832.88093340801,,,,1211.0,14.909
17800,4,1396,13897.310749891654,9833.88093340801,,,,1211.0,14.9
17801,4,1397,13898.310749891654,9834.88093340801,,,,1211.0,14.891
17802,4,1398,13899.310749891654,9835.88093340801,,,,1210.0,14.881
17803,4,1399,13900.310749891654,9836.88093340801,,,,1209.0,14.871
17804,4,1400,13901.310749891654,9837.88093340801,,,,1208.0,14.861
17805,4,1401,13902.310749891654,9838.88093340801,,,,1207.0,14.851
17806,4,1402,13903.310749891654,9839.88093340801,,,,1206.0,14.841
17807,4,1403,13904.310749891654,9840.88093340801,,,,1206.0,14.832
17808,4,1404,13905.310749891654,9841.88093340801,,,,1205.0,14.822
17809,4,1405,13906.310749891654,9842.88093340801,,,,1205.0,14.812
17810,4,1406,13907.310749891654,9843.88093340801,,,,1204.0,14.802
17811,4,1407,13908.310749891654,9844.88093340801,,,,1203.0,14.792
17812,4,1408,13909.310749891654,9845.88093340801,,,,1202.0,14.781
17813,4,1409,13910.310749891654,9846.88093340801,,,,1201.0,14.771
17814,4,1410,13911.310749891654,9847.88093340801,,,,1200.0,14.761
17815,4,1411,13912.310749891654,9848.88093340801,,,,1199.0,14.752
17816,4,1412,13913.310749891654,9849.88093340801,,,,1198.0,14.742
17817,4,1413,13914.310749891654,9850.88093340801,,,,1197.0,14.731
17818,4,1414,13915.310749891654,9851.88093340801,,,,1197.0,14.721
17819,4,1415,13916.310749891654,9852.88093340801,,,,1196.0,14.711
17820,4,1416,13917.310749891654,9853.88093340801,,,,1195.0,14.7
17821,4,1417,13918.310749891654,9854.88093340801,,,,1194.0,14.69
17822,4,1418,13919.310749891654,9855.88093340801,,,,1193.0,14.68
17823,4,1419,13920.310749891654,9856.88093340801,,,,1192.0,14.67
17824,4,1420,13921.310749891654,9857.88093340801,,,,1191.0,14.66
17825,4,1421,13922.310749891654,9858.88093340801,,,,1191.0,14.649
17826,4,1422,13923.310749891654,9859.88093340801,,,,1190.0,14.639
17827,4,1423,13924.310749891654,9860.88093340801,,,,1189.0,14.629
17828,4,1424,13925.310749891654,9861.88093340801,,,,1187.0,14.619
17829,4,1425,13926.310749891654,9862.88093340801,,,,1186.0,14.607
17830,4,1426,13927.310749891654,9863.88093340801,,,,1186.0,14.597
17831,4,1427,13928.310749891654,9864.88093340801,,,,1185.0,14.587
17832,4,1428,13929.310749891654,9865.88093340801,,,,1184.0,14.578
17833,4,1429,13930.310749891654,9866.88093340801,,,,1183.0,14.57
17834,4,1430,13931.310749891654,9867.88093340801,,,,1182.0,14.561
17835,4,1431,13932.310749891654,9868.88093340801,,,,1179.0,14.552
17836,4,1432,13933.310749891654,9869.88093340801,,,,1178.0,14.541
17837,4,1433,13934.310749891654,9870.88093340801,,,,1177.0,14.531
17838,4,1434,13935.310749891654,9871.88093340801,,,,1176.0,14.52
17839,4,1435,13936.310749891654,9872.88093340801,,,,1177.0,14.511
17840,4,1436,13937.310749891654,9873.88093340801,,,,1176.0,14.501
17841,4,1437,13938.310749891654,9874.88093340801,,,,1175.0,14.492
17842,4,1438,13939.310749891654,9875.88093340801,,,,1174.0,14.482
17843,4,1439,13940.310749891654,9876.88093340801,,,,1173.0,14.472
17844,4,1440,13941.310749891654,9877.88093340801,,,,1172.0,14.464
17845,4,1441,13942.310749891654,9878.88093340801,,,,1172.0,14.455
17846,4,1442,13943.310749891654,9879.88093340801,,,,1172.0,14.447
17847,4,1443,13944.310749891654,9880.88093340801,,,,1172.0,14.439
17848,4,1444,13945.310749891654,9881.88093340801,,,,1171.0,14.432
17849,4,1445,13946.310749891654,9882.88093340801,,,,1170.0,14.425
17850,4,1446,13947.310749891654,9883.88093340801,,,,1170.0,14.418
17851,4,1447,13948.310749891654,9884.88093340801,,,,1169.0,14.411
17852,4,1448,13949.310749891654,9885.88093340801,,,,1169.0,14.404
17853,4,1449,13950.310749891654,9886.88093340801,,,,1168.0,14.398
17854,4,1450,13951.310749891654,9887.88093340801,,,,1167.0,14.392
17855,4,1451,13952.310749891654,9888.88093340801,,,,1167.0,14.387
17856,4,1452,13953.310749891654,9889.88093340801,,,,1166.0,14.381
17857,4,1453,13954.310749891654,9890.88093340801,,,,1166.0,14.375
17858,4,1454,13955.310749891654,9891.88093340801,,,,1165.0,14.368
17859,4,1455,13956.310749891654,9892.88093340801,,,,1164.0,14.361
17860,4,1456,13957.310749891654,9893.88093340801,,,,1163.0,14.354
17861,4,1457,13958.310749891654,9894.88093340801,,,,1161.0,14.348
17862,4,1458,13959.310749891654,9895.88093340801,,,,1161.0,14.344
17863,4,1459,13960.310749891654,9896.88093340801,,,,1160.0,14.34
17864,4,1460,13961.310749891654,9897.88093340801,,,,1160.0,14.335
17865,4,1461,13962.310749891654,9898.88093340801,,,,1159.0,14.331
17866,4,1462,13963.310749891654,9899.88093340801,,,,1159.0,14.327
17867,4,1463,13964.310749891654,9900.88093340801,,,,1159.0,14.323
17868,4,1464,13965.310749891654,9901.88093340801,,,,1158.0,14.319
17869,4,1465,13966.310749891654,9902.88093340801,,,,1157.0,14.315
17870,4,1466,13967.310749891654,9903.88093340801,,,,1156.0,14.308
17871,4,1467,13968.310749891654,9904.88093340801,,,,1156.0,14.302
17872,4,1468,13969.310749891654,9905.88093340801,,,,1156.0,14.296
17873,4,1469,13970.310749891654,9906.88093340801,,,,1157.0,14.29
17874,4,1470,13971.310749891654,9907.88093340801,,,,1157.0,14.284
17875,4,1471,13972.310749891654,9908.88093340801,,,,1157.0,14.278
17876,4,1472,13973.310749891654,9909.88093340801,,,,1156.0,14.271
17877,4,1473,13974.310749891654,9910.88093340801,,,,1155.0,14.263
17878,4,1474,13975.310749891654,9911.88093340801,,,,1154.0,14.256
17879,4,1475,13976.310749891654,9912.88093340801,,,,1153.0,14.247
17880,4,1476,13977.310749891654,9913.88093340801,,,,1151.0,14.24
17881,4,1477,13978.310749891654,9914.88093340801,,,,1150.0,14.231
17882,4,1478,13979.310749891654,9915.88093340801,,,,1149.0,14.224
17883,4,1479,13980.310749891654,9916.88093340801,,,,1147.0,14.217
17884,4,1480,13981.310749891654,9917.88093340801,,,,1146.0,14.21
17885,4,1481,13982.310749891654,9918.88093340801,,,,1145.0,14.203
17886,4,1482,13983.310749891654,9919.88093340801,,,,1143.0,14.195
17887,4,1483,13984.310749891654,9920.88093340801,,,,1142.0,14.188
17888,4,1484,13985.310749891654,9921.88093340801,,,,1140.0,14.181
17889,4,1485,13986.310749891654,9922.88093340801,,,,1140.0,14.173
17890,4,1486,13987.310749891654,9923.88093340801,,,,1139.0,14.166
17891,4,1487,13988.310749891654,9924.88093340801,,,,1139.0,14.16
17892,4,1488,13989.310749891654,9925.88093340801,,,,1139.0,14.153
17893,4,1489,13990.310749891654,9926.88093340801,,,,1140.0,14.147
17894,4,1490,13991.310749891654,9927.88093340801,,,,1140.0,14.14
17895,4,1491,13992.310749891654,9928.88093340801,,,,1140.0,14.133
17896,4,1492,13993.310749891654,9929.88093340801,,,,1140.0,14.128
17897,4,1493,13994.310749891654,9930.88093340801,,,,1140.0,14.122
17898,4,1494,13995.310749891654,9931.88093340801,,,,1141.0,14.116
17899,4,1495,13996.310749891654,9932.88093340801,,,,1142.0,14.111
17900,4,1496,13997.310749891654,9933.88093340801,,,,1141.0,14.107
17901,4,1497,13998.310749891654,9934.88093340801,,,,1141.0,14.103
17902,4,1498,13999.310749891654,9935.88093340801,,,,1140.0,14.097
17903,4,1499,14000.310749891654,9936.88093340801,,,,1140.0,14.093
17904,4,1500,14001.310749891654,9937.88093340801,,,,1139.0,14.087
17905,4,1501,14002.310749891654,9938.88093340801,,,,1139.0,14.083
17906,4,1502,14003.310749891654,9939.88093340801,,,,1137.0,14.077
17907,4,1503,14004.310749891654,9940.88093340801,,,,1136.0,14.071
17908,4,1504,14005.310749891654,9941.88093340801,,,,1134.0,14.066
17909,4,1505,14006.310749891654,9942.88093340801,,,,1133.0,14.06
17910,4,1506,14007.310749891654,9943.88093340801,,,,1132.0,14.053
17911,4,1507,14008.310749891654,9944.88093340801,,,,1132.0,14.048
17912,4,1508,14009.310749891654,9945.88093340801,,,,1133.0,14.042
17913,4,1509,14010.310749891654,9946.88093340801,,,,1132.0,14.037
17914,4,1510,14011.310749891654,9947.88093340801,,,,1132.0,14.032
17915,4,1511,14012.310749891654,9948.88093340801,,,,1131.0,14.027
17916,4,1512,14013.310749891654,9949.88093340801,,,,1131.0,14.021
17917,4,1513,14014.310749891654,9950.88093340801,,,,1130.0,14.015
17918,4,1514,14015.310749891654,9951.88093340801,,,,1130.0,14.009
17919,4,1515,14016.310749891654,9952.88093340801,,,,1130.0,14.005
17920,4,1516,14017.310749891654,9953.88093340801,,,,1130.0,14.001
17921,4,1517,14018.310749891654,9954.88093340801,,,,1130.0,13.996
17922,4,1518,14019.310749891654,9955.88093340801,,,,1129.0,13.992
17923,4,1519,14020.310749891654,9956.88093340801,,,,1128.0,13.988
17924,4,1520,14021.310749891654,9957.88093340801,,,,1127.0,13.985
17925,4,1521,14022.310749891654,9958.88093340801,,,,1125.0,13.983
17926,4,1522,14023.310749891654,9959.88093340801,,,,1125.0,13.981
17929,4,1525,14026.310749891654,9962.88093340801,,,,1123.0,13.98
17931,4,1527,14028.310749891654,9964.88093340801,,,,1120.0,13.979
17942,4,1538,14039.310749891654,9975.88093340801,,,,1114.0,13.978
17943,4,1539,14040.310749891654,9976.88093340801,,,,1113.0,13.976
17944,4,1540,14041.310749891654,9977.88093340801,,,,1112.0,13.975
17945,4,1541,14042.310749891654,9978.88093340801,,,,1111.0,13.973
17946,4,1542,14043.310749891654,9979.88093340801,,,,1110.0,13.971
17947,4,1543,14044.310749891654,9980.88093340801,,,,1110.0,13.969
17948,4,1544,14045.310749891654,9981.88093340801,,,,1110.0,13.966
17949,4,1545,14046.310749891654,9982.88093340801,,,,1111.0,13.964
17950,4,1546,14047.310749891654,9983.88093340801,,,,1110.0,13.96
17951,4,1547,14048.310749891654,9984.88093340801,,,,1110.0,13.957
17952,4,1548,14049.310749891654,9985.88093340801,,,,1109.0,13.953
17953,4,1549,14050.310749891654,9986.88093340801,,,,1109.0,13.95
17954,4,1550,14051.310749891654,9987.88093340801,,,,1109.0,13.946
17955,4,1551,14052.310749891654,9988.88093340801,,,,1107.0,13.944
17956,4,1552,14053.310749891654,9989.88093340801,,,,1105.0,13.94
17958,4,1554,14055.310749891654,9991.88093340801,,,,1099.0,13.938
17959,4,1555,14056.310749891654,9992.88093340801,,,,1098.0,13.937
17960,4,1556,14057.310749891654,9993.88093340801,,,,1097.0,13.936
17977,4,1573,14074.310749891654,10010.88093340801,,,,1073.0,13.935
17978,4,1574,14075.310749891654,10011.88093340801,,,,1072.0,13.934
17980,4,1576,14077.310749891654,10013.88093340801,,,,1068.0,13.933
17983,4,1579,14080.310749891654,10016.88093340801,,,,1063.0,13.932
18422,4,2018,14519.310749891654,10455.88093340801,,,,1199.0,13.923
18423,4,2019,14520.310749891654,10456.88093340801,,,,1199.0,13.911
18424,4,2020,14521.310749891654,10457.88093340801,,,,1199.0,13.9
18425,4,2021,14522.310749891654,10458.88093340801,,,,1199.0,13.888
18426,4,2022,14523.310749891654,10459.88093340801,,,,1198.0,13.877
18427,4,2023,14524.310749891654,10460.88093340801,,,,1198.0,13.865
18428,4,2024,14525.310749891654,10461.88093340801,,,,1197.0,13.853
18429,4,2025,14526.310749891654,10462.88093340801,,,,1197.0,13.84
18430,4,2026,14527.310749891654,10463.88093340801,,,,1197.0,13.827
18431,4,2027,14528.310749891654,10464.88093340801,,,,1197.0,13.816
18432,4,2028,14529.310749891654,10465.88093340801,,,,1198.0,13.806
18433,4,2029,14530.310749891654,10466.88093340801,,,,1197.0,13.797
18434,4,2030,14531.310749891654,10467.88093340801,,,,1194.0,13.786
18435,4,2031,14532.310749891654,10468.88093340801,,,,1193.0,13.775
18436,4,2032,14533.310749891654,10469.88093340801,,,,1189.0,13.763
18437,4,2033,14534.310749891654,10470.88093340801,,,,1187.0,13.75
18438,4,2034,14535.310749891654,10471.88093340801,,,,1184.0,13.737
18439,4,2035,14536.310749891654,10472.88093340801,,,,1184.0,13.725
18440,4,2036,14537.310749891654,10473.88093340801,,,,1182.0,13.715
18441,4,2037,14538.310749891654,10474.88093340801,,,,1182.0,13.704
18442,4,2038,14539.310749891654,10475.88093340801,,,,1179.0,13.693
18443,4,2039,14540.310749891654,10476.88093340801,,,,1176.0,13.681
18444,4,2040,14541.310749891654,10477.88093340801,,,,1174.0,13.667
18445,4,2041,14542.310749891654,10478.88093340801,,,,1172.0,13.654
18446,4,2042,14543.310749891654,10479.88093340801,,,,1170.0,13.642
18447,4,2043,14544.310749891654,10480.88093340801,,,,1170.0,13.629
18448,4,2044,14545.310749891654,10481.88093340801,,,,1169.0,13.619
18449,4,2045,14546.310749891654,10482.88093340801,,,,1168.0,13.606
18450,4,2046,14547.310749891654,10483.88093340801,,,,1167.0,13.595
18451,4,2047,14548.310749891654,10484.88093340801,,,,1166.0,13.583
18452,4,2048,14549.310749891654,10485.88093340801,,,,1164.0,13.571
18453,4,2049,14550.310749891654,10486.88093340801,,,,1163.0,13.56
18454,4,2050,14551.310749891654,10487.88093340801,,,,1161.0,13.548
18455,4,2051,14552.310749891654,10488.88093340801,,,,1158.0,13.536
18456,4,2052,14553.310749891654,10489.88093340801,,,,1156.0,13.523
18457,4,2053,14554.310749891654,10490.88093340801,,,,1154.0,13.51
18458,4,2054,14555.310749891654,10491.88093340801,,,,1152.0,13.497
18459,4,2055,14556.310749891654,10492.88093340801,,,,1151.0,13.484
18460,4,2056,14557.310749891654,10493.88093340801,,,,1149.0,13.472
18461,4,2057,14558.310749891654,10494.88093340801,,,,1147.0,13.459
18462,4,2058,14559.310749891654,10495.88093340801,,,,1145.0,13.446
18463,4,2059,14560.310749891654,10496.88093340801,,,,1143.0,13.433
18464,4,2060,14561.310749891654,10497.88093340801,,,,1142.0,13.42
18465,4,2061,14562.310749891654,10498.88093340801,,,,1141.0,13.407
18466,4,2062,14563.310749891654,10499.88093340801,,,,1140.0,13.395
18467,4,2063,14564.310749891654,10500.88093340801,,,,1140.0,13.383
18468,4,2064,14565.310749891654,10501.88093340801,,,,1138.0,13.371
18469,4,2065,14566.310749891654,10502.88093340801,,,,1136.0,13.358
18470,4,2066,14567.310749891654,10503.88093340801,,,,1135.0,13.343
18471,4,2067,14568.310749891654,10504.88093340801,,,,1135.0,13.33
18472,4,2068,14569.310749891654,10505.88093340801,,,,1134.0,13.317
18473,4,2069,14570.310749891654,10506.88093340801,,,,1132.0,13.304
18474,4,2070,14571.310749891654,10507.88093340801,,,,1132.0,13.29
18475,4,2071,14572.310749891654,10508.88093340801,,,,1132.0,13.277
18476,4,2072,14573.310749891654,10509.88093340801,,,,1131.0,13.265
18477,4,2073,14574.310749891654,10510.88093340801,,,,1131.0,13.252
18478,4,2074,14575.310749891654,10511.88093340801,,,,1129.0,13.241
18479,4,2075,14576.310749891654,10512.88093340801,,,,1128.0,13.228
18480,4,2076,14577.310749891654,10513.88093340801,,,,1127.0,13.215
18481,4,2077,14578.310749891654,10514.88093340801,,,,1126.0,13.201
18482,4,2078,14579.310749891654,10515.88093340801,,,,1125.0,13.188
18483,4,2079,14580.310749891654,10516.88093340801,,,,1124.0,13.176
18484,4,2080,14581.310749891654,10517.88093340801,,,,1123.0,13.164
18485,4,2081,14582.310749891654,10518.88093340801,,,,1122.0,13.152
18486,4,2082,14583.310749891654,10519.88093340801,,,,1121.0,13.141
18487,4,2083,14584.310749891654,10520.88093340801,,,,1119.0,13.129
18488,4,2084,14585.310749891654,10521.88093340801,,,,1117.0,13.117
18489,4,2085,14586.310749891654,10522.88093340801,,,,1114.0,13.104
18490,4,2086,14587.310749891654,10523.88093340801,,,,1112.0,13.092
18491,4,2087,14588.310749891654,10524.88093340801,,,,1111.0,13.079
18492,4,2088,14589.310749891654,10525.88093340801,,,,1109.0,13.068
18493,4,2089,14590.310749891654,10526.88093340801,,,,1108.0,13.055
18494,4,2090,14591.310749891654,10527.88093340801,,,,1106.0,13.043
18495,4,2091,14592.310749891654,10528.88093340801,,,,1105.0,13.031
18496,4,2092,14593.310749891654,10529.88093340801,,,,1103.0,13.018
18497,4,2093,14594.310749891654,10530.88093340801,,,,1102.0,13.007
18498,4,2094,14595.310749891654,10531.88093340801,,,,1100.0,12.994
18499,4,2095,14596.310749891654,10532.88093340801,,,,1098.0,12.981
18500,4,2096,14597.310749891654,10533.88093340801,,,,1096.0,12.969
18501,4,2097,14598.310749891654,10534.88093340801,,,,1095.0,12.956
18502,4,2098,14599.310749891654,10535.88093340801,,,,1093.0,12.945
18503,4,2099,14600.310749891654,10536.88093340801,,,,1091.0,12.932
18504,4,2100,14601.310749891654,10537.88093340801,,,,1089.0,12.921
18505,4,2101,14602.310749891654,10538.88093340801,,,,1088.0,12.908
18506,4,2102,14603.310749891654,10539.88093340801,,,,1087.0,12.895
18507,4,2103,14604.310749891654,10540.88093340801,,,,1085.0,12.884
18508,4,2104,14605.310749891654,10541.88093340801,,,,1084.0,12.872
18509,4,2105,14606.310749891654,10542.88093340801,,,,1083.0,12.86
18510,4,2106,14607.310749891654,10543.88093340801,,,,1081.0,12.848
18511,4,2107,14608.310749891654,10544.88093340801,,,,1079.0,12.837
18512,4,2108,14609.310749891654,10545.88093340801,,,,1078.0,12.824
18513,4,2109,14610.310749891654,10546.88093340801,,,,1076.0,12.813
18514,4,2110,14611.310749891654,10547.88093340801,,,,1073.0,12.8
18515,4,2111,14612.310749891654,10548.88093340801,,,,1072.0,12.789
18516,4,2112,14613.310749891654,10549.88093340801,,,,1070.0,12.777
18517,4,2113,14614.310749891654,10550.88093340801,,,,1068.0,12.765
18518,4,2114,14615.310749891654,10551.88093340801,,,,1067.0,12.754
18519,4,2115,14616.310749891654,10552.88093340801,,,,1066.0,12.741
18520,4,2116,14617.310749891654,10553.88093340801,,,,1064.0,12.729
18521,4,2117,14618.310749891654,10554.88093340801,,,,1062.0,12.717
18522,4,2118,14619.310749891654,10555.88093340801,,,,1061.0,12.705
18523,4,2119,14620.310749891654,10556.88093340801,,,,1060.0,12.694
18524,4,2120,14621.310749891654,10557.88093340801,,,,1060.0,12.682
18525,4,2121,14622.310749891654,10558.88093340801,,,,1059.0,12.672
18526,4,2122,14623.310749891654,10559.88093340801,,,,1058.0,12.66
18527,4,2123,14624.310749891654,10560.88093340801,,,,1056.0,12.649
18528,4,2124,14625.310749891654,10561.88093340801,,,,1055.0,12.638
18529,4,2125,14626.310749891654,10562.88093340801,,,,1053.0,12.626
18530,4,2126,14627.310749891654,10563.88093340801,,,,1052.0,12.615
18531,4,2127,14628.310749891654,10564.88093340801,,,,1051.0,12.603
18532,4,2128,14629.310749891654,10565.88093340801,,,,1050.0,12.593
18533,4,2129,14630.310749891654,10566.88093340801,,,,1049.0,12.582
18534,4,2130,14631.310749891654,10567.88093340801,,,,1048.0,12.571
18535,4,2131,14632.310749891654,10568.88093340801,,,,1046.0,12.561
18536,4,2132,14633.310749891654,10569.88093340801,,,,1045.0,12.55
18537,4,2133,14634.310749891654,10570.88093340801,,,,1043.0,12.538
18538,4,2134,14635.310749891654,10571.88093340801,,,,1041.0,12.525
18539,4,2135,14636.310749891654,10572.88093340801,,,,1040.0,12.513
18540,4,2136,14637.310749891654,10573.88093340801,,,,1039.0,12.503
18541,4,2137,14638.310749891654,10574.88093340801,,,,1038.0,12.491
18542,4,2138,14639.310749891654,10575.88093340801,,,,1037.0,12.48
18543,4,2139,14640.310749891654,10576.88093340801,,,,1034.0,12.469
18544,4,2140,14641.310749891654,10577.88093340801,,,,1033.0,12.457
18545,4,2141,14642.310749891654,10578.88093340801,,,,1031.0,12.447
18546,4,2142,14643.310749891654,10579.88093340801,,,,1030.0,12.434
18547,4,2143,14644.310749891654,10580.88093340801,,,,1029.0,12.423
18548,4,2144,14645.310749891654,10581.88093340801,,,,1027.0,12.413
18549,4,2145,14646.310749891654,10582.88093340801,,,,1025.0,12.4
18550,4,2146,14647.310749891654,10583.88093340801,,,,1025.0,12.389
18551,4,2147,14648.310749891654,10584.88093340801,,,,1023.0,12.378
18552,4,2148,14649.310749891654,10585.88093340801,,,,1021.0,12.367
18553,4,2149,14650.310749891654,10586.88093340801,,,,1020.0,12.356
18554,4,2150,14651.310749891654,10587.88093340801,,,,1017.0,12.343
18555,4,2151,14652.310749891654,10588.88093340801,,,,1016.0,12.332
18556,4,2152,14653.310749891654,10589.88093340801,,,,1013.0,12.319
18557,4,2153,14654.310749891654,10590.88093340801,,,,1011.0,12.307
18558,4,2154,14655.310749891654,10591.88093340801,,,,1011.0,12.296
18559,4,2155,14656.310749891654,10592.88093340801,,,,1009.0,12.284
18560,4,2156,14657.310749891654,10593.88093340801,,,,1007.0,12.272
18561,4,2157,14658.310749891654,10594.88093340801,,,,1005.0,12.26
18562,4,2158,14659.310749891654,10595.88093340801,,,,1003.0,12.248
18563,4,2159,14660.310749891654,10596.88093340801,,,,1001.0,12.235
18564,4,2160,14661.310749891654,10597.88093340801,,,,999.0,12.223
18565,4,2161,14662.310749891654,10598.88093340801,,,,997.0,12.211
18566,4,2162,14663.310749891654,10599.88093340801,,,,996.0,12.197
18567,4,2163,14664.310749891654,10600.88093340801,,,,995.0,12.186
18568,4,2164,14665.310749891654,10601.88093340801,,,,995.0,12.176
18569,4,2165,14666.310749891654,10602.88093340801,,,,994.0,12.163
18570,4,2166,14667.310749891654,10603.88093340801,,,,992.0,12.153
18571,4,2167,14668.310749891654,10604.88093340801,,,,990.0,12.141
18572,4,2168,14669.310749891654,10605.88093340801,,,,989.0,12.127
18573,4,2169,14670.310749891654,10606.88093340801,,,,987.0,12.115
18574,4,2170,14671.310749891654,10607.88093340801,,,,988.0,12.105
18575,4,2171,14672.310749891654,10608.88093340801,,,,988.0,12.096
18576,4,2172,14673.310749891654,10609.88093340801,,,,988.0,12.087
18577,4,2173,14674.310749891654,10610.88093340801,,,,988.0,12.077
18578,4,2174,14675.310749891654,10611.88093340801,,,,987.0,12.068
18579,4,2175,14676.310749891654,10612.88093340801,,,,986.0,12.057
18580,4,2176,14677.310749891654,10613.88093340801,,,,985.0,12.045
18581,4,2177,14678.310749891654,10614.88093340801,,,,985.0,12.034
18582,4,2178,14679.310749891654,10615.88093340801,,,,984.0,12.021
18583,4,2179,14680.310749891654,10616.88093340801,,,,985.0,12.011
18584,4,2180,14681.310749891654,10617.88093340801,,,,985.0,12.0
18585,4,2181,14682.310749891654,10618.88093340801,,,,986.0,11.989
18586,4,2182,14683.310749891654,10619.88093340801,,,,987.0,11.981
18587,4,2183,14684.310749891654,10620.88093340801,,,,988.0,11.971
18588,4,2184,14685.310749891654,10621.88093340801,,,,988.0,11.963
18589,4,2185,14686.310749891654,10622.88093340801,,,,987.0,11.953
18590,4,2186,14687.310749891654,10623.88093340801,,,,987.0,11.945
18591,4,2187,14688.310749891654,10624.88093340801,,,,988.0,11.937
18592,4,2188,14689.310749891654,10625.88093340801,,,,989.0,11.929
18593,4,2189,14690.310749891654,10626.88093340801,,,,989.0,11.922
18594,4,2190,14691.310749891654,10627.88093340801,,,,988.0,11.914
18595,4,2191,14692.310749891654,10628.88093340801,,,,987.0,11.905
18596,4,2192,14693.310749891654,10629.88093340801,,,,986.0,11.894
18597,4,2193,14694.310749891654,10630.88093340801,,,,986.0,11.884
18598,4,2194,14695.310749891654,10631.88093340801,,,,987.0,11.875
18599,4,2195,14696.310749891654,10632.88093340801,,,,987.0,11.868
18600,4,2196,14697.310749891654,10633.88093340801,,,,987.0,11.861
18601,4,2197,14698.310749891654,10634.88093340801,,,,986.0,11.854
18602,4,2198,14699.310749891654,10635.88093340801,,,,985.0,11.845
18603,4,2199,14700.310749891654,10636.88093340801,,,,984.0,11.836
18604,4,2200,14701.310749891654,10637.88093340801,,,,982.0,11.827
18605,4,2201,14702.310749891654,10638.88093340801,,,,982.0,11.819
18606,4,2202,14703.310749891654,10639.88093340801,,,,981.0,11.81
18607,4,2203,14704.310749891654,10640.88093340801,,,,981.0,11.802
18608,4,2204,14705.310749891654,10641.88093340801,,,,980.0,11.794
18609,4,2205,14706.310749891654,10642.88093340801,,,,981.0,11.786
18610,4,2206,14707.310749891654,10643.88093340801,,,,980.0,11.779
18611,4,2207,14708.310749891654,10644.88093340801,,,,980.0,11.769
18612,4,2208,14709.310749891654,10645.88093340801,,,,979.0,11.762
18613,4,2209,14710.310749891654,10646.88093340801,,,,978.0,11.754
18614,4,2210,14711.310749891654,10647.88093340801,,,,977.0,11.746
18615,4,2211,14712.310749891654,10648.88093340801,,,,977.0,11.738
18616,4,2212,14713.310749891654,10649.88093340801,,,,978.0,11.732
18617,4,2213,14714.310749891654,10650.88093340801,,,,979.0,11.727
18618,4,2214,14715.310749891654,10651.88093340801,,,,979.0,11.721
18619,4,2215,14716.310749891654,10652.88093340801,,,,980.0,11.715
18620,4,2216,14717.310749891654,10653.88093340801,,,,980.0,11.708
18621,4,2217,14718.310749891654,10654.88093340801,,,,979.0,11.702
18622,4,2218,14719.310749891654,10655.88093340801,,,,979.0,11.697
18623,4,2219,14720.310749891654,10656.88093340801,,,,979.0,11.694
18624,4,2220,14721.310749891654,10657.88093340801,,,,979.0,11.691
18659,4,2255,14756.310749891654,10692.88093340801,,,,979.0,11.688
18660,4,2256,14757.310749891654,10693.88093340801,,,,978.0,11.681
18661,4,2257,14758.310749891654,10694.88093340801,,,,977.0,11.675
18662,4,2258,14759.310749891654,10695.88093340801,,,,976.0,11.668
18663,4,2259,14760.310749891654,10696.88093340801,,,,974.0,11.66
18664,4,2260,14761.310749891654,10697.88093340801,,,,974.0,11.654
18665,4,2261,14762.310749891654,10698.88093340801,,,,974.0,11.646
18666,4,2262,14763.310749891654,10699.88093340801,,,,973.0,11.639
18667,4,2263,14764.310749891654,10700.88093340801,,,,972.0,11.632
18668,4,2264,14765.310749891654,10701.88093340801,,,,971.0,11.625
18669,4,2265,14766.310749891654,10702.88093340801,,,,970.0,11.617
18670,4,2266,14767.310749891654,10703.88093340801,,,,969.0,11.609
18671,4,2267,14768.310749891654,10704.88093340801,,,,968.0,11.602
18672,4,2268,14769.310749891654,10705.88093340801,,,,968.0,11.595
18673,4,2269,14770.310749891654,10706.88093340801,,,,969.0,11.589
18674,4,2270,14771.310749891654,10707.88093340801,,,,969.0,11.584
18675,4,2271,14772.310749891654,10708.88093340801,,,,971.0,11.578
18676,4,2272,14773.310749891654,10709.88093340801,,,,970.0,11.571
18677,4,2273,14774.310749891654,10710.88093340801,,,,970.0,11.564
18678,4,2274,14775.310749891654,10711.88093340801,,,,969.0,11.556
18679,4,2275,14776.310749891654,10712.88093340801,,,,969.0,11.549
18680,4,2276,14777.310749891654,10713.88093340801,,,,969.0,11.543
18681,4,2277,14778.310749891654,10714.88093340801,,,,971.0,11.538
18682,4,2278,14779.310749891654,10715.88093340801,,,,971.0,11.533
18683,4,2279,14780.310749891654,10716.88093340801,,,,972.0,11.527
18684,4,2280,14781.310749891654,10717.88093340801,,,,972.0,11.522
18685,4,2281,14782.310749891654,10718.88093340801,,,,972.0,11.516
18686,4,2282,14783.310749891654,10719.88093340801,,,,970.0,11.509
18687,4,2283,14784.310749891654,10720.88093340801,,,,971.0,11.503
18688,4,2284,14785.310749891654,10721.88093340801,,,,972.0,11.497
18689,4,2285,14786.310749891654,10722.88093340801,,,,973.0,11.493
18690,4,2286,14787.310749891654,10723.88093340801,,,,974.0,11.489
18691,4,2287,14788.310749891654,10724.88093340801,,,,974.0,11.484
18692,4,2288,14789.310749891654,10725.88093340801,,,,974.0,11.478
18693,4,2289,14790.310749891654,10726.88093340801,,,,973.0,11.471
18694,4,2290,14791.310749891654,10727.88093340801,,,,972.0,11.464
18695,4,2291,14792.310749891654,10728.88093340801,,,,973.0,11.456
18696,4,2292,14793.310749891654,10729.88093340801,,,,973.0,11.45
18697,4,2293,14794.310749891654,10730.88093340801,,,,972.0,11.443
18698,4,2294,14795.310749891654,10731.88093340801,,,,972.0,11.437
18699,4,2295,14796.310749891654,10732.88093340801,,,,971.0,11.428
18700,4,2296,14797.310749891654,10733.88093340801,,,,970.0,11.42
18701,4,2297,14798.310749891654,10734.88093340801,,,,969.0,11.412
18702,4,2298,14799.310749891654,10735.88093340801,,,,970.0,11.404
18703,4,2299,14800.310749891654,10736.88093340801,,,,970.0,11.394
18704,4,2300,14801.310749891654,10737.88093340801,,,,972.0,11.385
18705,4,2301,14802.310749891654,10738.88093340801,,,,973.0,11.374
18706,4,2302,14803.310749891654,10739.88093340801,,,,975.0,11.366
18707,4,2303,14804.310749891654,10740.88093340801,,,,975.0,11.356
18708,4,2304,14805.310749891654,10741.88093340801,,,,975.0,11.346
18709,4,2305,14806.310749891654,10742.88093340801,,,,976.0,11.337
18710,4,2306,14807.310749891654,10743.88093340801,,,,976.0,11.325
18711,4,2307,14808.310749891654,10744.88093340801,,,,977.0,11.316
18712,4,2308,14809.310749891654,10745.88093340801,,,,977.0,11.307
18713,4,2309,14810.310749891654,10746.88093340801,,,,977.0,11.301
18714,4,2310,14811.310749891654,10747.88093340801,,,,978.0,11.296
18715,4,2311,14812.310749891654,10748.88093340801,,,,978.0,11.292
18716,4,2312,14813.310749891654,10749.88093340801,,,,979.0,11.29
18738,4,2334,14835.310749891654,10771.88093340801,,,,986.0,11.286
18739,4,2335,14836.310749891654,10772.88093340801,,,,986.0,11.276
18740,4,2336,14837.310749891654,10773.88093340801,,,,987.0,11.27
18741,4,2337,14838.310749891654,10774.88093340801,,,,988.0,11.268
18766,4,2362,14863.310749891654,10799.88093340801,,,,996.0,11.267
18887,4,2483,14984.310749891654,10920.88093340801,,,,961.0,11.264
18888,4,2484,14985.310749891654,10921.88093340801,,,,959.0,11.257
18889,4,2485,14986.310749891654,10922.88093340801,,,,958.0,11.249
18890,4,2486,14987.310749891654,10923.88093340801,,,,956.0,11.241
18891,4,2487,14988.310749891654,10924.88093340801,,,,953.0,11.235
18892,4,2488,14989.310749891654,10925.88093340801,,,,953.0,11.227
18893,4,2489,14990.310749891654,10926.88093340801,,,,952.0,11.221
18894,4,2490,14991.310749891654,10927.88093340801,,,,952.0,11.214
18895,4,2491,14992.310749891654,10928.88093340801,,,,951.0,11.207
18896,4,2492,14993.310749891654,10929.88093340801,,,,952.0,11.2
18897,4,2493,14994.310749891654,10930.88093340801,,,,952.0,11.196
18898,4,2494,14995.310749891654,10931.88093340801,,,,953.0,11.192
18899,4,2495,14996.310749891654,10932.88093340801,,,,955.0,11.187
18900,4,2496,14997.310749891654,10933.88093340801,,,,957.0,11.181
18901,4,2497,14998.310749891654,10934.88093340801,,,,958.0,11.175
18902,4,2498,14999.310749891654,10935.88093340801,,,,960.0,11.168
18903,4,2499,15000.310749891654,10936.88093340801,,,,962.0,11.159
18904,4,2500,15001.310749891654,10937.88093340801,,,,964.0,11.152
18905,4,2501,15002.310749891654,10938.88093340801,,,,965.0,11.143
18906,4,2502,15003.310749891654,10939.88093340801,,,,966.0,11.134
18907,4,2503,15004.310749891654,10940.88093340801,,,,967.0,11.127
18908,4,2504,15005.310749891654,10941.88093340801,,,,967.0,11.124
18924,4,2520,15021.310749891654,10957.88093340801,,,,981.0,11.117
18925,4,2521,15022.310749891654,10958.88093340801,,,,982.0,11.109
18926,4,2522,15023.310749891654,10959.88093340801,,,,984.0,11.101
18927,4,2523,15024.310749891654,10960.88093340801,,,,985.0,11.097
18945,4,2541,15042.310749891654,10978.88093340801,,,,997.0,11.094
18946,4,2542,15043.310749891654,10979.88093340801,,,,998.0,11.088
18947,4,2543,15044.310749891654,10980.88093340801,,,,999.0,11.084
18967,4,2563,15064.310749891654,11000.88093340801,,,,1010.0,11.079
18968,4,2564,15065.310749891654,11001.88093340801,,,,1011.0,11.071
18969,4,2565,15066.310749891654,11002.88093340801,,,,1012.0,11.067
18970,4,2566,15067.310749891654,11003.88093340801,,,,1011.0,11.066
19017,4,2613,15114.310749891654,11050.88093340801,,,,1023.0,11.064
19018,4,2614,15115.310749891654,11051.88093340801,,,,1024.0,11.056
19019,4,2615,15116.310749891654,11052.88093340801,,,,1025.0,11.048
19020,4,2616,15117.310749891654,11053.88093340801,,,,1026.0,11.044
19021,4,2617,15118.310749891654,11054.88093340801,,,,1026.0,11.041
19075,4,2671,15172.310749891654,11108.88093340801,,,,1042.0,11.039
19076,4,2672,15173.310749891654,11109.88093340801,,,,1044.0,11.037
19249,4,2845,15346.310749891654,11282.88093340801,,,,1071.0,11.035
19250,4,2846,15347.310749891654,11283.88093340801,,,,1072.0,11.034
19273,4,2869,15370.310749891654,11306.88093340801,,,,1086.0,11.03
19274,4,2870,15371.310749891654,11307.88093340801,,,,1087.0,11.027
19553,4,3149,15650.310749891654,11586.88093340801,,,,1119.0,11.017
19554,4,3150,15651.310749891654,11587.88093340801,,,,1118.0,11.008
19555,4,3151,15652.310749891654,11588.88093340801,,,,1119.0,10.997
19556,4,3152,15653.310749891654,11589.88093340801,,,,1119.0,10.989
19557,4,3153,15654.310749891654,11590.88093340801,,,,1118.0,10.98
19558,4,3154,15655.310749891654,11591.88093340801,,,,1119.0,10.972
19559,4,3155,15656.310749891654,11592.88093340801,,,,1118.0,10.965
19560,4,3156,15657.310749891654,11593.88093340801,,,,1118.0,10.956
19561,4,3157,15658.310749891654,11594.88093340801,,,,1116.0,10.946
19562,4,3158,15659.310749891654,11595.88093340801,,,,1113.0,10.936
19563,4,3159,15660.310749891654,11596.88093340801,,,,1111.0,10.923
19564,4,3160,15661.310749891654,11597.88093340801,,,,1110.0,10.913
19565,4,3161,15662.310749891654,11598.88093340801,,,,1109.0,10.901
19566,4,3162,15663.310749891654,11599.88093340801,,,,1108.0,10.891
19567,4,3163,15664.310749891654,11600.88093340801,,,,1108.0,10.881
19568,4,3164,15665.310749891654,11601.88093340801,,,,1106.0,10.869
19569,4,3165,15666.310749891654,11602.88093340801,,,,1106.0,10.859
19570,4,3166,15667.310749891654,11603.88093340801,,,,1105.0,10.848
19571,4,3167,15668.310749891654,11604.88093340801,,,,1104.0,10.838
19572,4,3168,15669.310749891654,11605.88093340801,,,,1103.0,10.828
19573,4,3169,15670.310749891654,11606.88093340801,,,,1102.0,10.817
19574,4,3170,15671.310749891654,11607.88093340801,,,,1101.0,10.806
19575,4,3171,15672.310749891654,11608.88093340801,,,,1100.0,10.796
19576,4,3172,15673.310749891654,11609.88093340801,,,,1100.0,10.785
19577,4,3173,15674.310749891654,11610.88093340801,,,,1099.0,10.776
19578,4,3174,15675.310749891654,11611.88093340801,,,,1098.0,10.767
19579,4,3175,15676.310749891654,11612.88093340801,,,,1096.0,10.757
19580,4,3176,15677.310749891654,11613.88093340801,,,,1095.0,10.747
19581,4,3177,15678.310749891654,11614.88093340801,,,,1094.0,10.736
19582,4,3178,15679.310749891654,11615.88093340801,,,,1093.0,10.723
19583,4,3179,15680.310749891654,11616.88093340801,,,,1093.0,10.713
19584,4,3180,15681.310749891654,11617.88093340801,,,,1093.0,10.702
19585,4,3181,15682.310749891654,11618.88093340801,,,,1093.0,10.691
19586,4,3182,15683.310749891654,11619.88093340801,,,,1093.0,10.682
19587,4,3183,15684.310749891654,11620.88093340801,,,,1092.0,10.673
19588,4,3184,15685.310749891654,11621.88093340801,,,,1091.0,10.661
19589,4,3185,15686.310749891654,11622.88093340801,,,,1090.0,10.65
19590,4,3186,15687.310749891654,11623.88093340801,,,,1090.0,10.639
19591,4,3187,15688.310749891654,11624.88093340801,,,,1089.0,10.628
19592,4,3188,15689.310749891654,11625.88093340801,,,,1090.0,10.619
19593,4,3189,15690.310749891654,11626.88093340801,,,,1089.0,10.61
19594,4,3190,15691.310749891654,11627.88093340801,,,,1088.0,10.599
19595,4,3191,15692.310749891654,11628.88093340801,,,,1087.0,10.59
19596,4,3192,15693.310749891654,11629.88093340801,,,,1085.0,10.578
19597,4,3193,15694.310749891654,11630.88093340801,,,,1084.0,10.566
19598,4,3194,15695.310749891654,11631.88093340801,,,,1084.0,10.555
19599,4,3195,15696.310749891654,11632.88093340801,,,,1084.0,10.546
19600,4,3196,15697.310749891654,11633.88093340801,,,,1084.0,10.537
19601,4,3197,15698.310749891654,11634.88093340801,,,,1083.0,10.527
19602,4,3198,15699.310749891654,11635.88093340801,,,,1081.0,10.517
19603,4,3199,15700.310749891654,11636.88093340801,,,,1081.0,10.506
19604,4,3200,15701.310749891654,11637.88093340801,,,,1079.0,10.495
19605,4,3201,15702.310749891654,11638.88093340801,,,,1079.0,10.483
19606,4,3202,15703.310749891654,11639.88093340801,,,,1079.0,10.474
19607,4,3203,15704.310749891654,11640.88093340801,,,,1079.0,10.464
19608,4,3204,15705.310749891654,11641.88093340801,,,,1078.0,10.455
19609,4,3205,15706.310749891654,11642.88093340801,,,,1077.0,10.445
19610,4,3206,15707.310749891654,11643.88093340801,,,,1076.0,10.435
19611,4,3207,15708.310749891654,11644.88093340801,,,,1076.0,10.424
19612,4,3208,15709.310749891654,11645.88093340801,,,,1075.0,10.413
19613,4,3209,15710.310749891654,11646.88093340801,,,,1074.0,10.404
19614,4,3210,15711.310749891654,11647.88093340801,,,,1074.0,10.395
19615,4,3211,15712.310749891654,11648.88093340801,,,,1073.0,10.386
19616,4,3212,15713.310749891654,11649.88093340801,,,,1072.0,10.375
19617,4,3213,15714.310749891654,11650.88093340801,,,,1072.0,10.364
19618,4,3214,15715.310749891654,11651.88093340801,,,,1071.0,10.354
19619,4,3215,15716.310749891654,11652.88093340801,,,,1070.0,10.343
19620,4,3216,15717.310749891654,11653.88093340801,,,,1070.0,10.333
19621,4,3217,15718.310749891654,11654.88093340801,,,,1069.0,10.324
19622,4,3218,15719.310749891654,11655.88093340801,,,,1068.0,10.312
19623,4,3219,15720.310749891654,11656.88093340801,,,,1067.0,10.301
19624,4,3220,15721.310749891654,11657.88093340801,,,,1067.0,10.289
19625,4,3221,15722.310749891654,11658.88093340801,,,,1066.0,10.279
19626,4,3222,15723.310749891654,11659.88093340801,,,,1066.0,10.27
19627,4,3223,15724.310749891654,11660.88093340801,,,,1066.0,10.259
19628,4,3224,15725.310749891654,11661.88093340801,,,,1065.0,10.25
19629,4,3225,15726.310749891654,11662.88093340801,,,,1064.0,10.24
19630,4,3226,15727.310749891654,11663.88093340801,,,,1063.0,10.229
19631,4,3227,15728.310749891654,11664.88093340801,,,,1062.0,10.218
19632,4,3228,15729.310749891654,11665.88093340801,,,,1060.0,10.207
19633,4,3229,15730.310749891654,11666.88093340801,,,,1060.0,10.197
19634,4,3230,15731.310749891654,11667.88093340801,,,,1059.0,10.187
19635,4,3231,15732.310749891654,11668.88093340801,,,,1057.0,10.177
19636,4,3232,15733.310749891654,11669.88093340801,,,,1056.0,10.167
19637,4,3233,15734.310749891654,11670.88093340801,,,,1055.0,10.157
19638,4,3234,15735.310749891654,11671.88093340801,,,,1054.0,10.147
19639,4,3235,15736.310749891654,11672.88093340801,,,,1053.0,10.136
19640,4,3236,15737.310749891654,11673.88093340801,,,,1052.0,10.125
19641,4,3237,15738.310749891654,11674.88093340801,,,,1051.0,10.115
19642,4,3238,15739.310749891654,11675.88093340801,,,,1050.0,10.107
19643,4,3239,15740.310749891654,11676.88093340801,,,,1048.0,10.097
19644,4,3240,15741.310749891654,11677.88093340801,,,,1047.0,10.086
19645,4,3241,15742.310749891654,11678.88093340801,,,,1045.0,10.077
19646,4,3242,15743.310749891654,11679.88093340801,,,,1044.0,10.066
19647,4,3243,15744.310749891654,11680.88093340801,,,,1042.0,10.056
19648,4,3244,15745.310749891654,11681.88093340801,,,,1041.0,10.046
19649,4,3245,15746.310749891654,11682.88093340801,,,,1040.0,10.036
19650,4,3246,15747.310749891654,11683.88093340801,,,,1038.0,10.026
19651,4,3247,15748.310749891654,11684.88093340801,,,,1036.0,10.016
19652,4,3248,15749.310749891654,11685.88093340801,,,,1034.0,10.006
19653,4,3249,15750.310749891654,11686.88093340801,,,,1033.0,9.996
19654,4,3250,15751.310749891654,11687.88093340801,,,,1031.0,9.985
19655,4,3251,15752.310749891654,11688.88093340801,,,,1030.0,9.975
19656,4,3252,15753.310749891654,11689.88093340801,,,,1030.0,9.965
19657,4,3253,15754.310749891654,11690.88093340801,,,,1027.0,9.955
19658,4,3254,15755.310749891654,11691.88093340801,,,,1026.0,9.945
19659,4,3255,15756.310749891654,11692.88093340801,,,,1024.0,9.933
19660,4,3256,15757.310749891654,11693.88093340801,,,,1023.0,9.924
19661,4,3257,15758.310749891654,11694.88093340801,,,,1021.0,9.914
19662,4,3258,15759.310749891654,11695.88093340801,,,,1021.0,9.904
19663,4,3259,15760.310749891654,11696.88093340801,,,,1020.0,9.893
19664,4,3260,15761.310749891654,11697.88093340801,,,,1019.0,9.884
19665,4,3261,15762.310749891654,11698.88093340801,,,,1018.0,9.874
19666,4,3262,15763.310749891654,11699.88093340801,,,,1017.0,9.864
19667,4,3263,15764.310749891654,11700.88093340801,,,,1016.0,9.854
19668,4,3264,15765.310749891654,11701.88093340801,,,,1014.0,9.844
19669,4,3265,15766.310749891654,11702.88093340801,,,,1013.0,9.833
19670,4,3266,15767.310749891654,11703.88093340801,,,,1012.0,9.825
19671,4,3267,15768.310749891654,11704.88093340801,,,,1011.0,9.814
19672,4,3268,15769.310749891654,11705.88093340801,,,,1010.0,9.805
19673,4,3269,15770.310749891654,11706.88093340801,,,,1009.0,9.794
19674,4,3270,15771.310749891654,11707.88093340801,,,,1007.0,9.785
19675,4,3271,15772.310749891654,11708.88093340801,,,,1006.0,9.774
19676,4,3272,15773.310749891654,11709.88093340801,,,,1004.0,9.764
19677,4,3273,15774.310749891654,11710.88093340801,,,,1003.0,9.755
19678,4,3274,15775.310749891654,11711.88093340801,,,,1002.0,9.745
19679,4,3275,15776.310749891654,11712.88093340801,,,,1002.0,9.735
19680,4,3276,15777.310749891654,11713.88093340801,,,,1000.0,9.724
19681,4,3277,15778.310749891654,11714.88093340801,,,,1000.0,9.714
19682,4,3278,15779.310749891654,11715.88093340801,,,,999.0,9.705
19683,4,3279,15780.310749891654,11716.88093340801,,,,999.0,9.694
19684,4,3280,15781.310749891654,11717.88093340801,,,,999.0,9.686
19685,4,3281,15782.310749891654,11718.88093340801,,,,998.0,9.676
19686,4,3282,15783.310749891654,11719.88093340801,,,,997.0,9.666
19687,4,3283,15784.310749891654,11720.88093340801,,,,996.0,9.657
19688,4,3284,15785.310749891654,11721.88093340801,,,,995.0,9.648
19689,4,3285,15786.310749891654,11722.88093340801,,,,995.0,9.638
19690,4,3286,15787.310749891654,11723.88093340801,,,,993.0,9.628
19691,4,3287,15788.310749891654,11724.88093340801,,,,992.0,9.619
19692,4,3288,15789.310749891654,11725.88093340801,,,,991.0,9.61
19693,4,3289,15790.310749891654,11726.88093340801,,,,989.0,9.599
19694,4,3290,15791.310749891654,11727.88093340801,,,,988.0,9.589
19695,4,3291,15792.310749891654,11728.88093340801,,,,987.0,9.58
19696,4,3292,15793.310749891654,11729.88093340801,,,,986.0,9.57
19697,4,3293,15794.310749891654,11730.88093340801,,,,985.0,9.56
19698,4,3294,15795.310749891654,11731.88093340801,,,,984.0,9.551
19699,4,3295,15796.310749891654,11732.88093340801,,,,983.0,9.541
19700,4,3296,15797.310749891654,11733.88093340801,,,,982.0,9.532
19701,4,3297,15798.310749891654,11734.88093340801,,,,981.0,9.523
19702,4,3298,15799.310749891654,11735.88093340801,,,,980.0,9.514
19703,4,3299,15800.310749891654,11736.88093340801,,,,978.0,9.504
19704,4,3300,15801.310749891654,11737.88093340801,,,,976.0,9.495
19705,4,3301,15802.310749891654,11738.88093340801,,,,975.0,9.485
19706,4,3302,15803.310749891654,11739.88093340801,,,,973.0,9.476
19707,4,3303,15804.310749891654,11740.88093340801,,,,972.0,9.466
19708,4,3304,15805.310749891654,11741.88093340801,,,,970.0,9.456
19709,4,3305,15806.310749891654,11742.88093340801,,,,969.0,9.446
19710,4,3306,15807.310749891654,11743.88093340801,,,,969.0,9.437
19711,4,3307,15808.310749891654,11744.88093340801,,,,968.0,9.427
19712,4,3308,15809.310749891654,11745.88093340801,,,,967.0,9.418
19713,4,3309,15810.310749891654,11746.88093340801,,,,965.0,9.409
19714,4,3310,15811.310749891654,11747.88093340801,,,,963.0,9.4
19715,4,3311,15812.310749891654,11748.88093340801,,,,961.0,9.391
19716,4,3312,15813.310749891654,11749.88093340801,,,,960.0,9.38
19717,4,3313,15814.310749891654,11750.88093340801,,,,959.0,9.37
19718,4,3314,15815.310749891654,11751.88093340801,,,,958.0,9.362
19719,4,3315,15816.310749891654,11752.88093340801,,,,957.0,9.354
19720,4,3316,15817.310749891654,11753.88093340801,,,,955.0,9.346
19721,4,3317,15818.310749891654,11754.88093340801,,,,952.0,9.335
19722,4,3318,15819.310749891654,11755.88093340801,,,,950.0,9.325
19723,4,3319,15820.310749891654,11756.88093340801,,,,949.0,9.315
19724,4,3320,15821.310749891654,11757.88093340801,,,,948.0,9.304
19725,4,3321,15822.310749891654,11758.88093340801,,,,947.0,9.296
19726,4,3322,15823.310749891654,11759.88093340801,,,,946.0,9.286
19727,4,3323,15824.310749891654,11760.88093340801,,,,943.0,9.275
19728,4,3324,15825.310749891654,11761.88093340801,,,,941.0,9.263
19729,4,3325,15826.310749891654,11762.88093340801,,,,939.0,9.25
19730,4,3326,15827.310749891654,11763.88093340801,,,,938.0,9.237
19731,4,3327,15828.310749891654,11764.88093340801,,,,937.0,9.224
19732,4,3328,15829.310749891654,11765.88093340801,,,,936.0,9.213
19733,4,3329,15830.310749891654,11766.88093340801,,,,935.0,9.202
19734,4,3330,15831.310749891654,11767.88093340801,,,,935.0,9.19
19735,4,3331,15832.310749891654,11768.88093340801,,,,933.0,9.178
19736,4,3332,15833.310749891654,11769.88093340801,,,,933.0,9.166
19737,4,3333,15834.310749891654,11770.88093340801,,,,932.0,9.152
19738,4,3334,15835.310749891654,11771.88093340801,,,,931.0,9.141
19739,4,3335,15836.310749891654,11772.88093340801,,,,930.0,9.128
19740,4,3336,15837.310749891654,11773.88093340801,,,,930.0,9.117
19741,4,3337,15838.310749891654,11774.88093340801,,,,930.0,9.106
19742,4,3338,15839.310749891654,11775.88093340801,,,,929.0,9.096
19743,4,3339,15840.310749891654,11776.88093340801,,,,930.0,9.085
19744,4,3340,15841.310749891654,11777.88093340801,,,,929.0,9.074
19745,4,3341,15842.310749891654,11778.88093340801,,,,928.0,9.063
19746,4,3342,15843.310749891654,11779.88093340801,,,,926.0,9.05
19747,4,3343,15844.310749891654,11780.88093340801,,,,924.0,9.039
19748,4,3344,15845.310749891654,11781.88093340801,,,,923.0,9.026
19749,4,3345,15846.310749891654,11782.88093340801,,,,922.0,9.015
19750,4,3346,15847.310749891654,11783.88093340801,,,,921.0,9.002
19751,4,3347,15848.310749891654,11784.88093340801,,,,919.0,8.99
19752,4,3348,15849.310749891654,11785.88093340801,,,,918.0,8.977
19753,4,3349,15850.310749891654,11786.88093340801,,,,917.0,8.965
19754,4,3350,15851.310749891654,11787.88093340801,,,,915.0,8.954
19755,4,3351,15852.310749891654,11788.88093340801,,,,914.0,8.941
19756,4,3352,15853.310749891654,11789.88093340801,,,,913.0,8.929
19757,4,3353,15854.310749891654,11790.88093340801,,,,912.0,8.918
19758,4,3354,15855.310749891654,11791.88093340801,,,,912.0,8.906
19759,4,3355,15856.310749891654,11792.88093340801,,,,912.0,8.895
19760,4,3356,15857.310749891654,11793.88093340801,,,,910.0,8.884
19761,4,3357,15858.310749891654,11794.88093340801,,,,910.0,8.874
19762,4,3358,15859.310749891654,11795.88093340801,,,,908.0,8.861
19763,4,3359,15860.310749891654,11796.88093340801,,,,907.0,8.849
19764,4,3360,15861.310749891654,11797.88093340801,,,,905.0,8.838
19765,4,3361,15862.310749891654,11798.88093340801,,,,904.0,8.826
19766,4,3362,15863.310749891654,11799.88093340801,,,,903.0,8.814
19767,4,3363,15864.310749891654,11800.88093340801,,,,901.0,8.802
19768,4,3364,15865.310749891654,11801.88093340801,,,,901.0,8.791
19769,4,3365,15866.310749891654,11802.88093340801,,,,899.0,8.779
19770,4,3366,15867.310749891654,11803.88093340801,,,,898.0,8.767
19771,4,3367,15868.310749891654,11804.88093340801,,,,897.0,8.755
19772,4,3368,15869.310749891654,11805.88093340801,,,,896.0,8.743
19773,4,3369,15870.310749891654,11806.88093340801,,,,895.0,8.731
19774,4,3370,15871.310749891654,11807.88093340801,,,,893.0,8.72
19775,4,3371,15872.310749891654,11808.88093340801,,,,893.0,8.708
19776,4,3372,15873.310749891654,11809.88093340801,,,,892.0,8.696
19777,4,3373,15874.310749891654,11810.88093340801,,,,891.0,8.684
19778,4,3374,15875.310749891654,11811.88093340801,,,,889.0,8.672
19779,4,3375,15876.310749891654,11812.88093340801,,,,888.0,8.66
19780,4,3376,15877.310749891654,11813.88093340801,,,,888.0,8.648
19781,4,3377,15878.310749891654,11814.88093340801,,,,888.0,8.636
19782,4,3378,15879.310749891654,11815.88093340801,,,,887.0,8.625
19783,4,3379,15880.310749891654,11816.88093340801,,,,887.0,8.613
19784,4,3380,15881.310749891654,11817.88093340801,,,,886.0,8.602
19785,4,3381,15882.310749891654,11818.88093340801,,,,886.0,8.591
19786,4,3382,15883.310749891654,11819.88093340801,,,,885.0,8.58
19787,4,3383,15884.310749891654,11820.88093340801,,,,885.0,8.567
19788,4,3384,15885.310749891654,11821.88093340801,,,,883.0,8.557
19789,4,3385,15886.310749891654,11822.88093340801,,,,882.0,8.546
19790,4,3386,15887.310749891654,11823.88093340801,,,,882.0,8.534
19791,4,3387,15888.310749891654,11824.88093340801,,,,881.0,8.524
19792,4,3388,15889.310749891654,11825.88093340801,,,,880.0,8.512
19793,4,3389,15890.310749891654,11826.88093340801,,,,879.0,8.501
19794,4,3390,15891.310749891654,11827.88093340801,,,,878.0,8.489
19795,4,3391,15892.310749891654,11828.88093340801,,,,876.0,8.479
19796,4,3392,15893.310749891654,11829.88093340801,,,,875.0,8.467
19797,4,3393,15894.310749891654,11830.88093340801,,,,874.0,8.454
19798,4,3394,15895.310749891654,11831.88093340801,,,,872.0,8.443
19799,4,3395,15896.310749891654,11832.88093340801,,,,871.0,8.431
19800,4,3396,15897.310749891654,11833.88093340801,,,,870.0,8.419
19801,4,3397,15898.310749891654,11834.88093340801,,,,869.0,8.407
19802,4,3398,15899.310749891654,11835.88093340801,,,,868.0,8.396
19803,4,3399,15900.310749891654,11836.88093340801,,,,867.0,8.384
19804,4,3400,15901.310749891654,11837.88093340801,,,,865.0,8.373
19805,4,3401,15902.310749891654,11838.88093340801,,,,864.0,8.36
19806,4,3402,15903.310749891654,11839.88093340801,,,,863.0,8.349
19807,4,3403,15904.310749891654,11840.88093340801,,,,862.0,8.337
19808,4,3404,15905.310749891654,11841.88093340801,,,,862.0,8.326
19809,4,3405,15906.310749891654,11842.88093340801,,,,860.0,8.315
19810,4,3406,15907.310749891654,11843.88093340801,,,,860.0,8.303
19811,4,3407,15908.310749891654,11844.88093340801,,,,858.0,8.292
19812,4,3408,15909.310749891654,11845.88093340801,,,,857.0,8.28
19813,4,3409,15910.310749891654,11846.88093340801,,,,856.0,8.268
19814,4,3410,15911.310749891654,11847.88093340801,,,,855.0,8.256
19815,4,3411,15912.310749891654,11848.88093340801,,,,854.0,8.245
19816,4,3412,15913.310749891654,11849.88093340801,,,,854.0,8.233
19817,4,3413,15914.310749891654,11850.88093340801,,,,853.0,8.222
19818,4,3414,15915.310749891654,11851.88093340801,,,,852.0,8.21
19819,4,3415,15916.310749891654,11852.88093340801,,,,850.0,8.198
19820,4,3416,15917.310749891654,11853.88093340801,,,,850.0,8.187
19821,4,3417,15918.310749891654,11854.88093340801,,,,848.0,8.175
19822,4,3418,15919.310749891654,11855.88093340801,,,,848.0,8.163
19823,4,3419,15920.310749891654,11856.88093340801,,,,847.0,8.151
19824,4,3420,15921.310749891654,11857.88093340801,,,,847.0,8.14
19825,4,3421,15922.310749891654,11858.88093340801,,,,847.0,8.128
19826,4,3422,15923.310749891654,11859.88093340801,,,,846.0,8.118
19827,4,3423,15924.310749891654,11860.88093340801,,,,846.0,8.105
19828,4,3424,15925.310749891654,11861.88093340801,,,,845.0,8.093
19829,4,3425,15926.310749891654,11862.88093340801,,,,845.0,8.081
19830,4,3426,15927.310749891654,11863.88093340801,,,,844.0,8.07
19831,4,3427,15928.310749891654,11864.88093340801,,,,844.0,8.06
19832,4,3428,15929.310749891654,11865.88093340801,,,,844.0,8.048
19833,4,3429,15930.310749891654,11866.88093340801,,,,844.0,8.037
19834,4,3430,15931.310749891654,11867.88093340801,,,,842.0,8.025
19835,4,3431,15932.310749891654,11868.88093340801,,,,842.0,8.014
19836,4,3432,15933.310749891654,11869.88093340801,,,,842.0,8.002
19837,4,3433,15934.310749891654,11870.88093340801,,,,842.0,7.993
19838,4,3434,15935.310749891654,11871.88093340801,,,,842.0,7.982
19839,4,3435,15936.310749891654,11872.88093340801,,,,841.0,7.972
19840,4,3436,15937.310749891654,11873.88093340801,,,,839.0,7.961
19841,4,3437,15938.310749891654,11874.88093340801,,,,837.0,7.948
19842,4,3438,15939.310749891654,11875.88093340801,,,,836.0,7.936
19843,4,3439,15940.310749891654,11876.88093340801,,,,834.0,7.924
19844,4,3440,15941.310749891654,11877.88093340801,,,,834.0,7.911
19845,4,3441,15942.310749891654,11878.88093340801,,,,832.0,7.899
19846,4,3442,15943.310749891654,11879.88093340801,,,,832.0,7.887
19847,4,3443,15944.310749891654,11880.88093340801,,,,830.0,7.873
19848,4,3444,15945.310749891654,11881.88093340801,,,,830.0,7.861
19849,4,3445,15946.310749891654,11882.88093340801,,,,828.0,7.848
19850,4,3446,15947.310749891654,11883.88093340801,,,,828.0,7.835
19851,4,3447,15948.310749891654,11884.88093340801,,,,828.0,7.822
19852,4,3448,15949.310749891654,11885.88093340801,,,,827.0,7.81
19853,4,3449,15950.310749891654,11886.88093340801,,,,827.0,7.799
19854,4,3450,15951.310749891654,11887.88093340801,,,,827.0,7.786
19855,4,3451,15952.310749891654,11888.88093340801,,,,826.0,7.776
19856,4,3452,15953.310749891654,11889.88093340801,,,,826.0,7.764
19857,4,3453,15954.310749891654,11890.88093340801,,,,825.0,7.754
19858,4,3454,15955.310749891654,11891.88093340801,,,,824.0,7.742
19859,4,3455,15956.310749891654,11892.88093340801,,,,821.0,7.73
19860,4,3456,15957.310749891654,11893.88093340801,,,,821.0,7.719
19861,4,3457,15958.310749891654,11894.88093340801,,,,819.0,7.706
19862,4,3458,15959.310749891654,11895.88093340801,,,,819.0,7.695
19863,4,3459,15960.310749891654,11896.88093340801,,,,818.0,7.684
19864,4,3460,15961.310749891654,11897.88093340801,,,,818.0,7.675
19865,4,3461,15962.310749891654,11898.88093340801,,,,817.0,7.664
19866,4,3462,15963.310749891654,11899.88093340801,,,,815.0,7.655
19867,4,3463,15964.310749891654,11900.88093340801,,,,813.0,7.644
19868,4,3464,15965.310749891654,11901.88093340801,,,,809.0,7.633
19869,4,3465,15966.310749891654,11902.88093340801,,,,807.0,7.621
19870,4,3466,15967.310749891654,11903.88093340801,,,,805.0,7.609
19871,4,3467,15968.310749891654,11904.88093340801,,,,803.0,7.598
19872,4,3468,15969.310749891654,11905.88093340801,,,,802.0,7.587
19873,4,3469,15970.310749891654,11906.88093340801,,,,800.0,7.575
19874,4,3470,15971.310749891654,11907.88093340801,,,,799.0,7.564
19875,4,3471,15972.310749891654,11908.88093340801,,,,799.0,7.553
19876,4,3472,15973.310749891654,11909.88093340801,,,,798.0,7.544
19877,4,3473,15974.310749891654,11910.88093340801,,,,797.0,7.534
19878,4,3474,15975.310749891654,11911.88093340801,,,,796.0,7.525
19879,4,3475,15976.310749891654,11912.88093340801,,,,795.0,7.517
19880,4,3476,15977.310749891654,11913.88093340801,,,,793.0,7.507
19881,4,3477,15978.310749891654,11914.88093340801,,,,790.0,7.497
19882,4,3478,15979.310749891654,11915.88093340801,,,,789.0,7.487
19883,4,3479,15980.310749891654,11916.88093340801,,,,788.0,7.479
19884,4,3480,15981.310749891654,11917.88093340801,,,,787.0,7.47
19885,4,3481,15982.310749891654,11918.88093340801,,,,785.0,7.461
19886,4,3482,15983.310749891654,11919.88093340801,,,,783.0,7.453
19887,4,3483,15984.310749891654,11920.88093340801,,,,782.0,7.444
19888,4,3484,15985.310749891654,11921.88093340801,,,,780.0,7.434
19889,4,3485,15986.310749891654,11922.88093340801,,,,778.0,7.425
19890,4,3486,15987.310749891654,11923.88093340801,,,,776.0,7.417
19891,4,3487,15988.310749891654,11924.88093340801,,,,775.0,7.409
19892,4,3488,15989.310749891654,11925.88093340801,,,,774.0,7.402
19893,4,3489,15990.310749891654,11926.88093340801,,,,772.0,7.394
19894,4,3490,15991.310749891654,11927.88093340801,,,,770.0,7.385
19895,4,3491,15992.310749891654,11928.88093340801,,,,769.0,7.377
19896,4,3492,15993.310749891654,11929.88093340801,,,,768.0,7.367
19897,4,3493,15994.310749891654,11930.88093340801,,,,768.0,7.36
19898,4,3494,15995.310749891654,11931.88093340801,,,,768.0,7.353
19899,4,3495,15996.310749891654,11932.88093340801,,,,770.0,7.346
19900,4,3496,15997.310749891654,11933.88093340801,,,,771.0,7.341
19901,4,3497,15998.310749891654,11934.88093340801,,,,772.0,7.334
19902,4,3498,15999.310749891654,11935.88093340801,,,,772.0,7.328
19903,4,3499,16000.310749891654,11936.88093340801,,,,773.0,7.32
19904,4,3500,16001.310749891654,11937.88093340801,,,,774.0,7.313
19905,4,3501,16002.310749891654,11938.88093340801,,,,775.0,7.305
19906,4,3502,16003.310749891654,11939.88093340801,,,,777.0,7.298
19907,4,3503,16004.310749891654,11940.88093340801,,,,779.0,7.29
19908,4,3504,16005.310749891654,11941.88093340801,,,,782.0,7.284
19909,4,3505,16006.310749891654,11942.88093340801,,,,784.0,7.276
19910,4,3506,16007.310749891654,11943.88093340801,,,,788.0,7.268
19911,4,3507,16008.310749891654,11944.88093340801,,,,790.0,7.261
19912,4,3508,16009.310749891654,11945.88093340801,,,,792.0,7.253
19913,4,3509,16010.310749891654,11946.88093340801,,,,793.0,7.247
19914,4,3510,16011.310749891654,11947.88093340801,,,,794.0,7.241
19915,4,3511,16012.310749891654,11948.88093340801,,,,795.0,7.238
20231,4,3827,16328.310749891654,12264.88093340801,,,,1354.0,7.234
20232,4,3828,16329.310749891654,12265.88093340801,,,,1356.0,7.225
20233,4,3829,16330.310749891654,12266.88093340801,,,,1358.0,7.217
20234,4,3830,16331.310749891654,12267.88093340801,,,,1360.0,7.209
20235,4,3831,16332.310749891654,12268.88093340801,,,,1362.0,7.204
20236,4,3832,16333.310749891654,12269.88093340801,,,,1363.0,7.199
20237,4,3833,16334.310749891654,12270.88093340801,,,,1364.0,7.195
20238,4,3834,16335.310749891654,12271.88093340801,,,,1365.0,7.194
20255,4,3851,16352.310749891654,12288.88093340801,,,,1378.0,7.191
20256,4,3852,16353.310749891654,12289.88093340801,,,,1379.0,7.181
20257,4,3853,16354.310749891654,12290.88093340801,,,,1379.0,7.172
20258,4,3854,16355.310749891654,12291.88093340801,,,,1379.0,7.16
20259,4,3855,16356.310749891654,12292.88093340801,,,,1380.0,7.15
20260,4,3856,16357.310749891654,12293.88093340801,,,,1379.0,7.137
20261,4,3857,16358.310749891654,12294.88093340801,,,,1379.0,7.125
20262,4,3858,16359.310749891654,12295.88093340801,,,,1379.0,7.115
20263,4,3859,16360.310749891654,12296.88093340801,,,,1379.0,7.103
20264,4,3860,16361.310749891654,12297.88093340801,,,,1378.0,7.09
20265,4,3861,16362.310749891654,12298.88093340801,,,,1376.0,7.076
20266,4,3862,16363.310749891654,12299.88093340801,,,,1373.0,7.062
20267,4,3863,16364.310749891654,12300.88093340801,,,,1372.0,7.048
20268,4,3864,16365.310749891654,12301.88093340801,,,,1371.0,7.034
20269,4,3865,16366.310749891654,12302.88093340801,,,,1370.0,7.021
20270,4,3866,16367.310749891654,12303.88093340801,,,,1369.0,7.01
20271,4,3867,16368.310749891654,12304.88093340801,,,,1367.0,6.997
20272,4,3868,16369.310749891654,12305.88093340801,,,,1365.0,6.984
20273,4,3869,16370.310749891654,12306.88093340801,,,,1362.0,6.969
20274,4,3870,16371.310749891654,12307.88093340801,,,,1360.0,6.955
20275,4,3871,16372.310749891654,12308.88093340801,,,,1358.0,6.941
20276,4,3872,16373.310749891654,12309.88093340801,,,,1356.0,6.928
20277,4,3873,16374.310749891654,12310.88093340801,,,,1355.0,6.915
20278,4,3874,16375.310749891654,12311.88093340801,,,,1354.0,6.903
20279,4,3875,16376.310749891654,12312.88093340801,,,,1353.0,6.89
20280,4,3876,16377.310749891654,12313.88093340801,,,,1352.0,6.878
20281,4,3877,16378.310749891654,12314.88093340801,,,,1350.0,6.866
20282,4,3878,16379.310749891654,12315.88093340801,,,,1348.0,6.854
20283,4,3879,16380.310749891654,12316.88093340801,,,,1347.0,6.841
20284,4,3880,16381.310749891654,12317.88093340801,,,,1346.0,6.828
20285,4,3881,16382.310749891654,12318.88093340801,,,,1345.0,6.815
20286,4,3882,16383.310749891654,12319.88093340801,,,,1344.0,6.803
20287,4,3883,16384.310749891654,12320.88093340801,,,,1343.0,6.79
20288,4,3884,16385.310749891654,12321.88093340801,,,,1341.0,6.777
20289,4,3885,16386.310749891654,12322.88093340801,,,,1339.0,6.765
20290,4,3886,16387.310749891654,12323.88093340801,,,,1338.0,6.752
20291,4,3887,16388.310749891654,12324.88093340801,,,,1337.0,6.74
20292,4,3888,16389.310749891654,12325.88093340801,,,,1337.0,6.727
20293,4,3889,16390.310749891654,12326.88093340801,,,,1335.0,6.716
20294,4,3890,16391.310749891654,12327.88093340801,,,,1334.0,6.704
20295,4,3891,16392.310749891654,12328.88093340801,,,,1333.0,6.691
20296,4,3892,16393.310749891654,12329.88093340801,,,,1332.0,6.68
20297,4,3893,16394.310749891654,12330.88093340801,,,,1331.0,6.667
20298,4,3894,16395.310749891654,12331.88093340801,,,,1329.0,6.654
20299,4,3895,16396.310749891654,12332.88093340801,,,,1328.0,6.643
20300,4,3896,16397.310749891654,12333.88093340801,,,,1327.0,6.63
20301,4,3897,16398.310749891654,12334.88093340801,,,,1326.0,6.618
20302,4,3898,16399.310749891654,12335.88093340801,,,,1325.0,6.606
20303,4,3899,16400.310749891654,12336.88093340801,,,,1323.0,6.593
20304,4,3900,16401.310749891654,12337.88093340801,,,,1322.0,6.58
20305,4,3901,16402.310749891654,12338.88093340801,,,,1321.0,6.567
20306,4,3902,16403.310749891654,12339.88093340801,,,,1319.0,6.556
20307,4,3903,16404.310749891654,12340.88093340801,,,,1319.0,6.543
20308,4,3904,16405.310749891654,12341.88093340801,,,,1317.0,6.53
20309,4,3905,16406.310749891654,12342.88093340801,,,,1316.0,6.519
20310,4,3906,16407.310749891654,12343.88093340801,,,,1315.0,6.506
20311,4,3907,16408.310749891654,12344.88093340801,,,,1313.0,6.494
20312,4,3908,16409.310749891654,12345.88093340801,,,,1312.0,6.482
20313,4,3909,16410.310749891654,12346.88093340801,,,,1309.0,6.469
20314,4,3910,16411.310749891654,12347.88093340801,,,,1308.0,6.458
20315,4,3911,16412.310749891654,12348.88093340801,,,,1306.0,6.445
20316,4,3912,16413.310749891654,12349.88093340801,,,,1304.0,6.433
20317,4,3913,16414.310749891654,12350.88093340801,,,,1303.0,6.42
20318,4,3914,16415.310749891654,12351.88093340801,,,,1301.0,6.408
20319,4,3915,16416.310749891654,12352.88093340801,,,,1299.0,6.395
20320,4,3916,16417.310749891654,12353.88093340801,,,,1297.0,6.382
20321,4,3917,16418.310749891654,12354.88093340801,,,,1296.0,6.369
20322,4,3918,16419.310749891654,12355.88093340801,,,,1294.0,6.356
20323,4,3919,16420.310749891654,12356.88093340801,,,,1294.0,6.343
20324,4,3920,16421.310749891654,12357.88093340801,,,,1293.0,6.33
20325,4,3921,16422.310749891654,12358.88093340801,,,,1292.0,6.317
20326,4,3922,16423.310749891654,12359.88093340801,,,,1289.0,6.304
20327,4,3923,16424.310749891654,12360.88093340801,,,,1287.0,6.291
20328,4,3924,16425.310749891654,12361.88093340801,,,,1286.0,6.278
20329,4,3925,16426.310749891654,12362.88093340801,,,,1285.0,6.265
20330,4,3926,16427.310749891654,12363.88093340801,,,,1284.0,6.252
20331,4,3927,16428.310749891654,12364.88093340801,,,,1283.0,6.239
20332,4,3928,16429.310749891654,12365.88093340801,,,,1281.0,6.227
20333,4,3929,16430.310749891654,12366.88093340801,,,,1281.0,6.214
20334,4,3930,16431.310749891654,12367.88093340801,,,,1279.0,6.201
20335,4,3931,16432.310749891654,12368.88093340801,,,,1277.0,6.188
20336,4,3932,16433.310749891654,12369.88093340801,,,,1277.0,6.175
20337,4,3933,16434.310749891654,12370.88093340801,,,,1276.0,6.162
20338,4,3934,16435.310749891654,12371.88093340801,,,,1274.0,6.151
20339,4,3935,16436.310749891654,12372.88093340801,,,,1274.0,6.138
20340,4,3936,16437.310749891654,12373.88093340801,,,,1273.0,6.125
20341,4,3937,16438.310749891654,12374.88093340801,,,,1272.0,6.112
20342,4,3938,16439.310749891654,12375.88093340801,,,,1271.0,6.099
20343,4,3939,16440.310749891654,12376.88093340801,,,,1270.0,6.086
20344,4,3940,16441.310749891654,12377.88093340801,,,,1269.0,6.073
20345,4,3941,16442.310749891654,12378.88093340801,,,,1268.0,6.058
20346,4,3942,16443.310749891654,12379.88093340801,,,,1266.0,6.045
20347,4,3943,16444.310749891654,12380.88093340801,,,,1265.0,6.031
20348,4,3944,16445.310749891654,12381.88093340801,,,,1264.0,6.019
20349,4,3945,16446.310749891654,12382.88093340801,,,,1264.0,6.006
20350,4,3946,16447.310749891654,12383.88093340801,,,,1263.0,5.994
20351,4,3947,16448.310749891654,12384.88093340801,,,,1262.0,5.981
20352,4,3948,16449.310749891654,12385.88093340801,,,,1261.0,5.969
20353,4,3949,16450.310749891654,12386.88093340801,,,,1259.0,5.956
20354,4,3950,16451.310749891654,12387.88093340801,,,,1257.0,5.943
20355,4,3951,16452.310749891654,12388.88093340801,,,,1256.0,5.93
20356,4,3952,16453.310749891654,12389.88093340801,,,,1255.0,5.917
20357,4,3953,16454.310749891654,12390.88093340801,,,,1254.0,5.904
20358,4,3954,16455.310749891654,12391.88093340801,,,,1253.0,5.892
20359,4,3955,16456.310749891654,12392.88093340801,,,,1252.0,5.879
20360,4,3956,16457.310749891654,12393.88093340801,,,,1252.0,5.866
20361,4,3957,16458.310749891654,12394.88093340801,,,,1249.0,5.855
20362,4,3958,16459.310749891654,12395.88093340801,,,,1248.0,5.842
20363,4,3959,16460.310749891654,12396.88093340801,,,,1247.0,5.83
20364,4,3960,16461.310749891654,12397.88093340801,,,,1246.0,5.817
20365,4,3961,16462.310749891654,12398.88093340801,,,,1245.0,5.805
20366,4,3962,16463.310749891654,12399.88093340801,,,,1245.0,5.793
20367,4,3963,16464.310749891654,12400.88093340801,,,,1242.0,5.782
20368,4,3964,16465.310749891654,12401.88093340801,,,,1242.0,5.77
20369,4,3965,16466.310749891654,12402.88093340801,,,,1240.0,5.758
20370,4,3966,16467.310749891654,12403.88093340801,,,,1239.0,5.746
20371,4,3967,16468.310749891654,12404.88093340801,,,,1238.0,5.734
20372,4,3968,16469.310749891654,12405.88093340801,,,,1237.0,5.721
20373,4,3969,16470.310749891654,12406.88093340801,,,,1236.0,5.71
20374,4,3970,16471.310749891654,12407.88093340801,,,,1234.0,5.698
20375,4,3971,16472.310749891654,12408.88093340801,,,,1233.0,5.686
20376,4,3972,16473.310749891654,12409.88093340801,,,,1232.0,5.674
20377,4,3973,16474.310749891654,12410.88093340801,,,,1230.0,5.662
20378,4,3974,16475.310749891654,12411.88093340801,,,,1229.0,5.651
20379,4,3975,16476.310749891654,12412.88093340801,,,,1228.0,5.638
20380,4,3976,16477.310749891654,12413.88093340801,,,,1226.0,5.626
20381,4,3977,16478.310749891654,12414.88093340801,,,,1225.0,5.615
20382,4,3978,16479.310749891654,12415.88093340801,,,,1224.0,5.602
20383,4,3979,16480.310749891654,12416.88093340801,,,,1224.0,5.59
20384,4,3980,16481.310749891654,12417.88093340801,,,,1222.0,5.578
20385,4,3981,16482.310749891654,12418.88093340801,,,,1221.0,5.567
20386,4,3982,16483.310749891654,12419.88093340801,,,,1219.0,5.553
20387,4,3983,16484.310749891654,12420.88093340801,,,,1219.0,5.542
20388,4,3984,16485.310749891654,12421.88093340801,,,,1217.0,5.528
20389,4,3985,16486.310749891654,12422.88093340801,,,,1216.0,5.517
20390,4,3986,16487.310749891654,12423.88093340801,,,,1216.0,5.504
20391,4,3987,16488.310749891654,12424.88093340801,,,,1215.0,5.492
20392,4,3988,16489.310749891654,12425.88093340801,,,,1213.0,5.481
20393,4,3989,16490.310749891654,12426.88093340801,,,,1214.0,5.468
20394,4,3990,16491.310749891654,12427.88093340801,,,,1213.0,5.456
20395,4,3991,16492.310749891654,12428.88093340801,,,,1212.0,5.445
20396,4,3992,16493.310749891654,12429.88093340801,,,,1211.0,5.435
20397,4,3993,16494.310749891654,12430.88093340801,,,,1210.0,5.425
20398,4,3994,16495.310749891654,12431.88093340801,,,,1208.0,5.416
20399,4,3995,16496.310749891654,12432.88093340801,,,,1207.0,5.407
20400,4,3996,16497.310749891654,12433.88093340801,,,,1206.0,5.4
20401,4,3997,16498.310749891654,12434.88093340801,,,,1205.0,5.395
20402,4,3998,16499.310749891654,12435.88093340801,,,,1204.0,5.392
20403,5,1,16500.310749891654,12436.88093340801,,,,1203.0,5.352
20427,5,25,16524.310749891654,12460.88093340801,,,,1174.0,5.351
20428,5,26,16525.310749891654,12461.88093340801,,,,1173.0,5.34
20429,5,27,16526.310749891654,12462.88093340801,,,,1172.0,5.328
20430,5,28,16527.310749891654,12463.88093340801,,,,1170.0,5.315
20431,5,29,16528.310749891654,12464.88093340801,,,,1168.0,5.303
20432,5,30,16529.310749891654,12465.88093340801,,,,1167.0,5.29
20433,5,31,16530.310749891654,12466.88093340801,,,,1168.0,5.279
20434,5,32,16531.310749891654,12467.88093340801,,,,1166.0,5.268
20435,5,33,16532.310749891654,12468.88093340801,,,,1165.0,5.257
20436,5,34,16533.310749891654,12469.88093340801,,,,1165.0,5.246
20437,5,35,16534.310749891654,12470.88093340801,,,,1163.0,5.236
20438,5,36,16535.310749891654,12471.88093340801,,,,1162.0,5.225
20439,5,37,16536.310749891654,12472.88093340801,,,,1160.0,5.214
20440,5,38,16537.310749891654,12473.88093340801,,,,1159.0,5.201
20441,5,39,16538.310749891654,12474.88093340801,,,,1159.0,5.19
20442,5,40,16539.310749891654,12475.88093340801,,,,1157.0,5.178
20443,5,41,16540.310749891654,12476.88093340801,,,,1158.0,5.167
20444,5,42,16541.310749891654,12477.88093340801,,,,1156.0,5.156
20445,5,43,16542.310749891654,12478.88093340801,,,,1155.0,5.143
20446,5,44,16543.310749891654,12479.88093340801,,,,1154.0,5.132
20447,5,45,16544.310749891654,12480.88093340801,,,,1152.0,5.119
20448,5,46,16545.310749891654,12481.88093340801,,,,1152.0,5.107
20449,5,47,16546.310749891654,12482.88093340801,,,,1152.0,5.095
20450,5,48,16547.310749891654,12483.88093340801,,,,1152.0,5.084
20451,5,49,16548.310749891654,12484.88093340801,,,,1150.0,5.072
20452,5,50,16549.310749891654,12485.88093340801,,,,1149.0,5.059
20453,5,51,16550.310749891654,12486.88093340801,,,,1147.0,5.047
20454,5,52,16551.310749891654,12487.88093340801,,,,1145.0,5.034
20455,5,53,16552.310749891654,12488.88093340801,,,,1144.0,5.02
20456,5,54,16553.310749891654,12489.88093340801,,,,1143.0,5.008
20457,5,55,16554.310749891654,12490.88093340801,,,,1142.0,4.994
20458,5,56,16555.310749891654,12491.88093340801,,,,1142.0,4.981
20459,5,57,16556.310749891654,12492.88093340801,,,,1142.0,4.97
20460,5,58,16557.310749891654,12493.88093340801,,,,1141.0,4.957
20461,5,59,16558.310749891654,12494.88093340801,,,,1140.0,4.945
20462,5,60,16559.310749891654,12495.88093340801,,,,1138.0,4.931
20463,5,61,16560.310749891654,12496.88093340801,,,,1136.0,4.918
20464,5,62,16561.310749891654,12497.88093340801,,,,1134.0,4.905
20465,5,63,16562.310749891654,12498.88093340801,,,,1133.0,4.893
20466,5,64,16563.310749891654,12499.88093340801,,,,1132.0,4.881
20467,5,65,16564.310749891654,12500.88093340801,,,,1131.0,4.869
20468,5,66,16565.310749891654,12501.88093340801,,,,1130.0,4.858
20469,5,67,16566.310749891654,12502.88093340801,,,,1127.0,4.846
20470,5,68,16567.310749891654,12503.88093340801,,,,1126.0,4.834
20471,5,69,16568.310749891654,12504.88093340801,,,,1122.0,4.821
20472,5,70,16569.310749891654,12505.88093340801,,,,1121.0,4.808
20473,5,71,16570.310749891654,12506.88093340801,,,,1119.0,4.796
20474,5,72,16571.310749891654,12507.88093340801,,,,1118.0,4.785
20475,5,73,16572.310749891654,12508.88093340801,,,,1117.0,4.774
20476,5,74,16573.310749891654,12509.88093340801,,,,1116.0,4.764
20477,5,75,16574.310749891654,12510.88093340801,,,,1114.0,4.754
20478,5,76,16575.310749891654,12511.88093340801,,,,1111.0,4.742
20479,5,77,16576.310749891654,12512.88093340801,,,,1108.0,4.73
20480,5,78,16577.310749891654,12513.88093340801,,,,1106.0,4.718
20481,5,79,16578.310749891654,12514.88093340801,,,,1105.0,4.706
20482,5,80,16579.310749891654,12515.88093340801,,,,1104.0,4.695
20483,5,81,16580.310749891654,12516.88093340801,,,,1103.0,4.684
20484,5,82,16581.310749891654,12517.88093340801,,,,1101.0,4.673
20485,5,83,16582.310749891654,12518.88093340801,,,,1100.0,4.662
20486,5,84,16583.310749891654,12519.88093340801,,,,1098.0,4.651
20487,5,85,16584.310749891654,12520.88093340801,,,,1096.0,4.641
20488,5,86,16585.310749891654,12521.88093340801,,,,1095.0,4.629
20489,5,87,16586.310749891654,12522.88093340801,,,,1094.0,4.618
20490,5,88,16587.310749891654,12523.88093340801,,,,1094.0,4.607
20491,5,89,16588.310749891654,12524.88093340801,,,,1093.0,4.595
20492,5,90,16589.310749891654,12525.88093340801,,,,1092.0,4.584
20493,5,91,16590.310749891654,12526.88093340801,,,,1092.0,4.574
20494,5,92,16591.310749891654,12527.88093340801,,,,1091.0,4.565
20495,5,93,16592.310749891654,12528.88093340801,,,,1089.0,4.555
20496,5,94,16593.310749891654,12529.88093340801,,,,1088.0,4.545
20497,5,95,16594.310749891654,12530.88093340801,,,,1086.0,4.534
20498,5,96,16595.310749891654,12531.88093340801,,,,1085.0,4.525
20499,5,97,16596.310749891654,12532.88093340801,,,,1084.0,4.514
20500,5,98,16597.310749891654,12533.88093340801,,,,1083.0,4.503
20501,5,99,16598.310749891654,12534.88093340801,,,,1082.0,4.492
20502,5,100,16599.310749891654,12535.88093340801,,,,1081.0,4.482
20503,5,101,16600.310749891654,12536.88093340801,,,,1080.0,4.472
20504,5,102,16601.310749891654,12537.88093340801,,,,1079.0,4.461
20505,5,103,16602.310749891654,12538.88093340801,,,,1078.0,4.45
20506,5,104,16603.310749891654,12539.88093340801,,,,1077.0,4.438
20507,5,105,16604.310749891654,12540.88093340801,,,,1076.0,4.426
20508,5,106,16605.310749891654,12541.88093340801,,,,1074.0,4.416
20509,5,107,16606.310749891654,12542.88093340801,,,,1073.0,4.403
20510,5,108,16607.310749891654,12543.88093340801,,,,1071.0,4.392
20511,5,109,16608.310749891654,12544.88093340801,,,,1071.0,4.38
20512,5,110,16609.310749891654,12545.88093340801,,,,1069.0,4.369
20513,5,111,16610.310749891654,12546.88093340801,,,,1068.0,4.357
20514,5,112,16611.310749891654,12547.88093340801,,,,1067.0,4.345
20515,5,113,16612.310749891654,12548.88093340801,,,,1067.0,4.334
20516,5,114,16613.310749891654,12549.88093340801,,,,1066.0,4.322
20517,5,115,16614.310749891654,12550.88093340801,,,,1065.0,4.311
20518,5,116,16615.310749891654,12551.88093340801,,,,1064.0,4.3
20519,5,117,16616.310749891654,12552.88093340801,,,,1063.0,4.288
20520,5,118,16617.310749891654,12553.88093340801,,,,1063.0,4.277
20521,5,119,16618.310749891654,12554.88093340801,,,,1062.0,4.265
20522,5,120,16619.310749891654,12555.88093340801,,,,1061.0,4.254
20523,5,121,16620.310749891654,12556.88093340801,,,,1060.0,4.243
20524,5,122,16621.310749891654,12557.88093340801,,,,1059.0,4.232
20525,5,123,16622.310749891654,12558.88093340801,,,,1058.0,4.22
20526,5,124,16623.310749891654,12559.88093340801,,,,1056.0,4.209
20527,5,125,16624.310749891654,12560.88093340801,,,,1057.0,4.199
20528,5,126,16625.310749891654,12561.88093340801,,,,1055.0,4.188
20529,5,127,16626.310749891654,12562.88093340801,,,,1054.0,4.178
20530,5,128,16627.310749891654,12563.88093340801,,,,1054.0,4.168
20531,5,129,16628.310749891654,12564.88093340801,,,,1053.0,4.157
20532,5,130,16629.310749891654,12565.88093340801,,,,1052.0,4.149
20533,5,131,16630.310749891654,12566.88093340801,,,,1051.0,4.139
20534,5,132,16631.310749891654,12567.88093340801,,,,1050.0,4.129
20535,5,133,16632.310749891654,12568.88093340801,,,,1049.0,4.121
20536,5,134,16633.310749891654,12569.88093340801,,,,1048.0,4.11
20537,5,135,16634.310749891654,12570.88093340801,,,,1047.0,4.101
20538,5,136,16635.310749891654,12571.88093340801,,,,1046.0,4.091
20539,5,137,16636.310749891654,12572.88093340801,,,,1046.0,4.081
20540,5,138,16637.310749891654,12573.88093340801,,,,1044.0,4.071
20541,5,139,16638.310749891654,12574.88093340801,,,,1042.0,4.061
20542,5,140,16639.310749891654,12575.88093340801,,,,1042.0,4.05
20543,5,141,16640.310749891654,12576.88093340801,,,,1041.0,4.04
20544,5,142,16641.310749891654,12577.88093340801,,,,1040.0,4.03
20545,5,143,16642.310749891654,12578.88093340801,,,,1039.0,4.019
20546,5,144,16643.310749891654,12579.88093340801,,,,1038.0,4.009
20547,5,145,16644.310749891654,12580.88093340801,,,,1037.0,3.999
20548,5,146,16645.310749891654,12581.88093340801,,,,1036.0,3.99
20549,5,147,16646.310749891654,12582.88093340801,,,,1036.0,3.98
20550,5,148,16647.310749891654,12583.88093340801,,,,1034.0,3.97
20551,5,149,16648.310749891654,12584.88093340801,,,,1034.0,3.96
20552,5,150,16649.310749891654,12585.88093340801,,,,1033.0,3.95
20553,5,151,16650.310749891654,12586.88093340801,,,,1032.0,3.94
20554,5,152,16651.310749891654,12587.88093340801,,,,1031.0,3.93
20555,5,153,16652.310749891654,12588.88093340801,,,,1030.0,3.921
20556,5,154,16653.310749891654,12589.88093340801,,,,1029.0,3.912
20557,5,155,16654.310749891654,12590.88093340801,,,,1030.0,3.902
20558,5,156,16655.310749891654,12591.88093340801,,,,1029.0,3.894
20559,5,157,16656.310749891654,12592.88093340801,,,,1028.0,3.885
20560,5,158,16657.310749891654,12593.88093340801,,,,1028.0,3.877
20561,5,159,16658.310749891654,12594.88093340801,,,,1028.0,3.868
20562,5,160,16659.310749891654,12595.88093340801,,,,1027.0,3.862
20563,5,161,16660.310749891654,12596.88093340801,,,,1028.0,3.856
20564,5,162,16661.310749891654,12597.88093340801,,,,1029.0,3.848
20565,5,163,16662.310749891654,12598.88093340801,,,,1028.0,3.842
20566,5,164,16663.310749891654,12599.88093340801,,,,1029.0,3.835
20567,5,165,16664.310749891654,12600.88093340801,,,,1028.0,3.826
20568,5,166,16665.310749891654,12601.88093340801,,,,1028.0,3.818
20569,5,167,16666.310749891654,12602.88093340801,,,,1028.0,3.808
20570,5,168,16667.310749891654,12603.88093340801,,,,1028.0,3.8
20571,5,169,16668.310749891654,12604.88093340801,,,,1029.0,3.792
20572,5,170,16669.310749891654,12605.88093340801,,,,1030.0,3.782
20573,5,171,16670.310749891654,12606.88093340801,,,,1030.0,3.772
20574,5,172,16671.310749891654,12607.88093340801,,,,1032.0,3.762
20575,5,173,16672.310749891654,12608.88093340801,,,,1033.0,3.751
20576,5,174,16673.310749891654,12609.88093340801,,,,1034.0,3.741
20577,5,175,16674.310749891654,12610.88093340801,,,,1035.0,3.731
20578,5,176,16675.310749891654,12611.88093340801,,,,1035.0,3.725
20579,5,177,16676.310749891654,12612.88093340801,,,,1036.0,3.722
20596,5,194,16693.310749891654,12629.88093340801,,,,1046.0,3.716
20597,5,195,16694.310749891654,12630.88093340801,,,,1046.0,3.707
20598,5,196,16695.310749891654,12631.88093340801,,,,1045.0,3.699
20599,5,197,16696.310749891654,12632.88093340801,,,,1044.0,3.692
20600,5,198,16697.310749891654,12633.88093340801,,,,1043.0,3.688
20601,5,199,16698.310749891654,12634.88093340801,,,,1042.0,3.687
20703,5,301,16800.310749891654,12736.88093340801,,,,1102.0,3.677
20704,5,302,16801.310749891654,12737.88093340801,,,,1103.0,3.667
20705,5,303,16802.310749891654,12738.88093340801,,,,1103.0,3.656
20706,5,304,16803.310749891654,12739.88093340801,,,,1103.0,3.646
20707,5,305,16804.310749891654,12740.88093340801,,,,1102.0,3.634
20708,5,306,16805.310749891654,12741.88093340801,,,,1102.0,3.621
20709,5,307,16806.310749891654,12742.88093340801,,,,1100.0,3.608
20710,5,308,16807.310749891654,12743.88093340801,,,,1100.0,3.595
20711,5,309,16808.310749891654,12744.88093340801,,,,1099.0,3.582
20712,5,310,16809.310749891654,12745.88093340801,,,,1100.0,3.571
20713,5,311,16810.310749891654,12746.88093340801,,,,1099.0,3.56
20714,5,312,16811.310749891654,12747.88093340801,,,,1099.0,3.548
20715,5,313,16812.310749891654,12748.88093340801,,,,1098.0,3.536
20716,5,314,16813.310749891654,12749.88093340801,,,,1096.0,3.523
20717,5,315,16814.310749891654,12750.88093340801,,,,1095.0,3.511
20718,5,316,16815.310749891654,12751.88093340801,,,,1095.0,3.497
20719,5,317,16816.310749891654,12752.88093340801,,,,1096.0,3.485
20720,5,318,16817.310749891654,12753.88093340801,,,,1097.0,3.473
20721,5,319,16818.310749891654,12754.88093340801,,,,1097.0,3.463
20722,5,320,16819.310749891654,12755.88093340801,,,,1097.0,3.452
20723,5,321,16820.310749891654,12756.88093340801,,,,1097.0,3.441
20724,5,322,16821.310749891654,12757.88093340801,,,,1096.0,3.429
20725,5,323,16822.310749891654,12758.88093340801,,,,1095.0,3.417
20726,5,324,16823.310749891654,12759.88093340801,,,,1094.0,3.403
20727,5,325,16824.310749891654,12760.88093340801,,,,1094.0,3.39
20728,5,326,16825.310749891654,12761.88093340801,,,,1094.0,3.377
20729,5,327,16826.310749891654,12762.88093340801,,,,1096.0,3.366
20730,5,328,16827.310749891654,12763.88093340801,,,,1097.0,3.353
20731,5,329,16828.310749891654,12764.88093340801,,,,1097.0,3.343
20732,5,330,16829.310749891654,12765.88093340801,,,,1098.0,3.332
20733,5,331,16830.310749891654,12766.88093340801,,,,1098.0,3.321
20734,5,332,16831.310749891654,12767.88093340801,,,,1097.0,3.31
20735,5,333,16832.310749891654,12768.88093340801,,,,1095.0,3.298
20736,5,334,16833.310749891654,12769.88093340801,,,,1095.0,3.285
20737,5,335,16834.310749891654,12770.88093340801,,,,1094.0,3.272
20738,5,336,16835.310749891654,12771.88093340801,,,,1093.0,3.259
20739,5,337,16836.310749891654,12772.88093340801,,,,1093.0,3.246
20740,5,338,16837.310749891654,12773.88093340801,,,,1092.0,3.235
20741,5,339,16838.310749891654,12774.88093340801,,,,1093.0,3.222
20742,5,340,16839.310749891654,12775.88093340801,,,,1092.0,3.211
20743,5,341,16840.310749891654,12776.88093340801,,,,1091.0,3.2
20744,5,342,16841.310749891654,12777.88093340801,,,,1091.0,3.187
20745,5,343,16842.310749891654,12778.88093340801,,,,1089.0,3.175
20746,5,344,16843.310749891654,12779.88093340801,,,,1085.0,3.16
20747,5,345,16844.310749891654,12780.88093340801,,,,1082.0,3.144
20748,5,346,16845.310749891654,12781.88093340801,,,,1080.0,3.127
20749,5,347,16846.310749891654,12782.88093340801,,,,1077.0,3.109
20750,5,348,16847.310749891654,12783.88093340801,,,,1076.0,3.093
20751,5,349,16848.310749891654,12784.88093340801,,,,1076.0,3.077
20752,5,350,16849.310749891654,12785.88093340801,,,,1076.0,3.063
20753,5,351,16850.310749891654,12786.88093340801,,,,1077.0,3.05
20754,5,352,16851.310749891654,12787.88093340801,,,,1076.0,3.036
20755,5,353,16852.310749891654,12788.88093340801,,,,1074.0,3.022
20756,5,354,16853.310749891654,12789.88093340801,,,,1072.0,3.006
20757,5,355,16854.310749891654,12790.88093340801,,,,1070.0,2.992
20758,5,356,16855.310749891654,12791.88093340801,,,,1068.0,2.976
20759,5,357,16856.310749891654,12792.88093340801,,,,1066.0,2.959
20760,5,358,16857.310749891654,12793.88093340801,,,,1065.0,2.944
20761,5,359,16858.310749891654,12794.88093340801,,,,1064.0,2.927
20762,5,360,16859.310749891654,12795.88093340801,,,,1062.0,2.912
20763,5,361,16860.310749891654,12796.88093340801,,,,1061.0,2.896
20764,5,362,16861.310749891654,12797.88093340801,,,,1060.0,2.881
20765,5,363,16862.310749891654,12798.88093340801,,,,1059.0,2.865
20766,5,364,16863.310749891654,12799.88093340801,,,,1057.0,2.849
20767,5,365,16864.310749891654,12800.88093340801,,,,1056.0,2.834
20768,5,366,16865.310749891654,12801.88093340801,,,,1054.0,2.818
20769,5,367,16866.310749891654,12802.88093340801,,,,1052.0,2.802
20770,5,368,16867.310749891654,12803.88093340801,,,,1050.0,2.787
20771,5,369,16868.310749891654,12804.88093340801,,,,1049.0,2.77
20772,5,370,16869.310749891654,12805.88093340801,,,,1048.0,2.754
20773,5,371,16870.310749891654,12806.88093340801,,,,1046.0,2.739
20774,5,372,16871.310749891654,12807.88093340801,,,,1044.0,2.724
20775,5,373,16872.310749891654,12808.88093340801,,,,1043.0,2.709
20776,5,374,16873.310749891654,12809.88093340801,,,,1041.0,2.693
20777,5,375,16874.310749891654,12810.88093340801,,,,1039.0,2.677
20778,5,376,16875.310749891654,12811.88093340801,,,,1037.0,2.662
20779,5,377,16876.310749891654,12812.88093340801,,,,1035.0,2.647
20780,5,378,16877.310749891654,12813.88093340801,,,,1034.0,2.631
20781,5,379,16878.310749891654,12814.88093340801,,,,1032.0,2.615
20782,5,380,16879.310749891654,12815.88093340801,,,,1030.0,2.6
20783,5,381,16880.310749891654,12816.88093340801,,,,1028.0,2.585
20784,5,382,16881.310749891654,12817.88093340801,,,,1026.0,2.569
20785,5,383,16882.310749891654,12818.88093340801,,,,1025.0,2.553
20786,5,384,16883.310749891654,12819.88093340801,,,,1023.0,2.537
20787,5,385,16884.310749891654,12820.88093340801,,,,1021.0,2.521
20788,5,386,16885.310749891654,12821.88093340801,,,,1019.0,2.506
20789,5,387,16886.310749891654,12822.88093340801,,,,1018.0,2.491
20790,5,388,16887.310749891654,12823.88093340801,,,,1016.0,2.476
20791,5,389,16888.310749891654,12824.88093340801,,,,1014.0,2.461
20792,5,390,16889.310749891654,12825.88093340801,,,,1012.0,2.446
20793,5,391,16890.310749891654,12826.88093340801,,,,1010.0,2.431
20794,5,392,16891.310749891654,12827.88093340801,,,,1008.0,2.413
20795,5,393,16892.310749891654,12828.88093340801,,,,1006.0,2.398
20796,5,394,16893.310749891654,12829.88093340801,,,,1003.0,2.382
20797,5,395,16894.310749891654,12830.88093340801,,,,1001.0,2.367
20798,5,396,16895.310749891654,12831.88093340801,,,,999.0,2.352
20799,5,397,16896.310749891654,12832.88093340801,,,,997.0,2.337
20800,5,398,16897.310749891654,12833.88093340801,,,,994.0,2.322
20801,5,399,16898.310749891654,12834.88093340801,,,,992.0,2.305
20802,5,400,16899.310749891654,12835.88093340801,,,,991.0,2.291
20803,5,401,16900.310749891654,12836.88093340801,,,,989.0,2.277
20804,5,402,16901.310749891654,12837.88093340801,,,,987.0,2.262
20805,5,403,16902.310749891654,12838.88093340801,,,,985.0,2.247
20806,5,404,16903.310749891654,12839.88093340801,,,,983.0,2.232
20807,5,405,16904.310749891654,12840.88093340801,,,,980.0,2.216
20808,5,406,16905.310749891654,12841.88093340801,,,,978.0,2.2
20809,5,407,16906.310749891654,12842.88093340801,,,,975.0,2.186
20810,5,408,16907.310749891654,12843.88093340801,,,,974.0,2.169
20811,5,409,16908.310749891654,12844.88093340801,,,,971.0,2.154
20812,5,410,16909.310749891654,12845.88093340801,,,,969.0,2.139
20813,5,411,16910.310749891654,12846.88093340801,,,,968.0,2.122
20814,5,412,16911.310749891654,12847.88093340801,,,,966.0,2.107
20815,5,413,16912.310749891654,12848.88093340801,,,,965.0,2.091
20816,5,414,16913.310749891654,12849.88093340801,,,,964.0,2.077
20817,5,415,16914.310749891654,12850.88093340801,,,,963.0,2.061
20818,5,416,16915.310749891654,12851.88093340801,,,,962.0,2.045
20819,5,417,16916.310749891654,12852.88093340801,,,,961.0,2.032
20820,5,418,16917.310749891654,12853.88093340801,,,,958.0,2.017
20821,5,419,16918.310749891654,12854.88093340801,,,,955.0,2.002
20822,5,420,16919.310749891654,12855.88093340801,,,,953.0,1.986
20823,5,421,16920.310749891654,12856.88093340801,,,,951.0,1.972
20824,5,422,16921.310749891654,12857.88093340801,,,,949.0,1.957
20825,5,423,16922.310749891654,12858.88093340801,,,,947.0,1.943
20826,5,424,16923.310749891654,12859.88093340801,,,,944.0,1.929
20827,5,425,16924.310749891654,12860.88093340801,,,,942.0,1.915
20828,5,426,16925.310749891654,12861.88093340801,,,,940.0,1.9
20829,5,427,16926.310749891654,12862.88093340801,,,,938.0,1.886
20830,5,428,16927.310749891654,12863.88093340801,,,,935.0,1.873
20831,5,429,16928.310749891654,12864.88093340801,,,,933.0,1.857
20832,5,430,16929.310749891654,12865.88093340801,,,,931.0,1.843
20833,5,431,16930.310749891654,12866.88093340801,,,,928.0,1.83
20834,5,432,16931.310749891654,12867.88093340801,,,,924.0,1.815
20835,5,433,16932.310749891654,12868.88093340801,,,,922.0,1.8
20836,5,434,16933.310749891654,12869.88093340801,,,,920.0,1.786
20837,5,435,16934.310749891654,12870.88093340801,,,,919.0,1.771
20838,5,436,16935.310749891654,12871.88093340801,,,,918.0,1.757
20839,5,437,16936.310749891654,12872.88093340801,,,,918.0,1.743
20840,5,438,16937.310749891654,12873.88093340801,,,,918.0,1.73
20841,5,439,16938.310749891654,12874.88093340801,,,,919.0,1.716
20842,5,440,16939.310749891654,12875.88093340801,,,,919.0,1.703
20843,5,441,16940.310749891654,12876.88093340801,,,,918.0,1.69
20844,5,442,16941.310749891654,12877.88093340801,,,,919.0,1.678
20845,5,443,16942.310749891654,12878.88093340801,,,,918.0,1.664
20846,5,444,16943.310749891654,12879.88093340801,,,,917.0,1.653
20847,5,445,16944.310749891654,12880.88093340801,,,,915.0,1.639
20848,5,446,16945.310749891654,12881.88093340801,,,,912.0,1.625
20849,5,447,16946.310749891654,12882.88093340801,,,,911.0,1.611
20850,5,448,16947.310749891654,12883.88093340801,,,,909.0,1.598
20851,5,449,16948.310749891654,12884.88093340801,,,,908.0,1.584
20852,5,450,16949.310749891654,12885.88093340801,,,,907.0,1.569
20853,5,451,16950.310749891654,12886.88093340801,,,,906.0,1.556
20854,5,452,16951.310749891654,12887.88093340801,,,,904.0,1.542
20855,5,453,16952.310749891654,12888.88093340801,,,,903.0,1.528
20856,5,454,16953.310749891654,12889.88093340801,,,,902.0,1.514
20857,5,455,16954.310749891654,12890.88093340801,,,,900.0,1.498
20858,5,456,16955.310749891654,12891.88093340801,,,,899.0,1.484
20859,5,457,16956.310749891654,12892.88093340801,,,,898.0,1.467
20860,5,458,16957.310749891654,12893.88093340801,,,,898.0,1.452
20861,5,459,16958.310749891654,12894.88093340801,,,,898.0,1.437
20862,5,460,16959.310749891654,12895.88093340801,,,,898.0,1.424
20863,5,461,16960.310749891654,12896.88093340801,,,,898.0,1.41
20864,5,462,16961.310749891654,12897.88093340801,,,,896.0,1.395
20865,5,463,16962.310749891654,12898.88093340801,,,,896.0,1.382
20866,5,464,16963.310749891654,12899.88093340801,,,,894.0,1.367
20867,5,465,16964.310749891654,12900.88093340801,,,,893.0,1.352
20868,5,466,16965.310749891654,12901.88093340801,,,,891.0,1.339
20869,5,467,16966.310749891654,12902.88093340801,,,,890.0,1.325
20870,5,468,16967.310749891654,12903.88093340801,,,,888.0,1.31
20871,5,469,16968.310749891654,12904.88093340801,,,,887.0,1.296
20872,5,470,16969.310749891654,12905.88093340801,,,,885.0,1.28
20873,5,471,16970.310749891654,12906.88093340801,,,,883.0,1.266
20874,5,472,16971.310749891654,12907.88093340801,,,,881.0,1.251
20875,5,473,16972.310749891654,12908.88093340801,,,,879.0,1.234
20876,5,474,16973.310749891654,12909.88093340801,,,,877.0,1.219
20877,5,475,16974.310749891654,12910.88093340801,,,,874.0,1.203
20878,5,476,16975.310749891654,12911.88093340801,,,,872.0,1.186
20879,5,477,16976.310749891654,12912.88093340801,,,,868.0,1.17
20880,5,478,16977.310749891654,12913.88093340801,,,,866.0,1.153
20881,5,479,16978.310749891654,12914.88093340801,,,,863.0,1.136
20882,5,480,16979.310749891654,12915.88093340801,,,,860.0,1.121
20883,5,481,16980.310749891654,12916.88093340801,,,,858.0,1.104
20884,5,482,16981.310749891654,12917.88093340801,,,,855.0,1.088
20885,5,483,16982.310749891654,12918.88093340801,,,,853.0,1.071
20886,5,484,16983.310749891654,12919.88093340801,,,,850.0,1.056
20887,5,485,16984.310749891654,12920.88093340801,,,,848.0,1.038
20888,5,486,16985.310749891654,12921.88093340801,,,,846.0,1.021
20889,5,487,16986.310749891654,12922.88093340801,,,,844.0,1.005
20890,5,488,16987.310749891654,12923.88093340801,,,,842.0,0.988
20891,5,489,16988.310749891654,12924.88093340801,,,,840.0,0.971
20892,5,490,16989.310749891654,12925.88093340801,,,,839.0,0.956
20893,5,491,16990.310749891654,12926.88093340801,,,,837.0,0.94
20894,5,492,16991.310749891654,12927.88093340801,,,,837.0,0.924
20895,5,493,16992.310749891654,12928.88093340801,,,,835.0,0.908
20896,5,494,16993.310749891654,12929.88093340801,,,,834.0,0.893
20897,5,495,16994.310749891654,12930.88093340801,,,,833.0,0.876
20898,5,496,16995.310749891654,12931.88093340801,,,,831.0,0.861
20899,5,497,16996.310749891654,12932.88093340801,,,,829.0,0.844
20900,5,498,16997.310749891654,12933.88093340801,,,,828.0,0.828
20901,5,499,16998.310749891654,12934.88093340801,,,,825.0,0.813
20902,5,500,16999.310749891654,12935.88093340801,,,,824.0,0.796
20903,5,501,17000.310749891654,12936.88093340801,,,,821.0,0.781
20904,5,502,17001.310749891654,12937.88093340801,,,,818.0,0.765
20905,5,503,17002.310749891654,12938.88093340801,,,,816.0,0.748
20906,5,504,17003.310749891654,12939.88093340801,,,,812.0,0.732
20907,5,505,17004.310749891654,12940.88093340801,,,,810.0,0.715
20908,5,506,17005.310749891654,12941.88093340801,,,,807.0,0.698
20909,5,507,17006.310749891654,12942.88093340801,,,,805.0,0.682
20910,5,508,17007.310749891654,12943.88093340801,,,,803.0,0.665
20911,5,509,17008.310749891654,12944.88093340801,,,,801.0,0.649
20912,5,510,17009.310749891654,12945.88093340801,,,,798.0,0.634
20913,5,511,17010.310749891654,12946.88093340801,,,,796.0,0.617
20914,5,512,17011.310749891654,12947.88093340801,,,,793.0,0.602
20915,5,513,17012.310749891654,12948.88093340801,,,,791.0,0.585
20916,5,514,17013.310749891654,12949.88093340801,,,,789.0,0.568
20917,5,515,17014.310749891654,12950.88093340801,,,,787.0,0.553
20918,5,516,17015.310749891654,12951.88093340801,,,,785.0,0.537
20919,5,517,17016.310749891654,12952.88093340801,,,,784.0,0.521
20920,5,518,17017.310749891654,12953.88093340801,,,,782.0,0.507
20921,5,519,17018.310749891654,12954.88093340801,,,,779.0,0.492
20922,5,520,17019.310749891654,12955.88093340801,,,,778.0,0.477
20923,5,521,17020.310749891654,12956.88093340801,,,,775.0,0.461
20924,5,522,17021.310749891654,12957.88093340801,,,,773.0,0.446
20925,5,523,17022.310749891654,12958.88093340801,,,,771.0,0.43
20926,5,524,17023.310749891654,12959.88093340801,,,,768.0,0.414
20927,5,525,17024.310749891654,12960.88093340801,,,,767.0,0.399
20928,5,526,17025.310749891654,12961.88093340801,,,,766.0,0.385
20929,5,527,17026.310749891654,12962.88093340801,,,,764.0,0.371
20930,5,528,17027.310749891654,12963.88093340801,,,,763.0,0.357
20931,5,529,17028.310749891654,12964.88093340801,,,,761.0,0.342
20932,5,530,17029.310749891654,12965.88093340801,,,,758.0,0.329
20933,5,531,17030.310749891654,12966.88093340801,,,,756.0,0.314
20934,5,532,17031.310749891654,12967.88093340801,,,,754.0,0.3
20935,5,533,17032.310749891654,12968.88093340801,,,,750.0,0.287
20936,5,534,17033.310749891654,12969.88093340801,,,,747.0,0.272
20937,5,535,17034.310749891654,12970.88093340801,,,,746.0,0.259
20938,5,536,17035.310749891654,12971.88093340801,,,,744.0,0.245
20939,5,537,17036.310749891654,12972.88093340801,,,,742.0,0.231
20940,5,538,17037.310749891654,12973.88093340801,,,,739.0,0.22
20941,5,539,17038.310749891654,12974.88093340801,,,,737.0,0.208
20942,5,540,17039.310749891654,12975.88093340801,,,,735.0,0.195
20943,5,541,17040.310749891654,12976.88093340801,,,,732.0,0.183
20944,5,542,17041.310749891654,12977.88093340801,,,,729.0,0.173
20945,5,543,17042.310749891654,12978.88093340801,,,,726.0,0.162
20946,5,544,17043.310749891654,12979.88093340801,,,,724.0,0.154
20947,5,545,17044.310749891654,12980.88093340801,,,,721.0,0.145
20948,5,546,17045.310749891654,12981.88093340801,,,,719.0,0.135
20949,5,547,17046.310749891654,12982.88093340801,,,,718.0,0.121
20950,5,548,17047.310749891654,12983.88093340801,,,,715.0,0.106
20951,5,549,17048.310749891654,12984.88093340801,,,,713.0,9.3e-2
20952,5,550,17049.310749891654,12985.88093340801,,,,710.0,7.9e-2
20953,5,551,17050.310749891654,12986.88093340801,,,,708.0,6.4e-2
20954,5,552,17051.310749891654,12987.88093340801,,,,705.0,5.1e-2
20955,5,553,17052.310749891654,12988.88093340801,,,,703.0,3.9e-2
0,6,20954,17052.640400385335,12989.21058390169,,,,702.34,0.0
