fixIdx,legIdx,zoneIdx,tickLead,tickRace,time,lat,lng,alt,togo
6,1,1,-2925.829098031187,-6518.110173895012,2020-08-08T10:53:35Z,45.41823333,7.64201667,873.00,59.644
7,1,2,-2924.829098031187,-6517.110173895012,2020-08-08T10:53:36Z,45.41821667,7.64203333,866.00,59.642
8,1,3,-2923.829098031187,-6516.110173895012,2020-08-08T10:53:37Z,45.41820000,7.64205000,871.00,59.64
9,1,4,-2922.829098031187,-6515.110173895012,2020-08-08T10:53:38Z,45.41818333,7.64210000,871.00,59.635
10,1,5,-2921.829098031187,-6514.110173895012,2020-08-08T10:53:39Z,45.41815000,7.64215000,871.00,59.63
11,1,6,-2920.829098031187,-6513.110173895012,2020-08-08T10:53:40Z,45.41810000,7.64220000,870.00,59.625
12,1,7,-2919.829098031187,-6512.110173895012,2020-08-08T10:53:41Z,45.41806667,7.64226667,870.00,59.618
13,1,8,-2918.829098031187,-6511.110173895012,2020-08-08T10:53:42Z,45.41801667,7.64233333,869.00,59.611
14,1,9,-2917.829098031187,-6510.110173895012,2020-08-08T10:53:43Z,45.41798333,7.64241667,868.00,59.604
15,1,10,-2916.829098031187,-6509.110173895012,2020-08-08T10:53:44Z,45.41793333,7.64251667,868.00,59.595
16,1,11,-2915.829098031187,-6508.110173895012,2020-08-08T10:53:45Z,45.41791667,7.64260000,869.00,59.588
17,1,12,-2914.829098031187,-6507.110173895012,2020-08-08T10:53:46Z,45.41788333,7.64268333,869.00,59.58
18,1,13,-2913.829098031187,-6506.110173895012,2020-08-08T10:53:47Z,45.41788333,7.64275000,869.00,59.576
19,1,14,-2912.829098031187,-6505.110173895012,2020-08-08T10:53:48Z,45.41788333,7.64283333,868.00,59.57
20,1,15,-2911.829098031187,-6504.110173895012,2020-08-08T10:53:49Z,45.41788333,7.64291667,868.00,59.564
21,1,16,-2910.829098031187,-6503.110173895012,2020-08-08T10:53:50Z,45.41786667,7.64303333,867.00,59.555
22,1,17,-2909.829098031187,-6502.110173895012,2020-08-08T10:53:51Z,45.41786667,7.64316667,866.00,59.545
23,1,18,-2908.829098031187,-6501.110173895012,2020-08-08T10:53:52Z,45.41786667,7.64328333,866.00,59.537
24,1,19,-2907.829098031187,-6500.110173895012,2020-08-08T10:53:53Z,45.41790000,7.64340000,866.00,59.53
25,1,20,-2906.829098031187,-6499.110173895012,2020-08-08T10:53:54Z,45.41793333,7.64350000,866.00,59.524
26,1,21,-2905.829098031187,-6498.110173895012,2020-08-08T10:53:55Z,45.41798333,7.64358333,867.00,59.52
27,1,22,-2904.829098031187,-6497.110173895012,2020-08-08T10:53:56Z,45.41805000,7.64366667,866.00,59.517
28,1,23,-2903.829098031187,-6496.110173895012,2020-08-08T10:53:57Z,45.41811667,7.64376667,866.00,59.513
29,1,24,-2902.829098031187,-6495.110173895012,2020-08-08T10:53:58Z,45.41818333,7.64388333,864.00,59.508
30,1,25,-2901.829098031187,-6494.110173895012,2020-08-08T10:53:59Z,45.41825000,7.64400000,865.00,59.502
31,1,26,-2900.829098031187,-6493.110173895012,2020-08-08T10:54:00Z,45.41831667,7.64411667,864.00,59.497
32,1,27,-2899.829098031187,-6492.110173895012,2020-08-08T10:54:01Z,45.41838333,7.64421667,865.00,59.493
33,1,28,-2898.829098031187,-6491.110173895012,2020-08-08T10:54:02Z,45.41845000,7.64430000,865.00,59.49
34,1,29,-2897.829098031187,-6490.110173895012,2020-08-08T10:54:03Z,45.41851667,7.64440000,865.00,59.486
35,1,30,-2896.829098031187,-6489.110173895012,2020-08-08T10:54:04Z,45.41858333,7.64451667,864.00,59.48
36,1,31,-2895.829098031187,-6488.110173895012,2020-08-08T10:54:05Z,45.41865000,7.64463333,863.00,59.475
37,1,32,-2894.829098031187,-6487.110173895012,2020-08-08T10:54:06Z,45.41871667,7.64475000,863.00,59.47
38,1,33,-2893.829098031187,-6486.110173895012,2020-08-08T10:54:07Z,45.41876667,7.64486667,863.00,59.464
39,1,34,-2892.829098031187,-6485.110173895012,2020-08-08T10:54:08Z,45.41881667,7.64495000,865.00,59.46
40,1,35,-2891.829098031187,-6484.110173895012,2020-08-08T10:54:09Z,45.41886667,7.64505000,864.00,59.455
41,1,36,-2890.829098031187,-6483.110173895012,2020-08-08T10:54:10Z,45.41890000,7.64515000,864.00,59.449
42,1,37,-2889.829098031187,-6482.110173895012,2020-08-08T10:54:11Z,45.41891667,7.64526667,864.00,59.442
43,1,38,-2888.829098031187,-6481.110173895012,2020-08-08T10:54:12Z,45.41893333,7.64538333,864.00,59.434
44,1,39,-2887.829098031187,-6480.110173895012,2020-08-08T10:54:13Z,45.41893333,7.64548333,864.00,59.427
45,1,40,-2886.829098031187,-6479.110173895012,2020-08-08T10:54:14Z,45.41890000,7.64555000,863.00,59.421
46,1,41,-2885.829098031187,-6478.110173895012,2020-08-08T10:54:15Z,45.41885000,7.64560000,862.00,59.415
47,1,42,-2884.829098031187,-6477.110173895012,2020-08-08T10:54:16Z,45.41878333,7.64560000,861.00,59.412
48,1,43,-2883.829098031187,-6476.110173895012,2020-08-08T10:54:17Z,45.41871667,7.64556667,861.00,59.411
49,1,44,-2882.829098031187,-6475.110173895012,2020-08-08T10:54:18Z,45.41866667,7.64550000,861.00,59.414
50,1,45,-2881.829098031187,-6474.110173895012,2020-08-08T10:54:19Z,45.41861667,7.64541667,860.00,59.418
51,1,46,-2880.829098031187,-6473.110173895012,2020-08-08T10:54:20Z,45.41858333,7.64530000,859.00,59.424
52,1,47,-2879.829098031187,-6472.110173895012,2020-08-08T10:54:21Z,45.41855000,7.64520000,859.00,59.43
53,1,48,-2878.829098031187,-6471.110173895012,2020-08-08T10:54:22Z,45.41851667,7.64508333,859.00,59.437
54,1,49,-2877.829098031187,-6470.110173895012,2020-08-08T10:54:23Z,45.41846667,7.64498333,858.00,59.442
55,1,50,-2876.829098031187,-6469.110173895012,2020-08-08T10:54:24Z,45.41841667,7.64488333,857.00,59.447
56,1,51,-2875.829098031187,-6468.110173895012,2020-08-08T10:54:25Z,45.41835000,7.64481667,856.00,59.448
57,1,52,-2874.829098031187,-6467.110173895012,2020-08-08T10:54:26Z,45.41830000,7.64475000,855.00,59.451
58,1,53,-2873.829098031187,-6466.110173895012,2020-08-08T10:54:27Z,45.41823333,7.64468333,855.00,59.453
59,1,54,-2872.829098031187,-6465.110173895012,2020-08-08T10:54:28Z,45.41818333,7.64461667,854.00,59.455
60,1,55,-2871.829098031187,-6464.110173895012,2020-08-08T10:54:29Z,45.41811667,7.64455000,853.00,59.457
61,1,56,-2870.829098031187,-6463.110173895012,2020-08-08T10:54:30Z,45.41803333,7.64448333,852.00,59.458
62,1,57,-2869.829098031187,-6462.110173895012,2020-08-08T10:54:31Z,45.41796667,7.64441667,852.00,59.46
63,1,58,-2868.829098031187,-6461.110173895012,2020-08-08T10:54:32Z,45.41790000,7.64433333,852.00,59.463
64,1,59,-2867.829098031187,-6460.110173895012,2020-08-08T10:54:33Z,45.41785000,7.64425000,852.00,59.467
65,1,60,-2866.829098031187,-6459.110173895012,2020-08-08T10:54:34Z,45.41778333,7.64415000,852.00,59.471
66,1,61,-2865.829098031187,-6458.110173895012,2020-08-08T10:54:35Z,45.41775000,7.64403333,852.00,59.478
67,1,62,-2864.829098031187,-6457.110173895012,2020-08-08T10:54:36Z,45.41770000,7.64391667,851.00,59.484
68,1,63,-2863.829098031187,-6456.110173895012,2020-08-08T10:54:37Z,45.41765000,7.64380000,850.00,59.49
69,1,64,-2862.829098031187,-6455.110173895012,2020-08-08T10:54:38Z,45.41760000,7.64368333,848.00,59.496
70,1,65,-2861.829098031187,-6454.110173895012,2020-08-08T10:54:39Z,45.41753333,7.64358333,849.00,59.5
71,1,66,-2860.829098031187,-6453.110173895012,2020-08-08T10:54:40Z,45.41748333,7.64351667,851.00,59.503
72,1,67,-2859.829098031187,-6452.110173895012,2020-08-08T10:54:41Z,45.41746667,7.64345000,853.00,59.507
73,1,68,-2858.829098031187,-6451.110173895012,2020-08-08T10:54:42Z,45.41745000,7.64338333,856.00,59.511
74,1,69,-2857.829098031187,-6450.110173895012,2020-08-08T10:54:43Z,45.41743333,7.64330000,856.00,59.516
75,1,70,-2856.829098031187,-6449.110173895012,2020-08-08T10:54:44Z,45.41740000,7.64318333,855.00,59.523
76,1,71,-2855.829098031187,-6448.110173895012,2020-08-08T10:54:45Z,45.41738333,7.64305000,855.00,59.532
77,1,72,-2854.829098031187,-6447.110173895012,2020-08-08T10:54:46Z,45.41736667,7.64288333,855.00,59.543
78,1,73,-2853.829098031187,-6446.110173895012,2020-08-08T10:54:47Z,45.41736667,7.64273333,855.00,59.554
79,1,74,-2852.829098031187,-6445.110173895012,2020-08-08T10:54:48Z,45.41735000,7.64258333,857.00,59.564
80,1,75,-2851.829098031187,-6444.110173895012,2020-08-08T10:54:49Z,45.41731667,7.64246667,858.00,59.571
81,1,76,-2850.829098031187,-6443.110173895012,2020-08-08T10:54:50Z,45.41726667,7.64241667,860.00,59.573
82,1,77,-2849.829098031187,-6442.110173895012,2020-08-08T10:54:51Z,45.41720000,7.64240000,863.00,59.571
83,1,78,-2848.829098031187,-6441.110173895012,2020-08-08T10:54:52Z,45.41715000,7.64243333,863.00,59.566
84,1,79,-2847.829098031187,-6440.110173895012,2020-08-08T10:54:53Z,45.41711667,7.64250000,864.00,59.56
85,1,80,-2846.829098031187,-6439.110173895012,2020-08-08T10:54:54Z,45.41710000,7.64258333,866.00,59.553
86,1,81,-2845.829098031187,-6438.110173895012,2020-08-08T10:54:55Z,45.41710000,7.64268333,868.00,59.546
87,1,82,-2844.829098031187,-6437.110173895012,2020-08-08T10:54:56Z,45.41715000,7.64276667,871.00,59.542
88,1,83,-2843.829098031187,-6436.110173895012,2020-08-08T10:54:57Z,45.41720000,7.64285000,871.00,59.539
89,1,84,-2842.829098031187,-6435.110173895012,2020-08-08T10:54:58Z,45.41723333,7.64291667,873.00,59.535
90,1,85,-2841.829098031187,-6434.110173895012,2020-08-08T10:54:59Z,45.41725000,7.64300000,874.00,59.53
91,1,86,-2840.829098031187,-6433.110173895012,2020-08-08T10:55:00Z,45.41721667,7.64308333,873.00,59.522
92,1,87,-2839.829098031187,-6432.110173895012,2020-08-08T10:55:01Z,45.41713333,7.64310000,873.00,59.518
93,1,88,-2838.829098031187,-6431.110173895012,2020-08-08T10:55:02Z,45.41705000,7.64305000,874.00,59.518
94,1,89,-2837.829098031187,-6430.110173895012,2020-08-08T10:55:03Z,45.41700000,7.64293333,875.00,59.524
95,1,90,-2836.829098031187,-6429.110173895012,2020-08-08T10:55:04Z,45.41698333,7.64278333,876.00,59.534
96,1,91,-2835.829098031187,-6428.110173895012,2020-08-08T10:55:05Z,45.41700000,7.64263333,877.00,59.545
97,1,92,-2834.829098031187,-6427.110173895012,2020-08-08T10:55:06Z,45.41703333,7.64246667,877.00,59.559
98,1,93,-2833.829098031187,-6426.110173895012,2020-08-08T10:55:07Z,45.41706667,7.64231667,877.00,59.571
99,1,94,-2832.829098031187,-6425.110173895012,2020-08-08T10:55:08Z,45.41706667,7.64216667,877.00,59.582
100,1,95,-2831.829098031187,-6424.110173895012,2020-08-08T10:55:09Z,45.41706667,7.64201667,877.00,59.593
101,1,96,-2830.829098031187,-6423.110173895012,2020-08-08T10:55:10Z,45.41705000,7.64188333,877.00,59.601
102,1,97,-2829.829098031187,-6422.110173895012,2020-08-08T10:55:11Z,45.41705000,7.64175000,878.00,59.611
103,1,98,-2828.829098031187,-6421.110173895012,2020-08-08T10:55:12Z,45.41705000,7.64161667,879.00,59.621
104,1,99,-2827.829098031187,-6420.110173895012,2020-08-08T10:55:13Z,45.41706667,7.64146667,879.00,59.632
105,1,100,-2826.829098031187,-6419.110173895012,2020-08-08T10:55:14Z,45.41713333,7.64133333,879.00,59.645
106,1,101,-2825.829098031187,-6418.110173895012,2020-08-08T10:55:15Z,45.41721667,7.64120000,875.00,59.658
107,1,102,-2824.829098031187,-6417.110173895012,2020-08-08T10:55:16Z,45.41736667,7.64118333,872.00,59.666
108,1,103,-2823.829098031187,-6416.110173895012,2020-08-08T10:55:17Z,45.41748333,7.64131667,870.00,59.661
109,1,104,-2822.829098031187,-6415.110173895012,2020-08-08T10:55:18Z,45.41753333,7.64145000,869.00,59.654
110,1,105,-2821.829098031187,-6414.110173895012,2020-08-08T10:55:19Z,45.41755000,7.64158333,871.00,59.645
111,1,106,-2820.829098031187,-6413.110173895012,2020-08-08T10:55:20Z,45.41756667,7.64166667,873.00,59.639
112,1,107,-2819.829098031187,-6412.110173895012,2020-08-08T10:55:21Z,45.41760000,7.64173333,875.00,59.636
113,1,108,-2818.829098031187,-6411.110173895012,2020-08-08T10:55:22Z,45.41763333,7.64178333,876.00,59.634
114,1,109,-2817.829098031187,-6410.110173895012,2020-08-08T10:55:23Z,45.41766667,7.64186667,877.00,59.629
115,1,110,-2816.829098031187,-6409.110173895012,2020-08-08T10:55:24Z,45.41771667,7.64196667,876.00,59.624
116,1,111,-2815.829098031187,-6408.110173895012,2020-08-08T10:55:25Z,45.41775000,7.64206667,875.00,59.619
117,1,112,-2814.829098031187,-6407.110173895012,2020-08-08T10:55:26Z,45.41778333,7.64218333,875.00,59.612
118,1,113,-2813.829098031187,-6406.110173895012,2020-08-08T10:55:27Z,45.41780000,7.64231667,875.00,59.603
119,1,114,-2812.829098031187,-6405.110173895012,2020-08-08T10:55:28Z,45.41781667,7.64241667,876.00,59.597
120,1,115,-2811.829098031187,-6404.110173895012,2020-08-08T10:55:29Z,45.41781667,7.64250000,877.00,59.591
121,1,116,-2810.829098031187,-6403.110173895012,2020-08-08T10:55:30Z,45.41778333,7.64258333,878.00,59.583
122,1,117,-2809.829098031187,-6402.110173895012,2020-08-08T10:55:31Z,45.41775000,7.64266667,880.00,59.576
123,1,118,-2808.829098031187,-6401.110173895012,2020-08-08T10:55:32Z,45.41771667,7.64273333,881.00,59.569
124,1,119,-2807.829098031187,-6400.110173895012,2020-08-08T10:55:33Z,45.41768333,7.64278333,883.00,59.564
125,1,120,-2806.829098031187,-6399.110173895012,2020-08-08T10:55:34Z,45.41765000,7.64283333,885.00,59.559
126,1,121,-2805.829098031187,-6398.110173895012,2020-08-08T10:55:35Z,45.41761667,7.64285000,886.00,59.557
127,1,122,-2804.829098031187,-6397.110173895012,2020-08-08T10:55:36Z,45.41756667,7.64286667,887.00,59.553
128,1,123,-2803.829098031187,-6396.110173895012,2020-08-08T10:55:37Z,45.41750000,7.64285000,887.00,59.552
129,1,124,-2802.829098031187,-6395.110173895012,2020-08-08T10:55:38Z,45.41741667,7.64285000,887.00,59.548
130,1,125,-2801.829098031187,-6394.110173895012,2020-08-08T10:55:39Z,45.41735000,7.64285000,887.00,59.545
131,1,126,-2800.829098031187,-6393.110173895012,2020-08-08T10:55:40Z,45.41730000,7.64288333,888.00,59.54
132,1,127,-2799.829098031187,-6392.110173895012,2020-08-08T10:55:41Z,45.41726667,7.64295000,888.00,59.534
133,1,128,-2798.829098031187,-6391.110173895012,2020-08-08T10:55:42Z,45.41721667,7.64303333,890.00,59.526
134,1,129,-2797.829098031187,-6390.110173895012,2020-08-08T10:55:43Z,45.41718333,7.64310000,892.00,59.52
135,1,130,-2796.829098031187,-6389.110173895012,2020-08-08T10:55:44Z,45.41715000,7.64315000,894.00,59.515
136,1,131,-2795.829098031187,-6388.110173895012,2020-08-08T10:55:45Z,45.41710000,7.64318333,895.00,59.51
137,1,132,-2794.829098031187,-6387.110173895012,2020-08-08T10:55:46Z,45.41703333,7.64315000,895.00,59.51
138,1,133,-2793.829098031187,-6386.110173895012,2020-08-08T10:55:47Z,45.41696667,7.64308333,895.00,59.512
139,1,134,-2792.829098031187,-6385.110173895012,2020-08-08T10:55:48Z,45.41690000,7.64296667,894.00,59.517
140,1,135,-2791.829098031187,-6384.110173895012,2020-08-08T10:55:49Z,45.41683333,7.64283333,894.00,59.524
141,1,136,-2790.829098031187,-6383.110173895012,2020-08-08T10:55:50Z,45.41680000,7.64268333,894.00,59.533
142,1,137,-2789.829098031187,-6382.110173895012,2020-08-08T10:55:51Z,45.41681667,7.64251667,895.00,59.546
143,1,138,-2788.829098031187,-6381.110173895012,2020-08-08T10:55:52Z,45.41686667,7.64238333,894.00,59.558
144,1,139,-2787.829098031187,-6380.110173895012,2020-08-08T10:55:53Z,45.41696667,7.64226667,892.00,59.57
145,1,140,-2786.829098031187,-6379.110173895012,2020-08-08T10:55:54Z,45.41710000,7.64221667,889.00,59.58
146,1,141,-2785.829098031187,-6378.110173895012,2020-08-08T10:55:55Z,45.41723333,7.64223333,885.00,59.584
147,1,142,-2784.829098031187,-6377.110173895012,2020-08-08T10:55:56Z,45.41735000,7.64230000,884.00,59.585
148,1,143,-2783.829098031187,-6376.110173895012,2020-08-08T10:55:57Z,45.41745000,7.64240000,883.00,59.582
149,1,144,-2782.829098031187,-6375.110173895012,2020-08-08T10:55:58Z,45.41751667,7.64251667,884.00,59.576
150,1,145,-2781.829098031187,-6374.110173895012,2020-08-08T10:55:59Z,45.41755000,7.64261667,884.00,59.571
151,1,146,-2780.829098031187,-6373.110173895012,2020-08-08T10:56:00Z,45.41756667,7.64271667,886.00,59.564
152,1,147,-2779.829098031187,-6372.110173895012,2020-08-08T10:56:01Z,45.41758333,7.64281667,887.00,59.558
153,1,148,-2778.829098031187,-6371.110173895012,2020-08-08T10:56:02Z,45.41758333,7.64293333,888.00,59.549
154,1,149,-2777.829098031187,-6370.110173895012,2020-08-08T10:56:03Z,45.41758333,7.64305000,889.00,59.541
155,1,150,-2776.829098031187,-6369.110173895012,2020-08-08T10:56:04Z,45.41755000,7.64316667,890.00,59.531
156,1,151,-2775.829098031187,-6368.110173895012,2020-08-08T10:56:05Z,45.41748333,7.64326667,891.00,59.521
157,1,152,-2774.829098031187,-6367.110173895012,2020-08-08T10:56:06Z,45.41743333,7.64331667,892.00,59.515
158,1,153,-2773.829098031187,-6366.110173895012,2020-08-08T10:56:07Z,45.41736667,7.64331667,895.00,59.512
159,1,154,-2772.829098031187,-6365.110173895012,2020-08-08T10:56:08Z,45.41730000,7.64328333,895.00,59.512
160,1,155,-2771.829098031187,-6364.110173895012,2020-08-08T10:56:09Z,45.41725000,7.64320000,896.00,59.516
161,1,156,-2770.829098031187,-6363.110173895012,2020-08-08T10:56:10Z,45.41720000,7.64306667,896.00,59.523
162,1,157,-2769.829098031187,-6362.110173895012,2020-08-08T10:56:11Z,45.41716667,7.64293333,896.00,59.531
163,1,158,-2768.829098031187,-6361.110173895012,2020-08-08T10:56:12Z,45.41715000,7.64278333,896.00,59.541
164,1,159,-2767.829098031187,-6360.110173895012,2020-08-08T10:56:13Z,45.41713333,7.64261667,896.00,59.552
165,1,160,-2766.829098031187,-6359.110173895012,2020-08-08T10:56:14Z,45.41713333,7.64246667,897.00,59.563
166,1,161,-2765.829098031187,-6358.110173895012,2020-08-08T10:56:15Z,45.41713333,7.64230000,898.00,59.575
167,1,162,-2764.829098031187,-6357.110173895012,2020-08-08T10:56:16Z,45.41711667,7.64216667,897.00,59.584
168,1,163,-2763.829098031187,-6356.110173895012,2020-08-08T10:56:17Z,45.41706667,7.64206667,897.00,59.589
169,1,164,-2762.829098031187,-6355.110173895012,2020-08-08T10:56:18Z,45.41700000,7.64201667,894.00,59.59
170,1,165,-2761.829098031187,-6354.110173895012,2020-08-08T10:56:19Z,45.41690000,7.64205000,890.00,59.583
171,1,166,-2760.829098031187,-6353.110173895012,2020-08-08T10:56:20Z,45.41683333,7.64215000,887.00,59.573
172,1,167,-2759.829098031187,-6352.110173895012,2020-08-08T10:56:21Z,45.41680000,7.64228333,885.00,59.562
173,1,168,-2758.829098031187,-6351.110173895012,2020-08-08T10:56:22Z,45.41681667,7.64241667,884.00,59.553
174,1,169,-2757.829098031187,-6350.110173895012,2020-08-08T10:56:23Z,45.41686667,7.64251667,884.00,59.548
175,1,170,-2756.829098031187,-6349.110173895012,2020-08-08T10:56:24Z,45.41693333,7.64260000,883.00,59.545
176,1,171,-2755.829098031187,-6348.110173895012,2020-08-08T10:56:25Z,45.41700000,7.64268333,882.00,59.542
177,1,172,-2754.829098031187,-6347.110173895012,2020-08-08T10:56:26Z,45.41708333,7.64276667,880.00,59.539
178,1,173,-2753.829098031187,-6346.110173895012,2020-08-08T10:56:27Z,45.41716667,7.64286667,878.00,59.536
179,1,174,-2752.829098031187,-6345.110173895012,2020-08-08T10:56:28Z,45.41726667,7.64295000,875.00,59.534
180,1,175,-2751.829098031187,-6344.110173895012,2020-08-08T10:56:29Z,45.41736667,7.64305000,874.00,59.531
181,1,176,-2750.829098031187,-6343.110173895012,2020-08-08T10:56:30Z,45.41746667,7.64315000,873.00,59.529
182,1,177,-2749.829098031187,-6342.110173895012,2020-08-08T10:56:31Z,45.41756667,7.64325000,873.00,59.526
183,1,178,-2748.829098031187,-6341.110173895012,2020-08-08T10:56:32Z,45.41765000,7.64335000,875.00,59.522
184,1,179,-2747.829098031187,-6340.110173895012,2020-08-08T10:56:33Z,45.41771667,7.64346667,876.00,59.517
185,1,180,-2746.829098031187,-6339.110173895012,2020-08-08T10:56:34Z,45.41776667,7.64355000,878.00,59.513
186,1,181,-2745.829098031187,-6338.110173895012,2020-08-08T10:56:35Z,45.41783333,7.64363333,879.00,59.51
187,1,182,-2744.829098031187,-6337.110173895012,2020-08-08T10:56:36Z,45.41788333,7.64371667,880.00,59.506
188,1,183,-2743.829098031187,-6336.110173895012,2020-08-08T10:56:37Z,45.41795000,7.64383333,880.00,59.501
189,1,184,-2742.829098031187,-6335.110173895012,2020-08-08T10:56:38Z,45.41801667,7.64395000,880.00,59.496
190,1,185,-2741.829098031187,-6334.110173895012,2020-08-08T10:56:39Z,45.41806667,7.64410000,880.00,59.487
191,1,186,-2740.829098031187,-6333.110173895012,2020-08-08T10:56:40Z,45.41813333,7.64423333,881.00,59.48
192,1,187,-2739.829098031187,-6332.110173895012,2020-08-08T10:56:41Z,45.41818333,7.64436667,881.00,59.473
193,1,188,-2738.829098031187,-6331.110173895012,2020-08-08T10:56:42Z,45.41825000,7.64448333,881.00,59.468
194,1,189,-2737.829098031187,-6330.110173895012,2020-08-08T10:56:43Z,45.41831667,7.64460000,880.00,59.462
195,1,190,-2736.829098031187,-6329.110173895012,2020-08-08T10:56:44Z,45.41836667,7.64470000,879.00,59.458
196,1,191,-2735.829098031187,-6328.110173895012,2020-08-08T10:56:45Z,45.41841667,7.64480000,878.00,59.453
197,1,192,-2734.829098031187,-6327.110173895012,2020-08-08T10:56:46Z,45.41846667,7.64491667,875.00,59.447
198,1,193,-2733.829098031187,-6326.110173895012,2020-08-08T10:56:47Z,45.41851667,7.64506667,872.00,59.438
199,1,194,-2732.829098031187,-6325.110173895012,2020-08-08T10:56:48Z,45.41856667,7.64521667,871.00,59.43
200,1,195,-2731.829098031187,-6324.110173895012,2020-08-08T10:56:49Z,45.41861667,7.64538333,869.00,59.42
201,1,196,-2730.829098031187,-6323.110173895012,2020-08-08T10:56:50Z,45.41863333,7.64553333,870.00,59.41
202,1,197,-2729.829098031187,-6322.110173895012,2020-08-08T10:56:51Z,45.41865000,7.64568333,870.00,59.4
203,1,198,-2728.829098031187,-6321.110173895012,2020-08-08T10:56:52Z,45.41866667,7.64580000,871.00,59.393
204,1,199,-2727.829098031187,-6320.110173895012,2020-08-08T10:56:53Z,45.41868333,7.64591667,870.00,59.385
205,1,200,-2726.829098031187,-6319.110173895012,2020-08-08T10:56:54Z,45.41870000,7.64605000,870.00,59.376
206,1,201,-2725.829098031187,-6318.110173895012,2020-08-08T10:56:55Z,45.41873333,7.64618333,870.00,59.368
207,1,202,-2724.829098031187,-6317.110173895012,2020-08-08T10:56:56Z,45.41875000,7.64631667,871.00,59.359
208,1,203,-2723.829098031187,-6316.110173895012,2020-08-08T10:56:57Z,45.41878333,7.64643333,873.00,59.353
209,1,204,-2722.829098031187,-6315.110173895012,2020-08-08T10:56:58Z,45.41883333,7.64655000,873.00,59.347
210,1,205,-2721.829098031187,-6314.110173895012,2020-08-08T10:56:59Z,45.41888333,7.64666667,874.00,59.341
211,1,206,-2720.829098031187,-6313.110173895012,2020-08-08T10:57:00Z,45.41893333,7.64678333,875.00,59.335
212,1,207,-2719.829098031187,-6312.110173895012,2020-08-08T10:57:01Z,45.41898333,7.64690000,874.00,59.329
213,1,208,-2718.829098031187,-6311.110173895012,2020-08-08T10:57:02Z,45.41905000,7.64701667,873.00,59.323
214,1,209,-2717.829098031187,-6310.110173895012,2020-08-08T10:57:03Z,45.41911667,7.64711667,871.00,59.319
215,1,210,-2716.829098031187,-6309.110173895012,2020-08-08T10:57:04Z,45.41918333,7.64723333,868.00,59.314
216,1,211,-2715.829098031187,-6308.110173895012,2020-08-08T10:57:05Z,45.41925000,7.64736667,866.00,59.308
217,1,212,-2714.829098031187,-6307.110173895012,2020-08-08T10:57:06Z,45.41928333,7.64750000,863.00,59.3
218,1,213,-2713.829098031187,-6306.110173895012,2020-08-08T10:57:07Z,45.41931667,7.64763333,859.00,59.292
219,1,214,-2712.829098031187,-6305.110173895012,2020-08-08T10:57:08Z,45.41935000,7.64776667,858.00,59.284
220,1,215,-2711.829098031187,-6304.110173895012,2020-08-08T10:57:09Z,45.41940000,7.64790000,858.00,59.277
221,1,216,-2710.829098031187,-6303.110173895012,2020-08-08T10:57:10Z,45.41945000,7.64803333,859.00,59.27
222,1,217,-2709.829098031187,-6302.110173895012,2020-08-08T10:57:11Z,45.41950000,7.64813333,861.00,59.265
223,1,218,-2708.829098031187,-6301.110173895012,2020-08-08T10:57:12Z,45.41953333,7.64821667,863.00,59.26
224,1,219,-2707.829098031187,-6300.110173895012,2020-08-08T10:57:13Z,45.41958333,7.64828333,865.00,59.258
225,1,220,-2706.829098031187,-6299.110173895012,2020-08-08T10:57:14Z,45.41963333,7.64835000,867.00,59.256
226,1,221,-2705.829098031187,-6298.110173895012,2020-08-08T10:57:15Z,45.41970000,7.64841667,867.00,59.254
227,1,222,-2704.829098031187,-6297.110173895012,2020-08-08T10:57:16Z,45.41976667,7.64850000,869.00,59.251
228,1,223,-2703.829098031187,-6296.110173895012,2020-08-08T10:57:17Z,45.41981667,7.64858333,872.00,59.248
229,1,224,-2702.829098031187,-6295.110173895012,2020-08-08T10:57:18Z,45.41985000,7.64866667,874.00,59.243
230,1,225,-2701.829098031187,-6294.110173895012,2020-08-08T10:57:19Z,45.41986667,7.64875000,875.00,59.238
231,1,226,-2700.829098031187,-6293.110173895012,2020-08-08T10:57:20Z,45.41986667,7.64883333,876.00,59.232
232,1,227,-2699.829098031187,-6292.110173895012,2020-08-08T10:57:21Z,45.41985000,7.64890000,877.00,59.227
233,1,228,-2698.829098031187,-6291.110173895012,2020-08-08T10:57:22Z,45.41981667,7.64895000,878.00,59.222
234,1,229,-2697.829098031187,-6290.110173895012,2020-08-08T10:57:23Z,45.41976667,7.64898333,879.00,59.217
235,1,230,-2696.829098031187,-6289.110173895012,2020-08-08T10:57:24Z,45.41970000,7.64896667,879.00,59.215
236,1,231,-2695.829098031187,-6288.110173895012,2020-08-08T10:57:25Z,45.41963333,7.64891667,880.00,59.215
237,1,232,-2694.829098031187,-6287.110173895012,2020-08-08T10:57:26Z,45.41958333,7.64883333,881.00,59.219
238,1,233,-2693.829098031187,-6286.110173895012,2020-08-08T10:57:27Z,45.41955000,7.64871667,880.00,59.226
239,1,234,-2692.829098031187,-6285.110173895012,2020-08-08T10:57:28Z,45.41955000,7.64858333,883.00,59.235
240,1,235,-2691.829098031187,-6284.110173895012,2020-08-08T10:57:29Z,45.41955000,7.64845000,883.00,59.245
241,1,236,-2690.829098031187,-6283.110173895012,2020-08-08T10:57:30Z,45.41958333,7.64833333,886.00,59.254
242,1,237,-2689.829098031187,-6282.110173895012,2020-08-08T10:57:31Z,45.41963333,7.64820000,886.00,59.266
243,1,238,-2688.829098031187,-6281.110173895012,2020-08-08T10:57:32Z,45.41971667,7.64810000,887.00,59.277
244,1,239,-2687.829098031187,-6280.110173895012,2020-08-08T10:57:33Z,45.41981667,7.64800000,886.00,59.289
245,1,240,-2686.829098031187,-6279.110173895012,2020-08-08T10:57:34Z,45.41991667,7.64796667,886.00,59.296
246,1,241,-2685.829098031187,-6278.110173895012,2020-08-08T10:57:35Z,45.42003333,7.64795000,886.00,59.303
247,1,242,-2684.829098031187,-6277.110173895012,2020-08-08T10:57:36Z,45.42016667,7.64795000,886.00,59.309
248,1,243,-2683.829098031187,-6276.110173895012,2020-08-08T10:57:37Z,45.42026667,7.64800000,887.00,59.31
249,1,244,-2682.829098031187,-6275.110173895012,2020-08-08T10:57:38Z,45.42036667,7.64805000,888.00,59.311
250,1,245,-2681.829098031187,-6274.110173895012,2020-08-08T10:57:39Z,45.42046667,7.64813333,890.00,59.31
251,1,246,-2680.829098031187,-6273.110173895012,2020-08-08T10:57:40Z,45.42055000,7.64821667,892.00,59.308
252,1,247,-2679.829098031187,-6272.110173895012,2020-08-08T10:57:41Z,45.42061667,7.64831667,893.00,59.304
253,1,248,-2678.829098031187,-6271.110173895012,2020-08-08T10:57:42Z,45.42066667,7.64841667,894.00,59.299
254,1,249,-2677.829098031187,-6270.110173895012,2020-08-08T10:57:43Z,45.42071667,7.64855000,894.00,59.292
255,1,250,-2676.829098031187,-6269.110173895012,2020-08-08T10:57:44Z,45.42073333,7.64868333,894.00,59.284
256,1,251,-2675.829098031187,-6268.110173895012,2020-08-08T10:57:45Z,45.42073333,7.64881667,896.00,59.274
257,1,252,-2674.829098031187,-6267.110173895012,2020-08-08T10:57:46Z,45.42073333,7.64890000,899.00,59.268
258,1,253,-2673.829098031187,-6266.110173895012,2020-08-08T10:57:47Z,45.42070000,7.64895000,902.00,59.263
259,1,254,-2672.829098031187,-6265.110173895012,2020-08-08T10:57:48Z,45.42066667,7.64895000,903.00,59.262
260,1,255,-2671.829098031187,-6264.110173895012,2020-08-08T10:57:49Z,45.42060000,7.64890000,903.00,59.262
261,1,256,-2670.829098031187,-6263.110173895012,2020-08-08T10:57:50Z,45.42053333,7.64881667,903.00,59.265
262,1,257,-2669.829098031187,-6262.110173895012,2020-08-08T10:57:51Z,45.42046667,7.64868333,904.00,59.271
263,1,258,-2668.829098031187,-6261.110173895012,2020-08-08T10:57:52Z,45.42041667,7.64853333,905.00,59.279
264,1,259,-2667.829098031187,-6260.110173895012,2020-08-08T10:57:53Z,45.42043333,7.64835000,907.00,59.293
265,1,260,-2666.829098031187,-6259.110173895012,2020-08-08T10:57:54Z,45.42050000,7.64818333,906.00,59.308
266,1,261,-2665.829098031187,-6258.110173895012,2020-08-08T10:57:55Z,45.42061667,7.64805000,907.00,59.323
267,1,262,-2664.829098031187,-6257.110173895012,2020-08-08T10:57:56Z,45.42075000,7.64801667,908.00,59.332
268,1,263,-2663.829098031187,-6256.110173895012,2020-08-08T10:57:57Z,45.42086667,7.64803333,909.00,59.336
269,1,264,-2662.829098031187,-6255.110173895012,2020-08-08T10:57:58Z,45.42095000,7.64808333,910.00,59.336
270,1,265,-2661.829098031187,-6254.110173895012,2020-08-08T10:57:59Z,45.42103333,7.64816667,911.00,59.334
271,1,266,-2660.829098031187,-6253.110173895012,2020-08-08T10:58:00Z,45.42108333,7.64826667,911.00,59.33
272,1,267,-2659.829098031187,-6252.110173895012,2020-08-08T10:58:01Z,45.42115000,7.64840000,912.00,59.324
273,1,268,-2658.829098031187,-6251.110173895012,2020-08-08T10:58:02Z,45.42120000,7.64851667,912.00,59.318
274,1,269,-2657.829098031187,-6250.110173895012,2020-08-08T10:58:03Z,45.42125000,7.64861667,914.00,59.313
275,1,270,-2656.829098031187,-6249.110173895012,2020-08-08T10:58:04Z,45.42128333,7.64871667,915.00,59.308
276,1,271,-2655.829098031187,-6248.110173895012,2020-08-08T10:58:05Z,45.42130000,7.64880000,917.00,59.303
277,1,272,-2654.829098031187,-6247.110173895012,2020-08-08T10:58:06Z,45.42131667,7.64888333,919.00,59.297
278,1,273,-2653.829098031187,-6246.110173895012,2020-08-08T10:58:07Z,45.42128333,7.64895000,920.00,59.291
279,1,274,-2652.829098031187,-6245.110173895012,2020-08-08T10:58:08Z,45.42123333,7.64898333,922.00,59.286
280,1,275,-2651.829098031187,-6244.110173895012,2020-08-08T10:58:09Z,45.42116667,7.64898333,924.00,59.283
281,1,276,-2650.829098031187,-6243.110173895012,2020-08-08T10:58:10Z,45.42110000,7.64891667,925.00,59.285
282,1,277,-2649.829098031187,-6242.110173895012,2020-08-08T10:58:11Z,45.42106667,7.64880000,927.00,59.291
283,1,278,-2648.829098031187,-6241.110173895012,2020-08-08T10:58:12Z,45.42103333,7.64866667,930.00,59.299
284,1,279,-2647.829098031187,-6240.110173895012,2020-08-08T10:58:13Z,45.42103333,7.64853333,932.00,59.309
285,1,280,-2646.829098031187,-6239.110173895012,2020-08-08T10:58:14Z,45.42106667,7.64836667,933.00,59.322
286,1,281,-2645.829098031187,-6238.110173895012,2020-08-08T10:58:15Z,45.42113333,7.64821667,935.00,59.336
287,1,282,-2644.829098031187,-6237.110173895012,2020-08-08T10:58:16Z,45.42123333,7.64810000,936.00,59.349
288,1,283,-2643.829098031187,-6236.110173895012,2020-08-08T10:58:17Z,45.42136667,7.64805000,938.00,59.359
289,1,284,-2642.829098031187,-6235.110173895012,2020-08-08T10:58:18Z,45.42148333,7.64808333,939.00,59.362
290,1,285,-2641.829098031187,-6234.110173895012,2020-08-08T10:58:19Z,45.42158333,7.64815000,941.00,59.362
291,1,286,-2640.829098031187,-6233.110173895012,2020-08-08T10:58:20Z,45.42165000,7.64823333,941.00,59.359
292,1,287,-2639.829098031187,-6232.110173895012,2020-08-08T10:58:21Z,45.42171667,7.64833333,943.00,59.355
293,1,288,-2638.829098031187,-6231.110173895012,2020-08-08T10:58:22Z,45.42173333,7.64843333,943.00,59.349
294,1,289,-2637.829098031187,-6230.110173895012,2020-08-08T10:58:23Z,45.42173333,7.64855000,944.00,59.341
295,1,290,-2636.829098031187,-6229.110173895012,2020-08-08T10:58:24Z,45.42168333,7.64863333,946.00,59.333
296,1,291,-2635.829098031187,-6228.110173895012,2020-08-08T10:58:25Z,45.42161667,7.64866667,949.00,59.327
297,1,292,-2634.829098031187,-6227.110173895012,2020-08-08T10:58:26Z,45.42155000,7.64863333,950.00,59.326
298,1,293,-2633.829098031187,-6226.110173895012,2020-08-08T10:58:27Z,45.42150000,7.64855000,951.00,59.33
299,1,294,-2632.829098031187,-6225.110173895012,2020-08-08T10:58:28Z,45.42146667,7.64840000,952.00,59.339
300,1,295,-2631.829098031187,-6224.110173895012,2020-08-08T10:58:29Z,45.42146667,7.64823333,954.00,59.35
301,1,296,-2630.829098031187,-6223.110173895012,2020-08-08T10:58:30Z,45.42148333,7.64806667,956.00,59.363
302,1,297,-2629.829098031187,-6222.110173895012,2020-08-08T10:58:31Z,45.42153333,7.64793333,959.00,59.375
303,1,298,-2628.829098031187,-6221.110173895012,2020-08-08T10:58:32Z,45.42160000,7.64783333,961.00,59.385
304,1,299,-2627.829098031187,-6220.110173895012,2020-08-08T10:58:33Z,45.42170000,7.64775000,963.00,59.396
305,1,300,-2626.829098031187,-6219.110173895012,2020-08-08T10:58:34Z,45.42180000,7.64770000,964.00,59.404
306,1,301,-2625.829098031187,-6218.110173895012,2020-08-08T10:58:35Z,45.42190000,7.64770000,966.00,59.409
307,1,302,-2624.829098031187,-6217.110173895012,2020-08-08T10:58:36Z,45.42200000,7.64773333,965.00,59.411
308,1,303,-2623.829098031187,-6216.110173895012,2020-08-08T10:58:37Z,45.42210000,7.64781667,965.00,59.41
309,1,304,-2622.829098031187,-6215.110173895012,2020-08-08T10:58:38Z,45.42220000,7.64788333,964.00,59.41
310,1,305,-2621.829098031187,-6214.110173895012,2020-08-08T10:58:39Z,45.42228333,7.64795000,965.00,59.41
311,1,306,-2620.829098031187,-6213.110173895012,2020-08-08T10:58:40Z,45.42238333,7.64801667,965.00,59.41
312,1,307,-2619.829098031187,-6212.110173895012,2020-08-08T10:58:41Z,45.42245000,7.64808333,966.00,59.408
313,1,308,-2618.829098031187,-6211.110173895012,2020-08-08T10:58:42Z,45.42250000,7.64818333,966.00,59.404
314,1,309,-2617.829098031187,-6210.110173895012,2020-08-08T10:58:43Z,45.42250000,7.64828333,965.00,59.397
315,1,310,-2616.829098031187,-6209.110173895012,2020-08-08T10:58:44Z,45.42246667,7.64836667,965.00,59.389
316,1,311,-2615.829098031187,-6208.110173895012,2020-08-08T10:58:45Z,45.42241667,7.64841667,966.00,59.383
317,1,312,-2614.829098031187,-6207.110173895012,2020-08-08T10:58:46Z,45.42238333,7.64843333,967.00,59.381
318,1,313,-2613.829098031187,-6206.110173895012,2020-08-08T10:58:47Z,45.42233333,7.64840000,969.00,59.381
319,1,314,-2612.829098031187,-6205.110173895012,2020-08-08T10:58:48Z,45.42228333,7.64833333,969.00,59.383
320,1,315,-2611.829098031187,-6204.110173895012,2020-08-08T10:58:49Z,45.42225000,7.64823333,969.00,59.388
321,1,316,-2610.829098031187,-6203.110173895012,2020-08-08T10:58:50Z,45.42220000,7.64811667,970.00,59.394
322,1,317,-2609.829098031187,-6202.110173895012,2020-08-08T10:58:51Z,45.42216667,7.64796667,969.00,59.403
323,1,318,-2608.829098031187,-6201.110173895012,2020-08-08T10:58:52Z,45.42213333,7.64780000,970.00,59.413
324,1,319,-2607.829098031187,-6200.110173895012,2020-08-08T10:58:53Z,45.42213333,7.64765000,972.00,59.424
325,1,320,-2606.829098031187,-6199.110173895012,2020-08-08T10:58:54Z,45.42215000,7.64750000,973.00,59.435
326,1,321,-2605.829098031187,-6198.110173895012,2020-08-08T10:58:55Z,45.42220000,7.64733333,974.00,59.449
327,1,322,-2604.829098031187,-6197.110173895012,2020-08-08T10:58:56Z,45.42226667,7.64720000,975.00,59.462
328,1,323,-2603.829098031187,-6196.110173895012,2020-08-08T10:58:57Z,45.42238333,7.64710000,977.00,59.474
329,1,324,-2602.829098031187,-6195.110173895012,2020-08-08T10:58:58Z,45.42250000,7.64705000,977.00,59.483
330,1,325,-2601.829098031187,-6194.110173895012,2020-08-08T10:58:59Z,45.42261667,7.64708333,978.00,59.487
331,1,326,-2600.829098031187,-6193.110173895012,2020-08-08T10:59:00Z,45.42270000,7.64716667,978.00,59.485
332,1,327,-2599.829098031187,-6192.110173895012,2020-08-08T10:59:01Z,45.42275000,7.64726667,979.00,59.48
333,1,328,-2598.829098031187,-6191.110173895012,2020-08-08T10:59:02Z,45.42276667,7.64736667,978.00,59.474
334,1,329,-2597.829098031187,-6190.110173895012,2020-08-08T10:59:03Z,45.42276667,7.64746667,978.00,59.467
335,1,330,-2596.829098031187,-6189.110173895012,2020-08-08T10:59:04Z,45.42276667,7.64755000,979.00,59.461
336,1,331,-2595.829098031187,-6188.110173895012,2020-08-08T10:59:05Z,45.42275000,7.64761667,979.00,59.456
337,1,332,-2594.829098031187,-6187.110173895012,2020-08-08T10:59:06Z,45.42270000,7.64765000,979.00,59.451
338,1,333,-2593.829098031187,-6186.110173895012,2020-08-08T10:59:07Z,45.42265000,7.64766667,979.00,59.447
339,1,334,-2592.829098031187,-6185.110173895012,2020-08-08T10:59:08Z,45.42260000,7.64765000,979.00,59.446
340,1,335,-2591.829098031187,-6184.110173895012,2020-08-08T10:59:09Z,45.42253333,7.64763333,979.00,59.444
341,1,336,-2590.829098031187,-6183.110173895012,2020-08-08T10:59:10Z,45.42245000,7.64761667,980.00,59.441
342,1,337,-2589.829098031187,-6182.110173895012,2020-08-08T10:59:11Z,45.42238333,7.64758333,981.00,59.44
343,1,338,-2588.829098031187,-6181.110173895012,2020-08-08T10:59:12Z,45.42233333,7.64751667,983.00,59.443
344,1,339,-2587.829098031187,-6180.110173895012,2020-08-08T10:59:13Z,45.42230000,7.64741667,984.00,59.448
345,1,340,-2586.829098031187,-6179.110173895012,2020-08-08T10:59:14Z,45.42226667,7.64730000,984.00,59.455
346,1,341,-2585.829098031187,-6178.110173895012,2020-08-08T10:59:15Z,45.42226667,7.64715000,985.00,59.465
347,1,342,-2584.829098031187,-6177.110173895012,2020-08-08T10:59:16Z,45.42228333,7.64701667,986.00,59.475
348,1,343,-2583.829098031187,-6176.110173895012,2020-08-08T10:59:17Z,45.42230000,7.64686667,987.00,59.487
349,1,344,-2582.829098031187,-6175.110173895012,2020-08-08T10:59:18Z,45.42231667,7.64673333,989.00,59.497
350,1,345,-2581.829098031187,-6174.110173895012,2020-08-08T10:59:19Z,45.42233333,7.64658333,991.00,59.508
351,1,346,-2580.829098031187,-6173.110173895012,2020-08-08T10:59:20Z,45.42236667,7.64645000,993.00,59.519
352,1,347,-2579.829098031187,-6172.110173895012,2020-08-08T10:59:21Z,45.42243333,7.64633333,993.00,59.531
353,1,348,-2578.829098031187,-6171.110173895012,2020-08-08T10:59:22Z,45.42251667,7.64625000,993.00,59.54
354,1,349,-2577.829098031187,-6170.110173895012,2020-08-08T10:59:23Z,45.42263333,7.64618333,992.00,59.551
355,1,350,-2576.829098031187,-6169.110173895012,2020-08-08T10:59:24Z,45.42276667,7.64615000,993.00,59.56
356,1,351,-2575.829098031187,-6168.110173895012,2020-08-08T10:59:25Z,45.42288333,7.64618333,993.00,59.563
357,1,352,-2574.829098031187,-6167.110173895012,2020-08-08T10:59:26Z,45.42296667,7.64626667,994.00,59.561
358,1,353,-2573.829098031187,-6166.110173895012,2020-08-08T10:59:27Z,45.42303333,7.64638333,995.00,59.556
359,1,354,-2572.829098031187,-6165.110173895012,2020-08-08T10:59:28Z,45.42305000,7.64651667,995.00,59.548
360,1,355,-2571.829098031187,-6164.110173895012,2020-08-08T10:59:29Z,45.42306667,7.64665000,996.00,59.539
361,1,356,-2570.829098031187,-6163.110173895012,2020-08-08T10:59:30Z,45.42305000,7.64676667,997.00,59.53
362,1,357,-2569.829098031187,-6162.110173895012,2020-08-08T10:59:31Z,45.42303333,7.64686667,998.00,59.522
363,1,358,-2568.829098031187,-6161.110173895012,2020-08-08T10:59:32Z,45.42300000,7.64695000,999.00,59.515
364,1,359,-2567.829098031187,-6160.110173895012,2020-08-08T10:59:33Z,45.42295000,7.64701667,999.00,59.508
365,1,360,-2566.829098031187,-6159.110173895012,2020-08-08T10:59:34Z,45.42290000,7.64710000,999.00,59.499
366,1,361,-2565.829098031187,-6158.110173895012,2020-08-08T10:59:35Z,45.42283333,7.64718333,1000.00,59.49
367,1,362,-2564.829098031187,-6157.110173895012,2020-08-08T10:59:36Z,45.42278333,7.64723333,1000.00,59.484
368,1,363,-2563.829098031187,-6156.110173895012,2020-08-08T10:59:37Z,45.42271667,7.64723333,1001.00,59.481
369,1,364,-2562.829098031187,-6155.110173895012,2020-08-08T10:59:38Z,45.42266667,7.64720000,1001.00,59.481
370,1,365,-2561.829098031187,-6154.110173895012,2020-08-08T10:59:39Z,45.42260000,7.64713333,1001.00,59.482
371,1,366,-2560.829098031187,-6153.110173895012,2020-08-08T10:59:40Z,45.42256667,7.64701667,1001.00,59.489
372,1,367,-2559.829098031187,-6152.110173895012,2020-08-08T10:59:41Z,45.42253333,7.64688333,1000.00,59.497
373,1,368,-2558.829098031187,-6151.110173895012,2020-08-08T10:59:42Z,45.42251667,7.64673333,1000.00,59.506
374,1,369,-2557.829098031187,-6150.110173895012,2020-08-08T10:59:43Z,45.42251667,7.64656667,1000.00,59.518
375,1,370,-2556.829098031187,-6149.110173895012,2020-08-08T10:59:44Z,45.42255000,7.64640000,1001.00,59.532
376,1,371,-2555.829098031187,-6148.110173895012,2020-08-08T10:59:45Z,45.42260000,7.64625000,1002.00,59.545
377,1,372,-2554.829098031187,-6147.110173895012,2020-08-08T10:59:46Z,45.42265000,7.64611667,1004.00,59.556
378,1,373,-2553.829098031187,-6146.110173895012,2020-08-08T10:59:47Z,45.42271667,7.64601667,1006.00,59.567
379,1,374,-2552.829098031187,-6145.110173895012,2020-08-08T10:59:48Z,45.42280000,7.64596667,1007.00,59.574
380,1,375,-2551.829098031187,-6144.110173895012,2020-08-08T10:59:49Z,45.42288333,7.64593333,1010.00,59.58
381,1,376,-2550.829098031187,-6143.110173895012,2020-08-08T10:59:50Z,45.42298333,7.64593333,1010.00,59.585
382,1,377,-2549.829098031187,-6142.110173895012,2020-08-08T10:59:51Z,45.42306667,7.64598333,1011.00,59.586
383,1,378,-2548.829098031187,-6141.110173895012,2020-08-08T10:59:52Z,45.42315000,7.64605000,1012.00,59.585
384,1,379,-2547.829098031187,-6140.110173895012,2020-08-08T10:59:53Z,45.42321667,7.64613333,1012.00,59.583
385,1,380,-2546.829098031187,-6139.110173895012,2020-08-08T10:59:54Z,45.42326667,7.64623333,1013.00,59.578
386,1,381,-2545.829098031187,-6138.110173895012,2020-08-08T10:59:55Z,45.42330000,7.64631667,1014.00,59.574
387,1,382,-2544.829098031187,-6137.110173895012,2020-08-08T10:59:56Z,45.42335000,7.64641667,1015.00,59.569
388,1,383,-2543.829098031187,-6136.110173895012,2020-08-08T10:59:57Z,45.42336667,7.64651667,1017.00,59.563
389,1,384,-2542.829098031187,-6135.110173895012,2020-08-08T10:59:58Z,45.42336667,7.64661667,1016.00,59.556
390,1,385,-2541.829098031187,-6134.110173895012,2020-08-08T10:59:59Z,45.42333333,7.64671667,1015.00,59.547
391,1,386,-2540.829098031187,-6133.110173895012,2020-08-08T11:00:00Z,45.42326667,7.64678333,1014.00,59.539
392,1,387,-2539.829098031187,-6132.110173895012,2020-08-08T11:00:01Z,45.42318333,7.64681667,1014.00,59.533
393,1,388,-2538.829098031187,-6131.110173895012,2020-08-08T11:00:02Z,45.42308333,7.64676667,1014.00,59.532
394,1,389,-2537.829098031187,-6130.110173895012,2020-08-08T11:00:03Z,45.42301667,7.64666667,1014.00,59.535
395,1,390,-2536.829098031187,-6129.110173895012,2020-08-08T11:00:04Z,45.42298333,7.64653333,1014.00,59.543
396,1,391,-2535.829098031187,-6128.110173895012,2020-08-08T11:00:05Z,45.42298333,7.64636667,1014.00,59.555
397,1,392,-2534.829098031187,-6127.110173895012,2020-08-08T11:00:06Z,45.42301667,7.64621667,1013.00,59.567
398,1,393,-2533.829098031187,-6126.110173895012,2020-08-08T11:00:07Z,45.42308333,7.64608333,1013.00,59.58
399,1,394,-2532.829098031187,-6125.110173895012,2020-08-08T11:00:08Z,45.42316667,7.64596667,1014.00,59.592
400,1,395,-2531.829098031187,-6124.110173895012,2020-08-08T11:00:09Z,45.42326667,7.64590000,1013.00,59.601
401,1,396,-2530.829098031187,-6123.110173895012,2020-08-08T11:00:10Z,45.42338333,7.64585000,1012.00,59.611
402,1,397,-2529.829098031187,-6122.110173895012,2020-08-08T11:00:11Z,45.42348333,7.64583333,1013.00,59.617
403,1,398,-2528.829098031187,-6121.110173895012,2020-08-08T11:00:12Z,45.42360000,7.64581667,1013.00,59.623
404,1,399,-2527.829098031187,-6120.110173895012,2020-08-08T11:00:13Z,45.42370000,7.64581667,1014.00,59.628
405,1,400,-2526.829098031187,-6119.110173895012,2020-08-08T11:00:14Z,45.42380000,7.64583333,1016.00,59.632
406,1,401,-2525.829098031187,-6118.110173895012,2020-08-08T11:00:15Z,45.42390000,7.64586667,1017.00,59.635
407,1,402,-2524.829098031187,-6117.110173895012,2020-08-08T11:00:16Z,45.42398333,7.64591667,1017.00,59.635
408,1,403,-2523.829098031187,-6116.110173895012,2020-08-08T11:00:17Z,45.42406667,7.64600000,1018.00,59.633
409,1,404,-2522.829098031187,-6115.110173895012,2020-08-08T11:00:18Z,45.42413333,7.64611667,1016.00,59.629
410,1,405,-2521.829098031187,-6114.110173895012,2020-08-08T11:00:19Z,45.42420000,7.64623333,1015.00,59.624
411,1,406,-2520.829098031187,-6113.110173895012,2020-08-08T11:00:20Z,45.42426667,7.64636667,1017.00,59.618
412,1,407,-2519.829098031187,-6112.110173895012,2020-08-08T11:00:21Z,45.42431667,7.64646667,1019.00,59.613
413,1,408,-2518.829098031187,-6111.110173895012,2020-08-08T11:00:22Z,45.42440000,7.64651667,1021.00,59.614
414,1,409,-2517.829098031187,-6110.110173895012,2020-08-08T11:00:23Z,45.42448333,7.64655000,1022.00,59.616
415,1,410,-2516.829098031187,-6109.110173895012,2020-08-08T11:00:24Z,45.42456667,7.64658333,1022.00,59.617
416,1,411,-2515.829098031187,-6108.110173895012,2020-08-08T11:00:25Z,45.42466667,7.64661667,1022.00,59.62
417,1,412,-2514.829098031187,-6107.110173895012,2020-08-08T11:00:26Z,45.42476667,7.64666667,1021.00,59.622
418,1,413,-2513.829098031187,-6106.110173895012,2020-08-08T11:00:27Z,45.42486667,7.64673333,1021.00,59.622
419,1,414,-2512.829098031187,-6105.110173895012,2020-08-08T11:00:28Z,45.42496667,7.64681667,1020.00,59.621
420,1,415,-2511.829098031187,-6104.110173895012,2020-08-08T11:00:29Z,45.42506667,7.64690000,1020.00,59.62
421,1,416,-2510.829098031187,-6103.110173895012,2020-08-08T11:00:30Z,45.42516667,7.64696667,1019.00,59.621
422,1,417,-2509.829098031187,-6102.110173895012,2020-08-08T11:00:31Z,45.42528333,7.64703333,1019.00,59.622
423,1,418,-2508.829098031187,-6101.110173895012,2020-08-08T11:00:32Z,45.42538333,7.64708333,1019.00,59.623
424,1,419,-2507.829098031187,-6100.110173895012,2020-08-08T11:00:33Z,45.42548333,7.64715000,1018.00,59.624
425,1,420,-2506.829098031187,-6099.110173895012,2020-08-08T11:00:34Z,45.42558333,7.64723333,1018.00,59.623
426,1,421,-2505.829098031187,-6098.110173895012,2020-08-08T11:00:35Z,45.42568333,7.64731667,1019.00,59.622
427,1,422,-2504.829098031187,-6097.110173895012,2020-08-08T11:00:36Z,45.42575000,7.64738333,1019.00,59.621
428,1,423,-2503.829098031187,-6096.110173895012,2020-08-08T11:00:37Z,45.42581667,7.64745000,1020.00,59.62
429,1,424,-2502.829098031187,-6095.110173895012,2020-08-08T11:00:38Z,45.42590000,7.64750000,1019.00,59.621
430,1,425,-2501.829098031187,-6094.110173895012,2020-08-08T11:00:39Z,45.42598333,7.64756667,1019.00,59.62
431,1,426,-2500.829098031187,-6093.110173895012,2020-08-08T11:00:40Z,45.42608333,7.64763333,1019.00,59.621
432,1,427,-2499.829098031187,-6092.110173895012,2020-08-08T11:00:41Z,45.42618333,7.64771667,1019.00,59.62
433,1,428,-2498.829098031187,-6091.110173895012,2020-08-08T11:00:42Z,45.42628333,7.64780000,1020.00,59.619
434,1,429,-2497.829098031187,-6090.110173895012,2020-08-08T11:00:43Z,45.42636667,7.64785000,1022.00,59.62
435,1,430,-2496.829098031187,-6089.110173895012,2020-08-08T11:00:44Z,45.42645000,7.64791667,1023.00,59.62
436,1,431,-2495.829098031187,-6088.110173895012,2020-08-08T11:00:45Z,45.42653333,7.64796667,1024.00,59.621
437,1,432,-2494.829098031187,-6087.110173895012,2020-08-08T11:00:46Z,45.42660000,7.64803333,1026.00,59.619
438,1,433,-2493.829098031187,-6086.110173895012,2020-08-08T11:00:47Z,45.42666667,7.64811667,1026.00,59.617
439,1,434,-2492.829098031187,-6085.110173895012,2020-08-08T11:00:48Z,45.42673333,7.64820000,1027.00,59.615
440,1,435,-2491.829098031187,-6084.110173895012,2020-08-08T11:00:49Z,45.42680000,7.64828333,1029.00,59.612
441,1,436,-2490.829098031187,-6083.110173895012,2020-08-08T11:00:50Z,45.42683333,7.64838333,1030.00,59.607
442,1,437,-2489.829098031187,-6082.110173895012,2020-08-08T11:00:51Z,45.42688333,7.64846667,1031.00,59.604
443,1,438,-2488.829098031187,-6081.110173895012,2020-08-08T11:00:52Z,45.42691667,7.64856667,1032.00,59.599
444,1,439,-2487.829098031187,-6080.110173895012,2020-08-08T11:00:53Z,45.42695000,7.64865000,1032.00,59.595
445,1,440,-2486.829098031187,-6079.110173895012,2020-08-08T11:00:54Z,45.42698333,7.64876667,1032.00,59.588
446,1,441,-2485.829098031187,-6078.110173895012,2020-08-08T11:00:55Z,45.42703333,7.64886667,1032.00,59.584
447,1,442,-2484.829098031187,-6077.110173895012,2020-08-08T11:00:56Z,45.42706667,7.64898333,1034.00,59.578
448,1,443,-2483.829098031187,-6076.110173895012,2020-08-08T11:00:57Z,45.42710000,7.64908333,1036.00,59.573
449,1,444,-2482.829098031187,-6075.110173895012,2020-08-08T11:00:58Z,45.42711667,7.64916667,1038.00,59.568
450,1,445,-2481.829098031187,-6074.110173895012,2020-08-08T11:00:59Z,45.42710000,7.64925000,1040.00,59.561
451,1,446,-2480.829098031187,-6073.110173895012,2020-08-08T11:01:00Z,45.42706667,7.64933333,1040.00,59.554
452,1,447,-2479.829098031187,-6072.110173895012,2020-08-08T11:01:01Z,45.42700000,7.64940000,1042.00,59.546
453,1,448,-2478.829098031187,-6071.110173895012,2020-08-08T11:01:02Z,45.42691667,7.64941667,1042.00,59.54
454,1,449,-2477.829098031187,-6070.110173895012,2020-08-08T11:01:03Z,45.42683333,7.64940000,1043.00,59.537
455,1,450,-2476.829098031187,-6069.110173895012,2020-08-08T11:01:04Z,45.42675000,7.64935000,1044.00,59.536
456,1,451,-2475.829098031187,-6068.110173895012,2020-08-08T11:01:05Z,45.42666667,7.64926667,1046.00,59.538
457,1,452,-2474.829098031187,-6067.110173895012,2020-08-08T11:01:06Z,45.42663333,7.64918333,1047.00,59.542
458,1,453,-2473.829098031187,-6066.110173895012,2020-08-08T11:01:07Z,45.42661667,7.64908333,1048.00,59.548
459,1,454,-2472.829098031187,-6065.110173895012,2020-08-08T11:01:08Z,45.42660000,7.64895000,1049.00,59.556
460,1,455,-2471.829098031187,-6064.110173895012,2020-08-08T11:01:09Z,45.42660000,7.64880000,1049.00,59.566
461,1,456,-2470.829098031187,-6063.110173895012,2020-08-08T11:01:10Z,45.42661667,7.64863333,1049.00,59.579
462,1,457,-2469.829098031187,-6062.110173895012,2020-08-08T11:01:11Z,45.42665000,7.64846667,1050.00,59.592
463,1,458,-2468.829098031187,-6061.110173895012,2020-08-08T11:01:12Z,45.42671667,7.64835000,1051.00,59.603
464,1,459,-2467.829098031187,-6060.110173895012,2020-08-08T11:01:13Z,45.42681667,7.64826667,1052.00,59.614
465,1,460,-2466.829098031187,-6059.110173895012,2020-08-08T11:01:14Z,45.42693333,7.64823333,1051.00,59.623
466,1,461,-2465.829098031187,-6058.110173895012,2020-08-08T11:01:15Z,45.42705000,7.64826667,1053.00,59.626
467,1,462,-2464.829098031187,-6057.110173895012,2020-08-08T11:01:16Z,45.42713333,7.64833333,1054.00,59.626
468,1,463,-2463.829098031187,-6056.110173895012,2020-08-08T11:01:17Z,45.42720000,7.64840000,1056.00,59.625
469,1,464,-2462.829098031187,-6055.110173895012,2020-08-08T11:01:18Z,45.42723333,7.64848333,1058.00,59.621
470,1,465,-2461.829098031187,-6054.110173895012,2020-08-08T11:01:19Z,45.42725000,7.64856667,1059.00,59.616
471,1,466,-2460.829098031187,-6053.110173895012,2020-08-08T11:01:20Z,45.42725000,7.64865000,1060.00,59.61
472,1,467,-2459.829098031187,-6052.110173895012,2020-08-08T11:01:21Z,45.42723333,7.64873333,1060.00,59.604
473,1,468,-2458.829098031187,-6051.110173895012,2020-08-08T11:01:22Z,45.42720000,7.64881667,1060.00,59.596
474,1,469,-2457.829098031187,-6050.110173895012,2020-08-08T11:01:23Z,45.42715000,7.64890000,1061.00,59.588
475,1,470,-2456.829098031187,-6049.110173895012,2020-08-08T11:01:24Z,45.42708333,7.64895000,1061.00,59.581
476,1,471,-2455.829098031187,-6048.110173895012,2020-08-08T11:01:25Z,45.42703333,7.64895000,1062.00,59.578
477,1,472,-2454.829098031187,-6047.110173895012,2020-08-08T11:01:26Z,45.42696667,7.64891667,1064.00,59.577
478,1,473,-2453.829098031187,-6046.110173895012,2020-08-08T11:01:27Z,45.42690000,7.64885000,1064.00,59.578
479,1,474,-2452.829098031187,-6045.110173895012,2020-08-08T11:01:28Z,45.42685000,7.64875000,1065.00,59.583
480,1,475,-2451.829098031187,-6044.110173895012,2020-08-08T11:01:29Z,45.42683333,7.64863333,1065.00,59.59
481,1,476,-2450.829098031187,-6043.110173895012,2020-08-08T11:01:30Z,45.42681667,7.64850000,1066.00,59.598
482,1,477,-2449.829098031187,-6042.110173895012,2020-08-08T11:01:31Z,45.42681667,7.64838333,1066.00,59.606
483,1,478,-2448.829098031187,-6041.110173895012,2020-08-08T11:01:32Z,45.42685000,7.64826667,1067.00,59.616
484,1,479,-2447.829098031187,-6040.110173895012,2020-08-08T11:01:33Z,45.42691667,7.64813333,1066.00,59.629
485,1,480,-2446.829098031187,-6039.110173895012,2020-08-08T11:01:34Z,45.42698333,7.64801667,1066.00,59.64
486,1,481,-2445.829098031187,-6038.110173895012,2020-08-08T11:01:35Z,45.42708333,7.64791667,1067.00,59.652
487,1,482,-2444.829098031187,-6037.110173895012,2020-08-08T11:01:36Z,45.42718333,7.64783333,1068.00,59.663
488,1,483,-2443.829098031187,-6036.110173895012,2020-08-08T11:01:37Z,45.42728333,7.64778333,1069.00,59.672
489,1,484,-2442.829098031187,-6035.110173895012,2020-08-08T11:01:38Z,45.42738333,7.64775000,1072.00,59.679
490,1,485,-2441.829098031187,-6034.110173895012,2020-08-08T11:01:39Z,45.42748333,7.64771667,1072.00,59.687
491,1,486,-2440.829098031187,-6033.110173895012,2020-08-08T11:01:40Z,45.42758333,7.64770000,1074.00,59.693
492,1,487,-2439.829098031187,-6032.110173895012,2020-08-08T11:01:41Z,45.42768333,7.64770000,1075.00,59.698
493,1,488,-2438.829098031187,-6031.110173895012,2020-08-08T11:01:42Z,45.42776667,7.64773333,1076.00,59.7
494,1,489,-2437.829098031187,-6030.110173895012,2020-08-08T11:01:43Z,45.42783333,7.64780000,1077.00,59.699
495,1,490,-2436.829098031187,-6029.110173895012,2020-08-08T11:01:44Z,45.42788333,7.64788333,1077.00,59.696
496,1,491,-2435.829098031187,-6028.110173895012,2020-08-08T11:01:45Z,45.42788333,7.64800000,1077.00,59.688
497,1,492,-2434.829098031187,-6027.110173895012,2020-08-08T11:01:46Z,45.42786667,7.64811667,1077.00,59.679
498,1,493,-2433.829098031187,-6026.110173895012,2020-08-08T11:01:47Z,45.42781667,7.64820000,1077.00,59.671
499,1,494,-2432.829098031187,-6025.110173895012,2020-08-08T11:01:48Z,45.42775000,7.64828333,1076.00,59.662
500,1,495,-2431.829098031187,-6024.110173895012,2020-08-08T11:01:49Z,45.42768333,7.64836667,1077.00,59.652
501,1,496,-2430.829098031187,-6023.110173895012,2020-08-08T11:01:50Z,45.42763333,7.64845000,1077.00,59.644
502,1,497,-2429.829098031187,-6022.110173895012,2020-08-08T11:01:51Z,45.42758333,7.64853333,1077.00,59.636
503,1,498,-2428.829098031187,-6021.110173895012,2020-08-08T11:01:52Z,45.42755000,7.64861667,1079.00,59.628
504,1,499,-2427.829098031187,-6020.110173895012,2020-08-08T11:01:53Z,45.42751667,7.64870000,1079.00,59.621
505,1,500,-2426.829098031187,-6019.110173895012,2020-08-08T11:01:54Z,45.42746667,7.64878333,1081.00,59.612
506,1,501,-2425.829098031187,-6018.110173895012,2020-08-08T11:01:55Z,45.42741667,7.64886667,1081.00,59.604
507,1,502,-2424.829098031187,-6017.110173895012,2020-08-08T11:01:56Z,45.42736667,7.64893333,1081.00,59.597
508,1,503,-2423.829098031187,-6016.110173895012,2020-08-08T11:01:57Z,45.42728333,7.64900000,1082.00,59.588
509,1,504,-2422.829098031187,-6015.110173895012,2020-08-08T11:01:58Z,45.42720000,7.64900000,1082.00,59.584
510,1,505,-2421.829098031187,-6014.110173895012,2020-08-08T11:01:59Z,45.42711667,7.64895000,1081.00,59.583
511,1,506,-2420.829098031187,-6013.110173895012,2020-08-08T11:02:00Z,45.42706667,7.64883333,1081.00,59.588
512,1,507,-2419.829098031187,-6012.110173895012,2020-08-08T11:02:01Z,45.42703333,7.64866667,1081.00,59.598
513,1,508,-2418.829098031187,-6011.110173895012,2020-08-08T11:02:02Z,45.42703333,7.64850000,1080.00,59.609
514,1,509,-2417.829098031187,-6010.110173895012,2020-08-08T11:02:03Z,45.42708333,7.64835000,1081.00,59.622
515,1,510,-2416.829098031187,-6009.110173895012,2020-08-08T11:02:04Z,45.42713333,7.64823333,1082.00,59.633
516,1,511,-2415.829098031187,-6008.110173895012,2020-08-08T11:02:05Z,45.42721667,7.64813333,1083.00,59.644
517,1,512,-2414.829098031187,-6007.110173895012,2020-08-08T11:02:06Z,45.42728333,7.64803333,1082.00,59.655
518,1,513,-2413.829098031187,-6006.110173895012,2020-08-08T11:02:07Z,45.42738333,7.64793333,1081.00,59.667
519,1,514,-2412.829098031187,-6005.110173895012,2020-08-08T11:02:08Z,45.42746667,7.64783333,1079.00,59.678
520,1,515,-2411.829098031187,-6004.110173895012,2020-08-08T11:02:09Z,45.42756667,7.64773333,1079.00,59.69
521,1,516,-2410.829098031187,-6003.110173895012,2020-08-08T11:02:10Z,45.42768333,7.64766667,1079.00,59.701
522,1,517,-2409.829098031187,-6002.110173895012,2020-08-08T11:02:11Z,45.42780000,7.64765000,1079.00,59.708
523,1,518,-2408.829098031187,-6001.110173895012,2020-08-08T11:02:12Z,45.42790000,7.64768333,1078.00,59.711
524,1,519,-2407.829098031187,-6000.110173895012,2020-08-08T11:02:13Z,45.42801667,7.64773333,1078.00,59.714
525,1,520,-2406.829098031187,-5999.110173895012,2020-08-08T11:02:14Z,45.42811667,7.64780000,1078.00,59.714
526,1,521,-2405.829098031187,-5998.110173895012,2020-08-08T11:02:15Z,45.42820000,7.64786667,1079.00,59.714
527,1,522,-2404.829098031187,-5997.110173895012,2020-08-08T11:02:16Z,45.42828333,7.64795000,1079.00,59.713
528,1,523,-2403.829098031187,-5996.110173895012,2020-08-08T11:02:17Z,45.42836667,7.64803333,1079.00,59.711
529,1,524,-2402.829098031187,-5995.110173895012,2020-08-08T11:02:18Z,45.42845000,7.64811667,1079.00,59.71
530,1,525,-2401.829098031187,-5994.110173895012,2020-08-08T11:02:19Z,45.42853333,7.64820000,1079.00,59.709
531,1,526,-2400.829098031187,-5993.110173895012,2020-08-08T11:02:20Z,45.42861667,7.64828333,1079.00,59.707
532,1,527,-2399.829098031187,-5992.110173895012,2020-08-08T11:02:21Z,45.42871667,7.64833333,1080.00,59.709
533,1,528,-2398.829098031187,-5991.110173895012,2020-08-08T11:02:22Z,45.42880000,7.64838333,1081.00,59.71
534,1,529,-2397.829098031187,-5990.110173895012,2020-08-08T11:02:23Z,45.42888333,7.64843333,1083.00,59.711
535,1,530,-2396.829098031187,-5989.110173895012,2020-08-08T11:02:24Z,45.42898333,7.64848333,1084.00,59.713
536,1,531,-2395.829098031187,-5988.110173895012,2020-08-08T11:02:25Z,45.42905000,7.64856667,1086.00,59.711
537,1,532,-2394.829098031187,-5987.110173895012,2020-08-08T11:02:26Z,45.42911667,7.64865000,1089.00,59.709
538,1,533,-2393.829098031187,-5986.110173895012,2020-08-08T11:02:27Z,45.42918333,7.64873333,1092.00,59.706
539,1,534,-2392.829098031187,-5985.110173895012,2020-08-08T11:02:28Z,45.42921667,7.64881667,1095.00,59.703
540,1,535,-2391.829098031187,-5984.110173895012,2020-08-08T11:02:29Z,45.42925000,7.64890000,1097.00,59.699
541,1,536,-2390.829098031187,-5983.110173895012,2020-08-08T11:02:30Z,45.42925000,7.64898333,1098.00,59.693
542,1,537,-2389.829098031187,-5982.110173895012,2020-08-08T11:02:31Z,45.42925000,7.64908333,1099.00,59.686
543,1,538,-2388.829098031187,-5981.110173895012,2020-08-08T11:02:32Z,45.42921667,7.64920000,1101.00,59.676
544,1,539,-2387.829098031187,-5980.110173895012,2020-08-08T11:02:33Z,45.42918333,7.64930000,1102.00,59.668
545,1,540,-2386.829098031187,-5979.110173895012,2020-08-08T11:02:34Z,45.42911667,7.64935000,1105.00,59.661
546,1,541,-2385.829098031187,-5978.110173895012,2020-08-08T11:02:35Z,45.42903333,7.64936667,1107.00,59.655
547,1,542,-2384.829098031187,-5977.110173895012,2020-08-08T11:02:36Z,45.42895000,7.64931667,1108.00,59.654
548,1,543,-2383.829098031187,-5976.110173895012,2020-08-08T11:02:37Z,45.42888333,7.64920000,1109.00,59.658
549,1,544,-2382.829098031187,-5975.110173895012,2020-08-08T11:02:38Z,45.42885000,7.64905000,1110.00,59.667
550,1,545,-2381.829098031187,-5974.110173895012,2020-08-08T11:02:39Z,45.42885000,7.64888333,1111.00,59.678
551,1,546,-2380.829098031187,-5973.110173895012,2020-08-08T11:02:40Z,45.42890000,7.64873333,1112.00,59.691
552,1,547,-2379.829098031187,-5972.110173895012,2020-08-08T11:02:41Z,45.42898333,7.64861667,1114.00,59.704
553,1,548,-2378.829098031187,-5971.110173895012,2020-08-08T11:02:42Z,45.42908333,7.64855000,1115.00,59.714
554,1,549,-2377.829098031187,-5970.110173895012,2020-08-08T11:02:43Z,45.42920000,7.64853333,1117.00,59.721
555,1,550,-2376.829098031187,-5969.110173895012,2020-08-08T11:02:44Z,45.42930000,7.64856667,1120.00,59.724
556,1,551,-2375.829098031187,-5968.110173895012,2020-08-08T11:02:45Z,45.42936667,7.64863333,1123.00,59.723
557,1,552,-2374.829098031187,-5967.110173895012,2020-08-08T11:02:46Z,45.42943333,7.64873333,1125.00,59.72
558,1,553,-2373.829098031187,-5966.110173895012,2020-08-08T11:02:47Z,45.42946667,7.64883333,1128.00,59.715
559,1,554,-2372.829098031187,-5965.110173895012,2020-08-08T11:02:48Z,45.42948333,7.64891667,1131.00,59.71
560,1,555,-2371.829098031187,-5964.110173895012,2020-08-08T11:02:49Z,45.42946667,7.64900000,1134.00,59.703
561,1,556,-2370.829098031187,-5963.110173895012,2020-08-08T11:02:50Z,45.42943333,7.64906667,1135.00,59.697
562,1,557,-2369.829098031187,-5962.110173895012,2020-08-08T11:02:51Z,45.42940000,7.64911667,1138.00,59.692
563,1,558,-2368.829098031187,-5961.110173895012,2020-08-08T11:02:52Z,45.42933333,7.64916667,1140.00,59.685
564,1,559,-2367.829098031187,-5960.110173895012,2020-08-08T11:02:53Z,45.42926667,7.64920000,1142.00,59.679
565,1,560,-2366.829098031187,-5959.110173895012,2020-08-08T11:02:54Z,45.42920000,7.64921667,1145.00,59.674
566,1,561,-2365.829098031187,-5958.110173895012,2020-08-08T11:02:55Z,45.42913333,7.64918333,1148.00,59.673
567,1,562,-2364.829098031187,-5957.110173895012,2020-08-08T11:02:56Z,45.42906667,7.64911667,1149.00,59.674
568,1,563,-2363.829098031187,-5956.110173895012,2020-08-08T11:02:57Z,45.42900000,7.64901667,1150.00,59.677
569,1,564,-2362.829098031187,-5955.110173895012,2020-08-08T11:02:58Z,45.42895000,7.64890000,1151.00,59.683
570,1,565,-2361.829098031187,-5954.110173895012,2020-08-08T11:02:59Z,45.42895000,7.64873333,1152.00,59.694
571,1,566,-2360.829098031187,-5953.110173895012,2020-08-08T11:03:00Z,45.42896667,7.64860000,1153.00,59.704
572,1,567,-2359.829098031187,-5952.110173895012,2020-08-08T11:03:01Z,45.42900000,7.64846667,1155.00,59.715
573,1,568,-2358.829098031187,-5951.110173895012,2020-08-08T11:03:02Z,45.42906667,7.64836667,1155.00,59.725
574,1,569,-2357.829098031187,-5950.110173895012,2020-08-08T11:03:03Z,45.42915000,7.64830000,1156.00,59.734
575,1,570,-2356.829098031187,-5949.110173895012,2020-08-08T11:03:04Z,45.42925000,7.64825000,1157.00,59.743
576,1,571,-2355.829098031187,-5948.110173895012,2020-08-08T11:03:05Z,45.42936667,7.64823333,1158.00,59.75
577,1,572,-2354.829098031187,-5947.110173895012,2020-08-08T11:03:06Z,45.42946667,7.64823333,1161.00,59.756
578,1,573,-2353.829098031187,-5946.110173895012,2020-08-08T11:03:07Z,45.42956667,7.64826667,1161.00,59.759
579,1,574,-2352.829098031187,-5945.110173895012,2020-08-08T11:03:08Z,45.42965000,7.64831667,1163.00,59.76
580,1,575,-2351.829098031187,-5944.110173895012,2020-08-08T11:03:09Z,45.42971667,7.64836667,1167.00,59.76
581,1,576,-2350.829098031187,-5943.110173895012,2020-08-08T11:03:10Z,45.42978333,7.64843333,1169.00,59.759
582,1,577,-2349.829098031187,-5942.110173895012,2020-08-08T11:03:11Z,45.42981667,7.64851667,1172.00,59.755
583,1,578,-2348.829098031187,-5941.110173895012,2020-08-08T11:03:12Z,45.42985000,7.64861667,1174.00,59.75
584,1,579,-2347.829098031187,-5940.110173895012,2020-08-08T11:03:13Z,45.42983333,7.64871667,1175.00,59.742
585,1,580,-2346.829098031187,-5939.110173895012,2020-08-08T11:03:14Z,45.42980000,7.64881667,1175.00,59.734
586,1,581,-2345.829098031187,-5938.110173895012,2020-08-08T11:03:15Z,45.42973333,7.64891667,1175.00,59.723
587,1,582,-2344.829098031187,-5937.110173895012,2020-08-08T11:03:16Z,45.42968333,7.64898333,1175.00,59.716
588,1,583,-2343.829098031187,-5936.110173895012,2020-08-08T11:03:17Z,45.42960000,7.64903333,1177.00,59.708
589,1,584,-2342.829098031187,-5935.110173895012,2020-08-08T11:03:18Z,45.42951667,7.64908333,1178.00,59.7
590,1,585,-2341.829098031187,-5934.110173895012,2020-08-08T11:03:19Z,45.42941667,7.64913333,1181.00,59.692
591,1,586,-2340.829098031187,-5933.110173895012,2020-08-08T11:03:20Z,45.42933333,7.64915000,1184.00,59.686
592,1,587,-2339.829098031187,-5932.110173895012,2020-08-08T11:03:21Z,45.42925000,7.64911667,1185.00,59.684
593,1,588,-2338.829098031187,-5931.110173895012,2020-08-08T11:03:22Z,45.42918333,7.64905000,1186.00,59.685
594,1,589,-2337.829098031187,-5930.110173895012,2020-08-08T11:03:23Z,45.42913333,7.64895000,1187.00,59.689
595,1,590,-2336.829098031187,-5929.110173895012,2020-08-08T11:03:24Z,45.42910000,7.64881667,1186.00,59.696
596,1,591,-2335.829098031187,-5928.110173895012,2020-08-08T11:03:25Z,45.42908333,7.64866667,1186.00,59.706
597,1,592,-2334.829098031187,-5927.110173895012,2020-08-08T11:03:26Z,45.42908333,7.64851667,1187.00,59.716
598,1,593,-2333.829098031187,-5926.110173895012,2020-08-08T11:03:27Z,45.42911667,7.64838333,1187.00,59.727
599,1,594,-2332.829098031187,-5925.110173895012,2020-08-08T11:03:28Z,45.42916667,7.64823333,1186.00,59.74
600,1,595,-2331.829098031187,-5924.110173895012,2020-08-08T11:03:29Z,45.42925000,7.64808333,1186.00,59.755
601,1,596,-2330.829098031187,-5923.110173895012,2020-08-08T11:03:30Z,45.42933333,7.64796667,1188.00,59.767
602,1,597,-2329.829098031187,-5922.110173895012,2020-08-08T11:03:31Z,45.42941667,7.64788333,1189.00,59.777
603,1,598,-2328.829098031187,-5921.110173895012,2020-08-08T11:03:32Z,45.42951667,7.64783333,1191.00,59.786
604,1,599,-2327.829098031187,-5920.110173895012,2020-08-08T11:03:33Z,45.42960000,7.64783333,1193.00,59.79
605,1,600,-2326.829098031187,-5919.110173895012,2020-08-08T11:03:34Z,45.42970000,7.64781667,1195.00,59.797
606,1,601,-2325.829098031187,-5918.110173895012,2020-08-08T11:03:35Z,45.42980000,7.64781667,1197.00,59.802
607,1,602,-2324.829098031187,-5917.110173895012,2020-08-08T11:03:36Z,45.42990000,7.64783333,1200.00,59.806
608,1,603,-2323.829098031187,-5916.110173895012,2020-08-08T11:03:37Z,45.42998333,7.64790000,1201.00,59.806
609,1,604,-2322.829098031187,-5915.110173895012,2020-08-08T11:03:38Z,45.43003333,7.64800000,1202.00,59.802
610,1,605,-2321.829098031187,-5914.110173895012,2020-08-08T11:03:39Z,45.43005000,7.64815000,1202.00,59.793
611,1,606,-2320.829098031187,-5913.110173895012,2020-08-08T11:03:40Z,45.43003333,7.64826667,1203.00,59.784
612,1,607,-2319.829098031187,-5912.110173895012,2020-08-08T11:03:41Z,45.43000000,7.64838333,1203.00,59.774
613,1,608,-2318.829098031187,-5911.110173895012,2020-08-08T11:03:42Z,45.42996667,7.64846667,1205.00,59.767
614,1,609,-2317.829098031187,-5910.110173895012,2020-08-08T11:03:43Z,45.42991667,7.64853333,1206.00,59.759
615,1,610,-2316.829098031187,-5909.110173895012,2020-08-08T11:03:44Z,45.42985000,7.64861667,1208.00,59.75
616,1,611,-2315.829098031187,-5908.110173895012,2020-08-08T11:03:45Z,45.42976667,7.64868333,1209.00,59.741
617,1,612,-2314.829098031187,-5907.110173895012,2020-08-08T11:03:46Z,45.42968333,7.64873333,1210.00,59.733
618,1,613,-2313.829098031187,-5906.110173895012,2020-08-08T11:03:47Z,45.42956667,7.64873333,1211.00,59.727
619,1,614,-2312.829098031187,-5905.110173895012,2020-08-08T11:03:48Z,45.42946667,7.64870000,1212.00,59.724
620,1,615,-2311.829098031187,-5904.110173895012,2020-08-08T11:03:49Z,45.42938333,7.64865000,1216.00,59.723
621,1,616,-2310.829098031187,-5903.110173895012,2020-08-08T11:03:50Z,45.42931667,7.64855000,1217.00,59.726
622,1,617,-2309.829098031187,-5902.110173895012,2020-08-08T11:03:51Z,45.42928333,7.64845000,1218.00,59.731
623,1,618,-2308.829098031187,-5901.110173895012,2020-08-08T11:03:52Z,45.42926667,7.64831667,1218.00,59.739
624,1,619,-2307.829098031187,-5900.110173895012,2020-08-08T11:03:53Z,45.42925000,7.64816667,1217.00,59.749
625,1,620,-2306.829098031187,-5899.110173895012,2020-08-08T11:03:54Z,45.42925000,7.64801667,1218.00,59.759
626,1,621,-2305.829098031187,-5898.110173895012,2020-08-08T11:03:55Z,45.42928333,7.64786667,1217.00,59.771
627,1,622,-2304.829098031187,-5897.110173895012,2020-08-08T11:03:56Z,45.42933333,7.64771667,1216.00,59.784
628,1,623,-2303.829098031187,-5896.110173895012,2020-08-08T11:03:57Z,45.42940000,7.64758333,1217.00,59.797
629,1,624,-2302.829098031187,-5895.110173895012,2020-08-08T11:03:58Z,45.42948333,7.64746667,1217.00,59.809
630,1,625,-2301.829098031187,-5894.110173895012,2020-08-08T11:03:59Z,45.42956667,7.64740000,1219.00,59.818
631,1,626,-2300.829098031187,-5893.110173895012,2020-08-08T11:04:00Z,45.42966667,7.64736667,1220.00,59.826
632,1,627,-2299.829098031187,-5892.110173895012,2020-08-08T11:04:01Z,45.42978333,7.64736667,1221.00,59.832
633,1,628,-2298.829098031187,-5891.110173895012,2020-08-08T11:04:02Z,45.42986667,7.64740000,1222.00,59.834
634,1,629,-2297.829098031187,-5890.110173895012,2020-08-08T11:04:03Z,45.42995000,7.64743333,1225.00,59.836
635,1,630,-2296.829098031187,-5889.110173895012,2020-08-08T11:04:04Z,45.43003333,7.64751667,1226.00,59.835
636,1,631,-2295.829098031187,-5888.110173895012,2020-08-08T11:04:05Z,45.43006667,7.64760000,1227.00,59.831
637,1,632,-2294.829098031187,-5887.110173895012,2020-08-08T11:04:06Z,45.43008333,7.64771667,1229.00,59.824
638,1,633,-2293.829098031187,-5886.110173895012,2020-08-08T11:04:07Z,45.43008333,7.64781667,1230.00,59.817
639,1,634,-2292.829098031187,-5885.110173895012,2020-08-08T11:04:08Z,45.43003333,7.64791667,1232.00,59.808
640,1,635,-2291.829098031187,-5884.110173895012,2020-08-08T11:04:09Z,45.42998333,7.64798333,1234.00,59.801
641,1,636,-2290.829098031187,-5883.110173895012,2020-08-08T11:04:10Z,45.42993333,7.64805000,1235.00,59.793
642,1,637,-2289.829098031187,-5882.110173895012,2020-08-08T11:04:11Z,45.42986667,7.64810000,1237.00,59.786
643,1,638,-2288.829098031187,-5881.110173895012,2020-08-08T11:04:12Z,45.42980000,7.64813333,1239.00,59.78
644,1,639,-2287.829098031187,-5880.110173895012,2020-08-08T11:04:13Z,45.42971667,7.64815000,1240.00,59.775
645,1,640,-2286.829098031187,-5879.110173895012,2020-08-08T11:04:14Z,45.42963333,7.64813333,1242.00,59.772
646,1,641,-2285.829098031187,-5878.110173895012,2020-08-08T11:04:15Z,45.42955000,7.64810000,1243.00,59.769
647,1,642,-2284.829098031187,-5877.110173895012,2020-08-08T11:04:16Z,45.42948333,7.64803333,1245.00,59.77
648,1,643,-2283.829098031187,-5876.110173895012,2020-08-08T11:04:17Z,45.42943333,7.64795000,1246.00,59.773
649,1,644,-2282.829098031187,-5875.110173895012,2020-08-08T11:04:18Z,45.42940000,7.64783333,1247.00,59.78
650,1,645,-2281.829098031187,-5874.110173895012,2020-08-08T11:04:19Z,45.42936667,7.64770000,1246.00,59.787
651,1,646,-2280.829098031187,-5873.110173895012,2020-08-08T11:04:20Z,45.42938333,7.64755000,1247.00,59.798
652,1,647,-2279.829098031187,-5872.110173895012,2020-08-08T11:04:21Z,45.42940000,7.64740000,1246.00,59.809
653,1,648,-2278.829098031187,-5871.110173895012,2020-08-08T11:04:22Z,45.42945000,7.64725000,1246.00,59.822
654,1,649,-2277.829098031187,-5870.110173895012,2020-08-08T11:04:23Z,45.42951667,7.64710000,1246.00,59.836
655,1,650,-2276.829098031187,-5869.110173895012,2020-08-08T11:04:24Z,45.42960000,7.64700000,1246.00,59.847
656,1,651,-2275.829098031187,-5868.110173895012,2020-08-08T11:04:25Z,45.42970000,7.64693333,1245.00,59.857
657,1,652,-2274.829098031187,-5867.110173895012,2020-08-08T11:04:26Z,45.42980000,7.64690000,1245.00,59.865
658,1,653,-2273.829098031187,-5866.110173895012,2020-08-08T11:04:27Z,45.42991667,7.64688333,1245.00,59.872
659,1,654,-2272.829098031187,-5865.110173895012,2020-08-08T11:04:28Z,45.43001667,7.64688333,1246.00,59.878
660,1,655,-2271.829098031187,-5864.110173895012,2020-08-08T11:04:29Z,45.43011667,7.64691667,1247.00,59.881
661,1,656,-2270.829098031187,-5863.110173895012,2020-08-08T11:04:30Z,45.43020000,7.64696667,1248.00,59.882
662,1,657,-2269.829098031187,-5862.110173895012,2020-08-08T11:04:31Z,45.43026667,7.64703333,1249.00,59.881
663,1,658,-2268.829098031187,-5861.110173895012,2020-08-08T11:04:32Z,45.43033333,7.64713333,1250.00,59.877
664,1,659,-2267.829098031187,-5860.110173895012,2020-08-08T11:04:33Z,45.43038333,7.64725000,1251.00,59.872
665,1,660,-2266.829098031187,-5859.110173895012,2020-08-08T11:04:34Z,45.43040000,7.64736667,1253.00,59.865
666,1,661,-2265.829098031187,-5858.110173895012,2020-08-08T11:04:35Z,45.43040000,7.64750000,1255.00,59.856
667,1,662,-2264.829098031187,-5857.110173895012,2020-08-08T11:04:36Z,45.43036667,7.64760000,1258.00,59.847
668,1,663,-2263.829098031187,-5856.110173895012,2020-08-08T11:04:37Z,45.43031667,7.64768333,1259.00,59.839
669,1,664,-2262.829098031187,-5855.110173895012,2020-08-08T11:04:38Z,45.43026667,7.64775000,1262.00,59.832
670,1,665,-2261.829098031187,-5854.110173895012,2020-08-08T11:04:39Z,45.43020000,7.64778333,1262.00,59.826
671,1,666,-2260.829098031187,-5853.110173895012,2020-08-08T11:04:40Z,45.43013333,7.64781667,1262.00,59.82
672,1,667,-2259.829098031187,-5852.110173895012,2020-08-08T11:04:41Z,45.43005000,7.64780000,1263.00,59.817
673,1,668,-2258.829098031187,-5851.110173895012,2020-08-08T11:04:42Z,45.42996667,7.64778333,1264.00,59.813
674,1,669,-2257.829098031187,-5850.110173895012,2020-08-08T11:04:43Z,45.42990000,7.64773333,1265.00,59.813
675,1,670,-2256.829098031187,-5849.110173895012,2020-08-08T11:04:44Z,45.42985000,7.64765000,1266.00,59.816
676,1,671,-2255.829098031187,-5848.110173895012,2020-08-08T11:04:45Z,45.42980000,7.64756667,1266.00,59.819
677,1,672,-2254.829098031187,-5847.110173895012,2020-08-08T11:04:46Z,45.42976667,7.64745000,1267.00,59.825
678,1,673,-2253.829098031187,-5846.110173895012,2020-08-08T11:04:47Z,45.42975000,7.64730000,1268.00,59.835
679,1,674,-2252.829098031187,-5845.110173895012,2020-08-08T11:04:48Z,45.42975000,7.64715000,1268.00,59.845
680,1,675,-2251.829098031187,-5844.110173895012,2020-08-08T11:04:49Z,45.42978333,7.64701667,1268.00,59.856
681,1,676,-2250.829098031187,-5843.110173895012,2020-08-08T11:04:50Z,45.42985000,7.64690000,1268.00,59.868
682,1,677,-2249.829098031187,-5842.110173895012,2020-08-08T11:04:51Z,45.42993333,7.64681667,1268.00,59.878
683,1,678,-2248.829098031187,-5841.110173895012,2020-08-08T11:04:52Z,45.43003333,7.64676667,1269.00,59.886
684,1,679,-2247.829098031187,-5840.110173895012,2020-08-08T11:04:53Z,45.43011667,7.64675000,1269.00,59.892
685,1,680,-2246.829098031187,-5839.110173895012,2020-08-08T11:04:54Z,45.43021667,7.64675000,1268.00,59.897
686,1,681,-2245.829098031187,-5838.110173895012,2020-08-08T11:04:55Z,45.43031667,7.64680000,1268.00,59.899
687,1,682,-2244.829098031187,-5837.110173895012,2020-08-08T11:04:56Z,45.43041667,7.64685000,1267.00,59.901
688,1,683,-2243.829098031187,-5836.110173895012,2020-08-08T11:04:57Z,45.43051667,7.64693333,1268.00,59.901
689,1,684,-2242.829098031187,-5835.110173895012,2020-08-08T11:04:58Z,45.43060000,7.64701667,1270.00,59.9
690,1,685,-2241.829098031187,-5834.110173895012,2020-08-08T11:04:59Z,45.43065000,7.64713333,1272.00,59.894
691,1,686,-2240.829098031187,-5833.110173895012,2020-08-08T11:05:00Z,45.43068333,7.64723333,1273.00,59.889
692,1,687,-2239.829098031187,-5832.110173895012,2020-08-08T11:05:01Z,45.43070000,7.64735000,1274.00,59.882
693,1,688,-2238.829098031187,-5831.110173895012,2020-08-08T11:05:02Z,45.43071667,7.64746667,1275.00,59.875
694,1,689,-2237.829098031187,-5830.110173895012,2020-08-08T11:05:03Z,45.43070000,7.64761667,1276.00,59.864
695,1,690,-2236.829098031187,-5829.110173895012,2020-08-08T11:05:04Z,45.43066667,7.64775000,1275.00,59.853
696,1,691,-2235.829098031187,-5828.110173895012,2020-08-08T11:05:05Z,45.43060000,7.64788333,1276.00,59.84
697,1,692,-2234.829098031187,-5827.110173895012,2020-08-08T11:05:06Z,45.43053333,7.64800000,1277.00,59.829
698,1,693,-2233.829098031187,-5826.110173895012,2020-08-08T11:05:07Z,45.43043333,7.64806667,1279.00,59.819
699,1,694,-2232.829098031187,-5825.110173895012,2020-08-08T11:05:08Z,45.43035000,7.64810000,1281.00,59.812
700,1,695,-2231.829098031187,-5824.110173895012,2020-08-08T11:05:09Z,45.43025000,7.64808333,1282.00,59.808
701,1,696,-2230.829098031187,-5823.110173895012,2020-08-08T11:05:10Z,45.43018333,7.64805000,1283.00,59.807
702,1,697,-2229.829098031187,-5822.110173895012,2020-08-08T11:05:11Z,45.43011667,7.64796667,1283.00,59.809
703,1,698,-2228.829098031187,-5821.110173895012,2020-08-08T11:05:12Z,45.43006667,7.64786667,1283.00,59.813
704,1,699,-2227.829098031187,-5820.110173895012,2020-08-08T11:05:13Z,45.43005000,7.64771667,1281.00,59.822
705,1,700,-2226.829098031187,-5819.110173895012,2020-08-08T11:05:14Z,45.43006667,7.64756667,1279.00,59.833
706,1,701,-2225.829098031187,-5818.110173895012,2020-08-08T11:05:15Z,45.43011667,7.64738333,1278.00,59.849
707,1,702,-2224.829098031187,-5817.110173895012,2020-08-08T11:05:16Z,45.43018333,7.64723333,1278.00,59.863
708,1,703,-2223.829098031187,-5816.110173895012,2020-08-08T11:05:17Z,45.43026667,7.64710000,1279.00,59.876
709,1,704,-2222.829098031187,-5815.110173895012,2020-08-08T11:05:18Z,45.43035000,7.64700000,1279.00,59.887
710,1,705,-2221.829098031187,-5814.110173895012,2020-08-08T11:05:19Z,45.43043333,7.64693333,1281.00,59.896
711,1,706,-2220.829098031187,-5813.110173895012,2020-08-08T11:05:20Z,45.43053333,7.64688333,1281.00,59.905
712,1,707,-2219.829098031187,-5812.110173895012,2020-08-08T11:05:21Z,45.43063333,7.64685000,1282.00,59.913
713,1,708,-2218.829098031187,-5811.110173895012,2020-08-08T11:05:22Z,45.43073333,7.64686667,1281.00,59.917
714,1,709,-2217.829098031187,-5810.110173895012,2020-08-08T11:05:23Z,45.43083333,7.64691667,1282.00,59.919
715,1,710,-2216.829098031187,-5809.110173895012,2020-08-08T11:05:24Z,45.43091667,7.64698333,1283.00,59.919
716,1,711,-2215.829098031187,-5808.110173895012,2020-08-08T11:05:25Z,45.43098333,7.64708333,1284.00,59.916
717,1,712,-2214.829098031187,-5807.110173895012,2020-08-08T11:05:26Z,45.43103333,7.64716667,1287.00,59.913
718,1,713,-2213.829098031187,-5806.110173895012,2020-08-08T11:05:27Z,45.43105000,7.64726667,1289.00,59.907
719,1,714,-2212.829098031187,-5805.110173895012,2020-08-08T11:05:28Z,45.43103333,7.64738333,1291.00,59.898
720,1,715,-2211.829098031187,-5804.110173895012,2020-08-08T11:05:29Z,45.43100000,7.64748333,1293.00,59.889
721,1,716,-2210.829098031187,-5803.110173895012,2020-08-08T11:05:30Z,45.43095000,7.64756667,1295.00,59.881
722,1,717,-2209.829098031187,-5802.110173895012,2020-08-08T11:05:31Z,45.43088333,7.64758333,1296.00,59.876
723,1,718,-2208.829098031187,-5801.110173895012,2020-08-08T11:05:32Z,45.43080000,7.64755000,1297.00,59.874
724,1,719,-2207.829098031187,-5800.110173895012,2020-08-08T11:05:33Z,45.43073333,7.64745000,1297.00,59.877
725,1,720,-2206.829098031187,-5799.110173895012,2020-08-08T11:05:34Z,45.43070000,7.64731667,1297.00,59.885
726,1,721,-2205.829098031187,-5798.110173895012,2020-08-08T11:05:35Z,45.43070000,7.64715000,1298.00,59.896
727,1,722,-2204.829098031187,-5797.110173895012,2020-08-08T11:05:36Z,45.43076667,7.64701667,1298.00,59.909
728,1,723,-2203.829098031187,-5796.110173895012,2020-08-08T11:05:37Z,45.43086667,7.64691667,1298.00,59.921
729,1,724,-2202.829098031187,-5795.110173895012,2020-08-08T11:05:38Z,45.43096667,7.64686667,1299.00,59.93
730,1,725,-2201.829098031187,-5794.110173895012,2020-08-08T11:05:39Z,45.43106667,7.64686667,1300.00,59.935
731,1,726,-2200.829098031187,-5793.110173895012,2020-08-08T11:05:40Z,45.43116667,7.64690000,1302.00,59.938
732,1,727,-2199.829098031187,-5792.110173895012,2020-08-08T11:05:41Z,45.43123333,7.64695000,1304.00,59.938
733,1,728,-2198.829098031187,-5791.110173895012,2020-08-08T11:05:42Z,45.43128333,7.64701667,1305.00,59.936
734,1,729,-2197.829098031187,-5790.110173895012,2020-08-08T11:05:43Z,45.43131667,7.64711667,1307.00,59.931
735,1,730,-2196.829098031187,-5789.110173895012,2020-08-08T11:05:44Z,45.43136667,7.64720000,1307.00,59.928
736,1,731,-2195.829098031187,-5788.110173895012,2020-08-08T11:05:45Z,45.43138333,7.64730000,1309.00,59.922
737,1,732,-2194.829098031187,-5787.110173895012,2020-08-08T11:05:46Z,45.43140000,7.64740000,1311.00,59.917
738,1,733,-2193.829098031187,-5786.110173895012,2020-08-08T11:05:47Z,45.43136667,7.64750000,1312.00,59.908
739,1,734,-2192.829098031187,-5785.110173895012,2020-08-08T11:05:48Z,45.43131667,7.64758333,1312.00,59.9
740,1,735,-2191.829098031187,-5784.110173895012,2020-08-08T11:05:49Z,45.43121667,7.64761667,1313.00,59.892
741,1,736,-2190.829098031187,-5783.110173895012,2020-08-08T11:05:50Z,45.43111667,7.64761667,1313.00,59.886
742,1,737,-2189.829098031187,-5782.110173895012,2020-08-08T11:05:51Z,45.43101667,7.64755000,1313.00,59.886
743,1,738,-2188.829098031187,-5781.110173895012,2020-08-08T11:05:52Z,45.43093333,7.64743333,1313.00,59.889
744,1,739,-2187.829098031187,-5780.110173895012,2020-08-08T11:05:53Z,45.43088333,7.64728333,1313.00,59.897
745,1,740,-2186.829098031187,-5779.110173895012,2020-08-08T11:05:54Z,45.43090000,7.64711667,1313.00,59.909
746,1,741,-2185.829098031187,-5778.110173895012,2020-08-08T11:05:55Z,45.43095000,7.64696667,1313.00,59.922
747,1,742,-2184.829098031187,-5777.110173895012,2020-08-08T11:05:56Z,45.43103333,7.64683333,1313.00,59.935
748,1,743,-2183.829098031187,-5776.110173895012,2020-08-08T11:05:57Z,45.43111667,7.64675000,1313.00,59.946
749,1,744,-2182.829098031187,-5775.110173895012,2020-08-08T11:05:58Z,45.43123333,7.64670000,1313.00,59.955
750,1,745,-2181.829098031187,-5774.110173895012,2020-08-08T11:05:59Z,45.43133333,7.64671667,1313.00,59.96
751,1,746,-2180.829098031187,-5773.110173895012,2020-08-08T11:06:00Z,45.43145000,7.64676667,1313.00,59.962
752,1,747,-2179.829098031187,-5772.110173895012,2020-08-08T11:06:01Z,45.43153333,7.64685000,1313.00,59.961
753,1,748,-2178.829098031187,-5771.110173895012,2020-08-08T11:06:02Z,45.43158333,7.64693333,1315.00,59.958
754,1,749,-2177.829098031187,-5770.110173895012,2020-08-08T11:06:03Z,45.43161667,7.64701667,1317.00,59.954
755,1,750,-2176.829098031187,-5769.110173895012,2020-08-08T11:06:04Z,45.43163333,7.64708333,1318.00,59.951
756,1,751,-2175.829098031187,-5768.110173895012,2020-08-08T11:06:05Z,45.43163333,7.64718333,1320.00,59.944
757,1,752,-2174.829098031187,-5767.110173895012,2020-08-08T11:06:06Z,45.43165000,7.64728333,1321.00,59.938
758,1,753,-2173.829098031187,-5766.110173895012,2020-08-08T11:06:07Z,45.43163333,7.64738333,1322.00,59.93
759,1,754,-2172.829098031187,-5765.110173895012,2020-08-08T11:06:08Z,45.43160000,7.64748333,1323.00,59.922
760,1,755,-2171.829098031187,-5764.110173895012,2020-08-08T11:06:09Z,45.43155000,7.64756667,1326.00,59.913
761,1,756,-2170.829098031187,-5763.110173895012,2020-08-08T11:06:10Z,45.43150000,7.64763333,1328.00,59.906
762,1,757,-2169.829098031187,-5762.110173895012,2020-08-08T11:06:11Z,45.43145000,7.64766667,1329.00,59.901
763,1,758,-2168.829098031187,-5761.110173895012,2020-08-08T11:06:12Z,45.43138333,7.64770000,1329.00,59.895
764,1,759,-2167.829098031187,-5760.110173895012,2020-08-08T11:06:13Z,45.43130000,7.64770000,1329.00,59.891
765,1,760,-2166.829098031187,-5759.110173895012,2020-08-08T11:06:14Z,45.43120000,7.64766667,1327.00,59.888
766,1,761,-2165.829098031187,-5758.110173895012,2020-08-08T11:06:15Z,45.43110000,7.64756667,1326.00,59.889
767,1,762,-2164.829098031187,-5757.110173895012,2020-08-08T11:06:16Z,45.43101667,7.64741667,1326.00,59.895
768,1,763,-2163.829098031187,-5756.110173895012,2020-08-08T11:06:17Z,45.43100000,7.64725000,1325.00,59.905
769,1,764,-2162.829098031187,-5755.110173895012,2020-08-08T11:06:18Z,45.43103333,7.64708333,1325.00,59.918
770,1,765,-2161.829098031187,-5754.110173895012,2020-08-08T11:06:19Z,45.43111667,7.64696667,1325.00,59.931
771,1,766,-2160.829098031187,-5753.110173895012,2020-08-08T11:06:20Z,45.43121667,7.64688333,1324.00,59.942
772,1,767,-2159.829098031187,-5752.110173895012,2020-08-08T11:06:21Z,45.43131667,7.64685000,1324.00,59.95
773,1,768,-2158.829098031187,-5751.110173895012,2020-08-08T11:06:22Z,45.43141667,7.64683333,1323.00,59.956
774,1,769,-2157.829098031187,-5750.110173895012,2020-08-08T11:06:23Z,45.43151667,7.64686667,1323.00,59.959
775,1,770,-2156.829098031187,-5749.110173895012,2020-08-08T11:06:24Z,45.43160000,7.64691667,1324.00,59.96
776,1,771,-2155.829098031187,-5748.110173895012,2020-08-08T11:06:25Z,45.43170000,7.64700000,1324.00,59.96
777,1,772,-2154.829098031187,-5747.110173895012,2020-08-08T11:06:26Z,45.43178333,7.64708333,1325.00,59.959
778,1,773,-2153.829098031187,-5746.110173895012,2020-08-08T11:06:27Z,45.43185000,7.64718333,1327.00,59.956
779,1,774,-2152.829098031187,-5745.110173895012,2020-08-08T11:06:28Z,45.43191667,7.64726667,1329.00,59.954
780,1,775,-2151.829098031187,-5744.110173895012,2020-08-08T11:06:29Z,45.43195000,7.64735000,1332.00,59.95
781,1,776,-2150.829098031187,-5743.110173895012,2020-08-08T11:06:30Z,45.43195000,7.64745000,1334.00,59.943
782,1,777,-2149.829098031187,-5742.110173895012,2020-08-08T11:06:31Z,45.43193333,7.64755000,1336.00,59.935
783,1,778,-2148.829098031187,-5741.110173895012,2020-08-08T11:06:32Z,45.43186667,7.64763333,1337.00,59.926
784,1,779,-2147.829098031187,-5740.110173895012,2020-08-08T11:06:33Z,45.43178333,7.64766667,1337.00,59.919
785,1,780,-2146.829098031187,-5739.110173895012,2020-08-08T11:06:34Z,45.43170000,7.64765000,1336.00,59.916
786,1,781,-2145.829098031187,-5738.110173895012,2020-08-08T11:06:35Z,45.43160000,7.64756667,1335.00,59.916
787,1,782,-2144.829098031187,-5737.110173895012,2020-08-08T11:06:36Z,45.43153333,7.64740000,1333.00,59.924
788,1,783,-2143.829098031187,-5736.110173895012,2020-08-08T11:06:37Z,45.43151667,7.64721667,1332.00,59.935
789,1,784,-2142.829098031187,-5735.110173895012,2020-08-08T11:06:38Z,45.43153333,7.64703333,1332.00,59.949
790,1,785,-2141.829098031187,-5734.110173895012,2020-08-08T11:06:39Z,45.43158333,7.64686667,1332.00,59.963
791,1,786,-2140.829098031187,-5733.110173895012,2020-08-08T11:06:40Z,45.43166667,7.64675000,1333.00,59.975
792,1,787,-2139.829098031187,-5732.110173895012,2020-08-08T11:06:41Z,45.43176667,7.64666667,1335.00,59.986
793,1,788,-2138.829098031187,-5731.110173895012,2020-08-08T11:06:42Z,45.43185000,7.64660000,1336.00,59.995
794,1,789,-2137.829098031187,-5730.110173895012,2020-08-08T11:06:43Z,45.43195000,7.64656667,1337.00,60.003
795,1,790,-2136.829098031187,-5729.110173895012,2020-08-08T11:06:44Z,45.43205000,7.64655000,1338.00,60.01
796,1,791,-2135.829098031187,-5728.110173895012,2020-08-08T11:06:45Z,45.43215000,7.64658333,1340.00,60.013
797,1,792,-2134.829098031187,-5727.110173895012,2020-08-08T11:06:46Z,45.43225000,7.64665000,1341.00,60.014
798,1,793,-2133.829098031187,-5726.110173895012,2020-08-08T11:06:47Z,45.43235000,7.64673333,1344.00,60.014
799,1,794,-2132.829098031187,-5725.110173895012,2020-08-08T11:06:48Z,45.43241667,7.64681667,1345.00,60.012
800,1,795,-2131.829098031187,-5724.110173895012,2020-08-08T11:06:49Z,45.43248333,7.64690000,1347.00,60.009
801,1,796,-2130.829098031187,-5723.110173895012,2020-08-08T11:06:50Z,45.43253333,7.64698333,1350.00,60.007
802,1,797,-2129.829098031187,-5722.110173895012,2020-08-08T11:06:51Z,45.43256667,7.64710000,1352.00,60.0
803,1,798,-2128.829098031187,-5721.110173895012,2020-08-08T11:06:52Z,45.43255000,7.64720000,1354.00,59.993
804,1,799,-2127.829098031187,-5720.110173895012,2020-08-08T11:06:53Z,45.43251667,7.64730000,1355.00,59.984
805,1,800,-2126.829098031187,-5719.110173895012,2020-08-08T11:06:54Z,45.43243333,7.64736667,1356.00,59.975
806,1,801,-2125.829098031187,-5718.110173895012,2020-08-08T11:06:55Z,45.43233333,7.64735000,1356.00,59.971
807,1,802,-2124.829098031187,-5717.110173895012,2020-08-08T11:06:56Z,45.43223333,7.64728333,1355.00,59.97
808,1,803,-2123.829098031187,-5716.110173895012,2020-08-08T11:06:57Z,45.43216667,7.64715000,1356.00,59.975
809,1,804,-2122.829098031187,-5715.110173895012,2020-08-08T11:06:58Z,45.43213333,7.64698333,1357.00,59.985
810,1,805,-2121.829098031187,-5714.110173895012,2020-08-08T11:06:59Z,45.43216667,7.64681667,1359.00,59.998
811,1,806,-2120.829098031187,-5713.110173895012,2020-08-08T11:07:00Z,45.43225000,7.64668333,1361.00,60.011
812,1,807,-2119.829098031187,-5712.110173895012,2020-08-08T11:07:01Z,45.43236667,7.64660000,1363.00,60.024
813,1,808,-2118.829098031187,-5711.110173895012,2020-08-08T11:07:02Z,45.43248333,7.64656667,1366.00,60.032
814,1,809,-2117.829098031187,-5710.110173895012,2020-08-08T11:07:03Z,45.43258333,7.64660000,1370.00,60.035
815,1,810,-2116.829098031187,-5709.110173895012,2020-08-08T11:07:04Z,45.43266667,7.64666667,1372.00,60.035
816,1,811,-2115.829098031187,-5708.110173895012,2020-08-08T11:07:05Z,45.43271667,7.64678333,1374.00,60.03
817,1,812,-2114.829098031187,-5707.110173895012,2020-08-08T11:07:06Z,45.43271667,7.64691667,1376.00,60.021
818,1,813,-2113.829098031187,-5706.110173895012,2020-08-08T11:07:07Z,45.43265000,7.64703333,1377.00,60.01
819,1,814,-2112.829098031187,-5705.110173895012,2020-08-08T11:07:08Z,45.43256667,7.64710000,1378.00,60.0
820,1,815,-2111.829098031187,-5704.110173895012,2020-08-08T11:07:09Z,45.43246667,7.64711667,1379.00,59.994
821,1,816,-2110.829098031187,-5703.110173895012,2020-08-08T11:07:10Z,45.43236667,7.64708333,1381.00,59.991
822,1,817,-2109.829098031187,-5702.110173895012,2020-08-08T11:07:11Z,45.43228333,7.64703333,1384.00,59.99
823,1,818,-2108.829098031187,-5701.110173895012,2020-08-08T11:07:12Z,45.43223333,7.64695000,1385.00,59.992
824,1,819,-2107.829098031187,-5700.110173895012,2020-08-08T11:07:13Z,45.43220000,7.64685000,1386.00,59.997
825,1,820,-2106.829098031187,-5699.110173895012,2020-08-08T11:07:14Z,45.43218333,7.64673333,1385.00,60.004
826,1,821,-2105.829098031187,-5698.110173895012,2020-08-08T11:07:15Z,45.43218333,7.64656667,1383.00,60.016
827,1,822,-2104.829098031187,-5697.110173895012,2020-08-08T11:07:16Z,45.43221667,7.64640000,1383.00,60.029
828,1,823,-2103.829098031187,-5696.110173895012,2020-08-08T11:07:17Z,45.43228333,7.64623333,1383.00,60.044
829,1,824,-2102.829098031187,-5695.110173895012,2020-08-08T11:07:18Z,45.43238333,7.64611667,1383.00,60.057
830,1,825,-2101.829098031187,-5694.110173895012,2020-08-08T11:07:19Z,45.43250000,7.64603333,1384.00,60.069
831,1,826,-2100.829098031187,-5693.110173895012,2020-08-08T11:07:20Z,45.43258333,7.64600000,1387.00,60.076
832,1,827,-2099.829098031187,-5692.110173895012,2020-08-08T11:07:21Z,45.43266667,7.64600000,1391.00,60.081
833,1,828,-2098.829098031187,-5691.110173895012,2020-08-08T11:07:22Z,45.43275000,7.64603333,1394.00,60.083
834,1,829,-2097.829098031187,-5690.110173895012,2020-08-08T11:07:23Z,45.43283333,7.64606667,1397.00,60.085
835,1,830,-2096.829098031187,-5689.110173895012,2020-08-08T11:07:24Z,45.43290000,7.64613333,1398.00,60.084
836,1,831,-2095.829098031187,-5688.110173895012,2020-08-08T11:07:25Z,45.43296667,7.64620000,1400.00,60.083
837,1,832,-2094.829098031187,-5687.110173895012,2020-08-08T11:07:26Z,45.43298333,7.64631667,1401.00,60.076
838,1,833,-2093.829098031187,-5686.110173895012,2020-08-08T11:07:27Z,45.43298333,7.64643333,1402.00,60.069
839,1,834,-2092.829098031187,-5685.110173895012,2020-08-08T11:07:28Z,45.43295000,7.64653333,1404.00,60.06
840,1,835,-2091.829098031187,-5684.110173895012,2020-08-08T11:07:29Z,45.43290000,7.64661667,1406.00,60.052
841,1,836,-2090.829098031187,-5683.110173895012,2020-08-08T11:07:30Z,45.43283333,7.64663333,1409.00,60.047
842,1,837,-2089.829098031187,-5682.110173895012,2020-08-08T11:07:31Z,45.43276667,7.64660000,1409.00,60.045
843,1,838,-2088.829098031187,-5681.110173895012,2020-08-08T11:07:32Z,45.43270000,7.64648333,1410.00,60.05
844,1,839,-2087.829098031187,-5680.110173895012,2020-08-08T11:07:33Z,45.43268333,7.64633333,1410.00,60.059
845,1,840,-2086.829098031187,-5679.110173895012,2020-08-08T11:07:34Z,45.43270000,7.64618333,1411.00,60.07
846,1,841,-2085.829098031187,-5678.110173895012,2020-08-08T11:07:35Z,45.43276667,7.64605000,1413.00,60.083
847,1,842,-2084.829098031187,-5677.110173895012,2020-08-08T11:07:36Z,45.43285000,7.64596667,1416.00,60.093
848,1,843,-2083.829098031187,-5676.110173895012,2020-08-08T11:07:37Z,45.43295000,7.64595000,1418.00,60.1
849,1,844,-2082.829098031187,-5675.110173895012,2020-08-08T11:07:38Z,45.43305000,7.64598333,1420.00,60.103
850,1,845,-2081.829098031187,-5674.110173895012,2020-08-08T11:07:39Z,45.43311667,7.64608333,1421.00,60.1
851,1,846,-2080.829098031187,-5673.110173895012,2020-08-08T11:07:40Z,45.43315000,7.64620000,1422.00,60.094
852,1,847,-2079.829098031187,-5672.110173895012,2020-08-08T11:07:41Z,45.43316667,7.64628333,1425.00,60.089
853,1,848,-2078.829098031187,-5671.110173895012,2020-08-08T11:07:42Z,45.43316667,7.64635000,1427.00,60.084
854,1,849,-2077.829098031187,-5670.110173895012,2020-08-08T11:07:43Z,45.43315000,7.64641667,1428.00,60.079
855,1,850,-2076.829098031187,-5669.110173895012,2020-08-08T11:07:44Z,45.43310000,7.64648333,1430.00,60.072
856,1,851,-2075.829098031187,-5668.110173895012,2020-08-08T11:07:45Z,45.43303333,7.64653333,1430.00,60.065
857,1,852,-2074.829098031187,-5667.110173895012,2020-08-08T11:07:46Z,45.43295000,7.64655000,1430.00,60.059
858,1,853,-2073.829098031187,-5666.110173895012,2020-08-08T11:07:47Z,45.43286667,7.64650000,1430.00,60.058
859,1,854,-2072.829098031187,-5665.110173895012,2020-08-08T11:07:48Z,45.43278333,7.64638333,1428.00,60.061
860,1,855,-2071.829098031187,-5664.110173895012,2020-08-08T11:07:49Z,45.43273333,7.64621667,1426.00,60.07
861,1,856,-2070.829098031187,-5663.110173895012,2020-08-08T11:07:50Z,45.43271667,7.64605000,1425.00,60.08
862,1,857,-2069.829098031187,-5662.110173895012,2020-08-08T11:07:51Z,45.43276667,7.64586667,1424.00,60.095
863,1,858,-2068.829098031187,-5661.110173895012,2020-08-08T11:07:52Z,45.43283333,7.64571667,1424.00,60.109
864,1,859,-2067.829098031187,-5660.110173895012,2020-08-08T11:07:53Z,45.43291667,7.64558333,1425.00,60.123
865,1,860,-2066.829098031187,-5659.110173895012,2020-08-08T11:07:54Z,45.43300000,7.64546667,1426.00,60.135
866,1,861,-2065.829098031187,-5658.110173895012,2020-08-08T11:07:55Z,45.43310000,7.64538333,1428.00,60.146
867,1,862,-2064.829098031187,-5657.110173895012,2020-08-08T11:07:56Z,45.43321667,7.64531667,1431.00,60.157
868,1,863,-2063.829098031187,-5656.110173895012,2020-08-08T11:07:57Z,45.43331667,7.64530000,1434.00,60.164
869,1,864,-2062.829098031187,-5655.110173895012,2020-08-08T11:07:58Z,45.43340000,7.64530000,1437.00,60.168
870,1,865,-2061.829098031187,-5654.110173895012,2020-08-08T11:07:59Z,45.43346667,7.64536667,1440.00,60.167
871,1,866,-2060.829098031187,-5653.110173895012,2020-08-08T11:08:00Z,45.43353333,7.64545000,1442.00,60.165
872,1,867,-2059.829098031187,-5652.110173895012,2020-08-08T11:08:01Z,45.43356667,7.64555000,1445.00,60.161
873,1,868,-2058.829098031187,-5651.110173895012,2020-08-08T11:08:02Z,45.43358333,7.64566667,1446.00,60.154
874,1,869,-2057.829098031187,-5650.110173895012,2020-08-08T11:08:03Z,45.43356667,7.64576667,1449.00,60.146
875,1,870,-2056.829098031187,-5649.110173895012,2020-08-08T11:08:04Z,45.43353333,7.64585000,1451.00,60.138
876,1,871,-2055.829098031187,-5648.110173895012,2020-08-08T11:08:05Z,45.43346667,7.64591667,1452.00,60.13
877,1,872,-2054.829098031187,-5647.110173895012,2020-08-08T11:08:06Z,45.43340000,7.64593333,1454.00,60.125
878,1,873,-2053.829098031187,-5646.110173895012,2020-08-08T11:08:07Z,45.43330000,7.64588333,1455.00,60.123
879,1,874,-2052.829098031187,-5645.110173895012,2020-08-08T11:08:08Z,45.43321667,7.64576667,1456.00,60.127
880,1,875,-2051.829098031187,-5644.110173895012,2020-08-08T11:08:09Z,45.43316667,7.64560000,1457.00,60.135
881,1,876,-2050.829098031187,-5643.110173895012,2020-08-08T11:08:10Z,45.43316667,7.64541667,1460.00,60.148
882,1,877,-2049.829098031187,-5642.110173895012,2020-08-08T11:08:11Z,45.43320000,7.64526667,1464.00,60.16
883,1,878,-2048.829098031187,-5641.110173895012,2020-08-08T11:08:12Z,45.43325000,7.64516667,1467.00,60.169
884,1,879,-2047.829098031187,-5640.110173895012,2020-08-08T11:08:13Z,45.43331667,7.64508333,1470.00,60.178
885,1,880,-2046.829098031187,-5639.110173895012,2020-08-08T11:08:14Z,45.43338333,7.64498333,1473.00,60.189
886,1,881,-2045.829098031187,-5638.110173895012,2020-08-08T11:08:15Z,45.43348333,7.64490000,1475.00,60.2
887,1,882,-2044.829098031187,-5637.110173895012,2020-08-08T11:08:16Z,45.43358333,7.64485000,1477.00,60.209
888,1,883,-2043.829098031187,-5636.110173895012,2020-08-08T11:08:17Z,45.43368333,7.64485000,1480.00,60.214
889,1,884,-2042.829098031187,-5635.110173895012,2020-08-08T11:08:18Z,45.43378333,7.64491667,1484.00,60.215
890,1,885,-2041.829098031187,-5634.110173895012,2020-08-08T11:08:19Z,45.43381667,7.64503333,1485.00,60.209
891,1,886,-2040.829098031187,-5633.110173895012,2020-08-08T11:08:20Z,45.43381667,7.64516667,1488.00,60.2
892,1,887,-2039.829098031187,-5632.110173895012,2020-08-08T11:08:21Z,45.43376667,7.64525000,1490.00,60.192
893,1,888,-2038.829098031187,-5631.110173895012,2020-08-08T11:08:22Z,45.43368333,7.64528333,1491.00,60.185
894,1,889,-2037.829098031187,-5630.110173895012,2020-08-08T11:08:23Z,45.43358333,7.64523333,1494.00,60.183
895,1,890,-2036.829098031187,-5629.110173895012,2020-08-08T11:08:24Z,45.43350000,7.64513333,1496.00,60.185
896,1,891,-2035.829098031187,-5628.110173895012,2020-08-08T11:08:25Z,45.43345000,7.64498333,1499.00,60.193
897,1,892,-2034.829098031187,-5627.110173895012,2020-08-08T11:08:26Z,45.43345000,7.64483333,1503.00,60.203
898,1,893,-2033.829098031187,-5626.110173895012,2020-08-08T11:08:27Z,45.43350000,7.64468333,1505.00,60.216
899,1,894,-2032.829098031187,-5625.110173895012,2020-08-08T11:08:28Z,45.43356667,7.64456667,1508.00,60.227
900,1,895,-2031.829098031187,-5624.110173895012,2020-08-08T11:08:29Z,45.43368333,7.64450000,1512.00,60.238
901,1,896,-2030.829098031187,-5623.110173895012,2020-08-08T11:08:30Z,45.43378333,7.64448333,1515.00,60.245
902,1,897,-2029.829098031187,-5622.110173895012,2020-08-08T11:08:31Z,45.43388333,7.64453333,1519.00,60.247
903,1,898,-2028.829098031187,-5621.110173895012,2020-08-08T11:08:32Z,45.43395000,7.64461667,1521.00,60.245
904,1,899,-2027.829098031187,-5620.110173895012,2020-08-08T11:08:33Z,45.43396667,7.64473333,1523.00,60.238
905,1,900,-2026.829098031187,-5619.110173895012,2020-08-08T11:08:34Z,45.43395000,7.64483333,1524.00,60.23
906,1,901,-2025.829098031187,-5618.110173895012,2020-08-08T11:08:35Z,45.43390000,7.64491667,1527.00,60.222
907,1,902,-2024.829098031187,-5617.110173895012,2020-08-08T11:08:36Z,45.43380000,7.64493333,1529.00,60.215
908,1,903,-2023.829098031187,-5616.110173895012,2020-08-08T11:08:37Z,45.43371667,7.64486667,1531.00,60.215
909,1,904,-2022.829098031187,-5615.110173895012,2020-08-08T11:08:38Z,45.43365000,7.64473333,1532.00,60.221
910,1,905,-2021.829098031187,-5614.110173895012,2020-08-08T11:08:39Z,45.43363333,7.64456667,1534.00,60.231
911,1,906,-2020.829098031187,-5613.110173895012,2020-08-08T11:08:40Z,45.43366667,7.64440000,1537.00,60.244
912,1,907,-2019.829098031187,-5612.110173895012,2020-08-08T11:08:41Z,45.43375000,7.64426667,1539.00,60.258
913,1,908,-2018.829098031187,-5611.110173895012,2020-08-08T11:08:42Z,45.43385000,7.64418333,1544.00,60.269
914,1,909,-2017.829098031187,-5610.110173895012,2020-08-08T11:08:43Z,45.43395000,7.64415000,1547.00,60.277
915,1,910,-2016.829098031187,-5609.110173895012,2020-08-08T11:08:44Z,45.43405000,7.64418333,1550.00,60.28
916,1,911,-2015.829098031187,-5608.110173895012,2020-08-08T11:08:45Z,45.43411667,7.64426667,1553.00,60.278
917,1,912,-2014.829098031187,-5607.110173895012,2020-08-08T11:08:46Z,45.43415000,7.64438333,1554.00,60.272
918,1,913,-2013.829098031187,-5606.110173895012,2020-08-08T11:08:47Z,45.43415000,7.64450000,1556.00,60.264
919,1,914,-2012.829098031187,-5605.110173895012,2020-08-08T11:08:48Z,45.43411667,7.64458333,1559.00,60.256
920,1,915,-2011.829098031187,-5604.110173895012,2020-08-08T11:08:49Z,45.43403333,7.64463333,1561.00,60.248
921,1,916,-2010.829098031187,-5603.110173895012,2020-08-08T11:08:50Z,45.43395000,7.64460000,1563.00,60.246
922,1,917,-2009.829098031187,-5602.110173895012,2020-08-08T11:08:51Z,45.43388333,7.64450000,1563.00,60.249
923,1,918,-2008.829098031187,-5601.110173895012,2020-08-08T11:08:52Z,45.43383333,7.64435000,1564.00,60.257
924,1,919,-2007.829098031187,-5600.110173895012,2020-08-08T11:08:53Z,45.43383333,7.64418333,1567.00,60.268
925,1,920,-2006.829098031187,-5599.110173895012,2020-08-08T11:08:54Z,45.43388333,7.64401667,1568.00,60.282
926,1,921,-2005.829098031187,-5598.110173895012,2020-08-08T11:08:55Z,45.43398333,7.64388333,1570.00,60.296
927,1,922,-2004.829098031187,-5597.110173895012,2020-08-08T11:08:56Z,45.43408333,7.64385000,1573.00,60.304
928,1,923,-2003.829098031187,-5596.110173895012,2020-08-08T11:08:57Z,45.43418333,7.64386667,1577.00,60.309
929,1,924,-2002.829098031187,-5595.110173895012,2020-08-08T11:08:58Z,45.43426667,7.64395000,1580.00,60.308
930,1,925,-2001.829098031187,-5594.110173895012,2020-08-08T11:08:59Z,45.43430000,7.64405000,1580.00,60.303
931,1,926,-2000.829098031187,-5593.110173895012,2020-08-08T11:09:00Z,45.43433333,7.64418333,1583.00,60.295
932,1,927,-1999.829098031187,-5592.110173895012,2020-08-08T11:09:01Z,45.43431667,7.64430000,1584.00,60.287
933,1,928,-1998.829098031187,-5591.110173895012,2020-08-08T11:09:02Z,45.43430000,7.64440000,1587.00,60.279
934,1,929,-1997.829098031187,-5590.110173895012,2020-08-08T11:09:03Z,45.43423333,7.64443333,1590.00,60.273
935,1,930,-1996.829098031187,-5589.110173895012,2020-08-08T11:09:04Z,45.43416667,7.64441667,1590.00,60.27
936,1,931,-1995.829098031187,-5588.110173895012,2020-08-08T11:09:05Z,45.43408333,7.64436667,1591.00,60.269
937,1,932,-1994.829098031187,-5587.110173895012,2020-08-08T11:09:06Z,45.43401667,7.64425000,1593.00,60.273
938,1,933,-1993.829098031187,-5586.110173895012,2020-08-08T11:09:07Z,45.43396667,7.64410000,1594.00,60.281
939,1,934,-1992.829098031187,-5585.110173895012,2020-08-08T11:09:08Z,45.43398333,7.64395000,1595.00,60.292
940,1,935,-1991.829098031187,-5584.110173895012,2020-08-08T11:09:09Z,45.43401667,7.64378333,1597.00,60.305
941,1,936,-1990.829098031187,-5583.110173895012,2020-08-08T11:09:10Z,45.43406667,7.64366667,1600.00,60.316
942,1,937,-1989.829098031187,-5582.110173895012,2020-08-08T11:09:11Z,45.43415000,7.64358333,1603.00,60.326
943,1,938,-1988.829098031187,-5581.110173895012,2020-08-08T11:09:12Z,45.43423333,7.64356667,1605.00,60.332
944,1,939,-1987.829098031187,-5580.110173895012,2020-08-08T11:09:13Z,45.43433333,7.64358333,1607.00,60.336
945,1,940,-1986.829098031187,-5579.110173895012,2020-08-08T11:09:14Z,45.43441667,7.64365000,1607.00,60.336
946,1,941,-1985.829098031187,-5578.110173895012,2020-08-08T11:09:15Z,45.43450000,7.64375000,1608.00,60.334
947,1,942,-1984.829098031187,-5577.110173895012,2020-08-08T11:09:16Z,45.43455000,7.64386667,1609.00,60.329
948,1,943,-1983.829098031187,-5576.110173895012,2020-08-08T11:09:17Z,45.43456667,7.64400000,1610.00,60.321
949,1,944,-1982.829098031187,-5575.110173895012,2020-08-08T11:09:18Z,45.43458333,7.64413333,1612.00,60.313
950,1,945,-1981.829098031187,-5574.110173895012,2020-08-08T11:09:19Z,45.43458333,7.64425000,1614.00,60.305
951,1,946,-1980.829098031187,-5573.110173895012,2020-08-08T11:09:20Z,45.43455000,7.64433333,1616.00,60.297
952,1,947,-1979.829098031187,-5572.110173895012,2020-08-08T11:09:21Z,45.43451667,7.64438333,1617.00,60.292
953,1,948,-1978.829098031187,-5571.110173895012,2020-08-08T11:09:22Z,45.43443333,7.64440000,1616.00,60.286
954,1,949,-1977.829098031187,-5570.110173895012,2020-08-08T11:09:23Z,45.43435000,7.64435000,1615.00,60.285
955,1,950,-1976.829098031187,-5569.110173895012,2020-08-08T11:09:24Z,45.43426667,7.64425000,1615.00,60.287
956,1,951,-1975.829098031187,-5568.110173895012,2020-08-08T11:09:25Z,45.43421667,7.64410000,1617.00,60.295
957,1,952,-1974.829098031187,-5567.110173895012,2020-08-08T11:09:26Z,45.43421667,7.64395000,1619.00,60.305
958,1,953,-1973.829098031187,-5566.110173895012,2020-08-08T11:09:27Z,45.43426667,7.64381667,1622.00,60.317
959,1,954,-1972.829098031187,-5565.110173895012,2020-08-08T11:09:28Z,45.43433333,7.64371667,1624.00,60.327
960,1,955,-1971.829098031187,-5564.110173895012,2020-08-08T11:09:29Z,45.43441667,7.64366667,1626.00,60.335
961,1,956,-1970.829098031187,-5563.110173895012,2020-08-08T11:09:30Z,45.43451667,7.64363333,1627.00,60.343
962,1,957,-1969.829098031187,-5562.110173895012,2020-08-08T11:09:31Z,45.43461667,7.64363333,1629.00,60.348
963,1,958,-1968.829098031187,-5561.110173895012,2020-08-08T11:09:32Z,45.43471667,7.64368333,1630.00,60.35
964,1,959,-1967.829098031187,-5560.110173895012,2020-08-08T11:09:33Z,45.43480000,7.64378333,1631.00,60.348
965,1,960,-1966.829098031187,-5559.110173895012,2020-08-08T11:09:34Z,45.43483333,7.64390000,1632.00,60.342
966,1,961,-1965.829098031187,-5558.110173895012,2020-08-08T11:09:35Z,45.43485000,7.64403333,1632.00,60.334
967,1,962,-1964.829098031187,-5557.110173895012,2020-08-08T11:09:36Z,45.43480000,7.64415000,1632.00,60.323
968,1,963,-1963.829098031187,-5556.110173895012,2020-08-08T11:09:37Z,45.43473333,7.64421667,1630.00,60.315
969,1,964,-1962.829098031187,-5555.110173895012,2020-08-08T11:09:38Z,45.43463333,7.64423333,1630.00,60.309
970,1,965,-1961.829098031187,-5554.110173895012,2020-08-08T11:09:39Z,45.43453333,7.64416667,1629.00,60.308
971,1,966,-1960.829098031187,-5553.110173895012,2020-08-08T11:09:40Z,45.43445000,7.64406667,1629.00,60.31
972,1,967,-1959.829098031187,-5552.110173895012,2020-08-08T11:09:41Z,45.43441667,7.64391667,1630.00,60.318
973,1,968,-1958.829098031187,-5551.110173895012,2020-08-08T11:09:42Z,45.43440000,7.64378333,1633.00,60.326
974,1,969,-1957.829098031187,-5550.110173895012,2020-08-08T11:09:43Z,45.43440000,7.64365000,1634.00,60.335
975,1,970,-1956.829098031187,-5549.110173895012,2020-08-08T11:09:44Z,45.43443333,7.64353333,1637.00,60.345
976,1,971,-1955.829098031187,-5548.110173895012,2020-08-08T11:09:45Z,45.43448333,7.64345000,1638.00,60.353
977,1,972,-1954.829098031187,-5547.110173895012,2020-08-08T11:09:46Z,45.43455000,7.64336667,1639.00,60.363
978,1,973,-1953.829098031187,-5546.110173895012,2020-08-08T11:09:47Z,45.43465000,7.64330000,1639.00,60.373
979,1,974,-1952.829098031187,-5545.110173895012,2020-08-08T11:09:48Z,45.43476667,7.64325000,1639.00,60.383
980,1,975,-1951.829098031187,-5544.110173895012,2020-08-08T11:09:49Z,45.43486667,7.64320000,1639.00,60.391
981,1,976,-1950.829098031187,-5543.110173895012,2020-08-08T11:09:50Z,45.43496667,7.64316667,1640.00,60.399
982,1,977,-1949.829098031187,-5542.110173895012,2020-08-08T11:09:51Z,45.43506667,7.64313333,1639.00,60.407
983,1,978,-1948.829098031187,-5541.110173895012,2020-08-08T11:09:52Z,45.43516667,7.64315000,1639.00,60.411
984,1,979,-1947.829098031187,-5540.110173895012,2020-08-08T11:09:53Z,45.43526667,7.64316667,1637.00,60.416
985,1,980,-1946.829098031187,-5539.110173895012,2020-08-08T11:09:54Z,45.43538333,7.64321667,1636.00,60.419
986,1,981,-1945.829098031187,-5538.110173895012,2020-08-08T11:09:55Z,45.43548333,7.64325000,1634.00,60.422
987,1,982,-1944.829098031187,-5537.110173895012,2020-08-08T11:09:56Z,45.43558333,7.64328333,1632.00,60.426
988,1,983,-1943.829098031187,-5536.110173895012,2020-08-08T11:09:57Z,45.43568333,7.64331667,1632.00,60.429
989,1,984,-1942.829098031187,-5535.110173895012,2020-08-08T11:09:58Z,45.43578333,7.64336667,1630.00,60.431
990,1,985,-1941.829098031187,-5534.110173895012,2020-08-08T11:09:59Z,45.43588333,7.64341667,1629.00,60.433
991,1,986,-1940.829098031187,-5533.110173895012,2020-08-08T11:10:00Z,45.43598333,7.64350000,1629.00,60.433
992,1,987,-1939.829098031187,-5532.110173895012,2020-08-08T11:10:01Z,45.43606667,7.64356667,1629.00,60.433
993,1,988,-1938.829098031187,-5531.110173895012,2020-08-08T11:10:02Z,45.43615000,7.64361667,1628.00,60.435
994,1,989,-1937.829098031187,-5530.110173895012,2020-08-08T11:10:03Z,45.43623333,7.64366667,1628.00,60.436
995,1,990,-1936.829098031187,-5529.110173895012,2020-08-08T11:10:04Z,45.43631667,7.64373333,1627.00,60.436
996,1,991,-1935.829098031187,-5528.110173895012,2020-08-08T11:10:05Z,45.43640000,7.64380000,1626.00,60.436
997,1,992,-1934.829098031187,-5527.110173895012,2020-08-08T11:10:06Z,45.43650000,7.64388333,1625.00,60.436
998,1,993,-1933.829098031187,-5526.110173895012,2020-08-08T11:10:07Z,45.43658333,7.64395000,1623.00,60.437
999,1,994,-1932.829098031187,-5525.110173895012,2020-08-08T11:10:08Z,45.43668333,7.64403333,1623.00,60.437
1000,1,995,-1931.829098031187,-5524.110173895012,2020-08-08T11:10:09Z,45.43676667,7.64411667,1622.00,60.436
1001,1,996,-1930.829098031187,-5523.110173895012,2020-08-08T11:10:10Z,45.43683333,7.64420000,1622.00,60.434
1002,1,997,-1929.829098031187,-5522.110173895012,2020-08-08T11:10:11Z,45.43691667,7.64428333,1621.00,60.433
1003,1,998,-1928.829098031187,-5521.110173895012,2020-08-08T11:10:12Z,45.43700000,7.64438333,1620.00,60.431
1004,1,999,-1927.829098031187,-5520.110173895012,2020-08-08T11:10:13Z,45.43708333,7.64446667,1619.00,60.43
1005,1,1000,-1926.829098031187,-5519.110173895012,2020-08-08T11:10:14Z,45.43716667,7.64455000,1617.00,60.429
1006,1,1001,-1925.829098031187,-5518.110173895012,2020-08-08T11:10:15Z,45.43726667,7.64463333,1617.00,60.43
1007,1,1002,-1924.829098031187,-5517.110173895012,2020-08-08T11:10:16Z,45.43735000,7.64471667,1616.00,60.429
1008,1,1003,-1923.829098031187,-5516.110173895012,2020-08-08T11:10:17Z,45.43743333,7.64480000,1615.00,60.428
1009,1,1004,-1922.829098031187,-5515.110173895012,2020-08-08T11:10:18Z,45.43751667,7.64488333,1613.00,60.427
1010,1,1005,-1921.829098031187,-5514.110173895012,2020-08-08T11:10:19Z,45.43760000,7.64498333,1612.00,60.425
1011,1,1006,-1920.829098031187,-5513.110173895012,2020-08-08T11:10:20Z,45.43768333,7.64508333,1611.00,60.423
1012,1,1007,-1919.829098031187,-5512.110173895012,2020-08-08T11:10:21Z,45.43778333,7.64516667,1611.00,60.423
1013,1,1008,-1918.829098031187,-5511.110173895012,2020-08-08T11:10:22Z,45.43786667,7.64525000,1610.00,60.423
1014,1,1009,-1917.829098031187,-5510.110173895012,2020-08-08T11:10:23Z,45.43795000,7.64531667,1608.00,60.423
1015,1,1010,-1916.829098031187,-5509.110173895012,2020-08-08T11:10:24Z,45.43805000,7.64538333,1608.00,60.424
1016,1,1011,-1915.829098031187,-5508.110173895012,2020-08-08T11:10:25Z,45.43813333,7.64546667,1606.00,60.424
1017,1,1012,-1914.829098031187,-5507.110173895012,2020-08-08T11:10:26Z,45.43821667,7.64555000,1606.00,60.423
1018,1,1013,-1913.829098031187,-5506.110173895012,2020-08-08T11:10:27Z,45.43830000,7.64563333,1605.00,60.422
1019,1,1014,-1912.829098031187,-5505.110173895012,2020-08-08T11:10:28Z,45.43838333,7.64571667,1603.00,60.421
1020,1,1015,-1911.829098031187,-5504.110173895012,2020-08-08T11:10:29Z,45.43846667,7.64578333,1601.00,60.422
1021,1,1016,-1910.829098031187,-5503.110173895012,2020-08-08T11:10:30Z,45.43855000,7.64586667,1601.00,60.421
1022,1,1017,-1909.829098031187,-5502.110173895012,2020-08-08T11:10:31Z,45.43863333,7.64595000,1599.00,60.42
1023,1,1018,-1908.829098031187,-5501.110173895012,2020-08-08T11:10:32Z,45.43871667,7.64603333,1597.00,60.42
1024,1,1019,-1907.829098031187,-5500.110173895012,2020-08-08T11:10:33Z,45.43880000,7.64610000,1596.00,60.42
1025,1,1020,-1906.829098031187,-5499.110173895012,2020-08-08T11:10:34Z,45.43888333,7.64620000,1595.00,60.418
1026,1,1021,-1905.829098031187,-5498.110173895012,2020-08-08T11:10:35Z,45.43895000,7.64628333,1594.00,60.417
1027,1,1022,-1904.829098031187,-5497.110173895012,2020-08-08T11:10:36Z,45.43901667,7.64638333,1593.00,60.414
1028,1,1023,-1903.829098031187,-5496.110173895012,2020-08-08T11:10:37Z,45.43910000,7.64646667,1591.00,60.413
1029,1,1024,-1902.829098031187,-5495.110173895012,2020-08-08T11:10:38Z,45.43918333,7.64655000,1591.00,60.413
1030,1,1025,-1901.829098031187,-5494.110173895012,2020-08-08T11:10:39Z,45.43926667,7.64663333,1589.00,60.412
1031,1,1026,-1900.829098031187,-5493.110173895012,2020-08-08T11:10:40Z,45.43935000,7.64671667,1589.00,60.411
1032,1,1027,-1899.829098031187,-5492.110173895012,2020-08-08T11:10:41Z,45.43943333,7.64680000,1588.00,60.411
1033,1,1028,-1898.829098031187,-5491.110173895012,2020-08-08T11:10:42Z,45.43950000,7.64688333,1588.00,60.409
1034,1,1029,-1897.829098031187,-5490.110173895012,2020-08-08T11:10:43Z,45.43958333,7.64695000,1588.00,60.41
1035,1,1030,-1896.829098031187,-5489.110173895012,2020-08-08T11:10:44Z,45.43966667,7.64701667,1587.00,60.41
1036,1,1031,-1895.829098031187,-5488.110173895012,2020-08-08T11:10:45Z,45.43975000,7.64708333,1588.00,60.411
1037,1,1032,-1894.829098031187,-5487.110173895012,2020-08-08T11:10:46Z,45.43983333,7.64715000,1589.00,60.411
1038,1,1033,-1893.829098031187,-5486.110173895012,2020-08-08T11:10:47Z,45.43991667,7.64721667,1589.00,60.412
1039,1,1034,-1892.829098031187,-5485.110173895012,2020-08-08T11:10:48Z,45.44000000,7.64730000,1589.00,60.411
1040,1,1035,-1891.829098031187,-5484.110173895012,2020-08-08T11:10:49Z,45.44008333,7.64735000,1589.00,60.413
1041,1,1036,-1890.829098031187,-5483.110173895012,2020-08-08T11:10:50Z,45.44016667,7.64741667,1588.00,60.413
1042,1,1037,-1889.829098031187,-5482.110173895012,2020-08-08T11:10:51Z,45.44025000,7.64746667,1587.00,60.415
1043,1,1038,-1888.829098031187,-5481.110173895012,2020-08-08T11:10:52Z,45.44033333,7.64751667,1586.00,60.417
1044,1,1039,-1887.829098031187,-5480.110173895012,2020-08-08T11:10:53Z,45.44041667,7.64755000,1584.00,60.42
1045,1,1040,-1886.829098031187,-5479.110173895012,2020-08-08T11:10:54Z,45.44051667,7.64760000,1583.00,60.422
1046,1,1041,-1885.829098031187,-5478.110173895012,2020-08-08T11:10:55Z,45.44058333,7.64765000,1581.00,60.423
1047,1,1042,-1884.829098031187,-5477.110173895012,2020-08-08T11:10:56Z,45.44066667,7.64770000,1579.00,60.425
1048,1,1043,-1883.829098031187,-5476.110173895012,2020-08-08T11:10:57Z,45.44075000,7.64775000,1577.00,60.426
1049,1,1044,-1882.829098031187,-5475.110173895012,2020-08-08T11:10:58Z,45.44083333,7.64780000,1575.00,60.428
1050,1,1045,-1881.829098031187,-5474.110173895012,2020-08-08T11:10:59Z,45.44093333,7.64785000,1571.00,60.431
1051,1,1046,-1880.829098031187,-5473.110173895012,2020-08-08T11:11:00Z,45.44105000,7.64791667,1568.00,60.433
1052,1,1047,-1879.829098031187,-5472.110173895012,2020-08-08T11:11:01Z,45.44118333,7.64798333,1566.00,60.437
1053,1,1048,-1878.829098031187,-5471.110173895012,2020-08-08T11:11:02Z,45.44130000,7.64803333,1564.00,60.441
1054,1,1049,-1877.829098031187,-5470.110173895012,2020-08-08T11:11:03Z,45.44141667,7.64808333,1563.00,60.445
1055,1,1050,-1876.829098031187,-5469.110173895012,2020-08-08T11:11:04Z,45.44153333,7.64811667,1563.00,60.449
1056,1,1051,-1875.829098031187,-5468.110173895012,2020-08-08T11:11:05Z,45.44163333,7.64815000,1563.00,60.453
1057,1,1052,-1874.829098031187,-5467.110173895012,2020-08-08T11:11:06Z,45.44175000,7.64820000,1563.00,60.457
1058,1,1053,-1873.829098031187,-5466.110173895012,2020-08-08T11:11:07Z,45.44185000,7.64823333,1561.00,60.461
1059,1,1054,-1872.829098031187,-5465.110173895012,2020-08-08T11:11:08Z,45.44196667,7.64826667,1561.00,60.466
1060,1,1055,-1871.829098031187,-5464.110173895012,2020-08-08T11:11:09Z,45.44208333,7.64831667,1559.00,60.47
1061,1,1056,-1870.829098031187,-5463.110173895012,2020-08-08T11:11:10Z,45.44221667,7.64836667,1557.00,60.475
1062,1,1057,-1869.829098031187,-5462.110173895012,2020-08-08T11:11:11Z,45.44231667,7.64841667,1557.00,60.477
1063,1,1058,-1868.829098031187,-5461.110173895012,2020-08-08T11:11:12Z,45.44243333,7.64846667,1556.00,60.481
1064,1,1059,-1867.829098031187,-5460.110173895012,2020-08-08T11:11:13Z,45.44253333,7.64853333,1555.00,60.483
1065,1,1060,-1866.829098031187,-5459.110173895012,2020-08-08T11:11:14Z,45.44263333,7.64860000,1552.00,60.485
1066,1,1061,-1865.829098031187,-5458.110173895012,2020-08-08T11:11:15Z,45.44273333,7.64865000,1550.00,60.488
1067,1,1062,-1864.829098031187,-5457.110173895012,2020-08-08T11:11:16Z,45.44285000,7.64871667,1547.00,60.49
1068,1,1063,-1863.829098031187,-5456.110173895012,2020-08-08T11:11:17Z,45.44295000,7.64880000,1545.00,60.491
1069,1,1064,-1862.829098031187,-5455.110173895012,2020-08-08T11:11:18Z,45.44308333,7.64888333,1541.00,60.494
1070,1,1065,-1861.829098031187,-5454.110173895012,2020-08-08T11:11:19Z,45.44321667,7.64895000,1538.00,60.498
1071,1,1066,-1860.829098031187,-5453.110173895012,2020-08-08T11:11:20Z,45.44335000,7.64903333,1534.00,60.501
1072,1,1067,-1859.829098031187,-5452.110173895012,2020-08-08T11:11:21Z,45.44348333,7.64910000,1530.00,60.505
1073,1,1068,-1858.829098031187,-5451.110173895012,2020-08-08T11:11:22Z,45.44363333,7.64915000,1528.00,60.511
1074,1,1069,-1857.829098031187,-5450.110173895012,2020-08-08T11:11:23Z,45.44376667,7.64920000,1526.00,60.516
1075,1,1070,-1856.829098031187,-5449.110173895012,2020-08-08T11:11:24Z,45.44390000,7.64923333,1524.00,60.522
1076,1,1071,-1855.829098031187,-5448.110173895012,2020-08-08T11:11:25Z,45.44405000,7.64928333,1522.00,60.528
1077,1,1072,-1854.829098031187,-5447.110173895012,2020-08-08T11:11:26Z,45.44418333,7.64935000,1520.00,60.532
1078,1,1073,-1853.829098031187,-5446.110173895012,2020-08-08T11:11:27Z,45.44431667,7.64941667,1517.00,60.536
1079,1,1074,-1852.829098031187,-5445.110173895012,2020-08-08T11:11:28Z,45.44446667,7.64948333,1515.00,60.541
1080,1,1075,-1851.829098031187,-5444.110173895012,2020-08-08T11:11:29Z,45.44461667,7.64955000,1512.00,60.546
1081,1,1076,-1850.829098031187,-5443.110173895012,2020-08-08T11:11:30Z,45.44475000,7.64961667,1512.00,60.55
1082,1,1077,-1849.829098031187,-5442.110173895012,2020-08-08T11:11:31Z,45.44490000,7.64966667,1510.00,60.556
1083,1,1078,-1848.829098031187,-5441.110173895012,2020-08-08T11:11:32Z,45.44501667,7.64971667,1508.00,60.56
1084,1,1079,-1847.829098031187,-5440.110173895012,2020-08-08T11:11:33Z,45.44513333,7.64976667,1509.00,60.564
1085,1,1080,-1846.829098031187,-5439.110173895012,2020-08-08T11:11:34Z,45.44525000,7.64980000,1507.00,60.57
1086,1,1081,-1845.829098031187,-5438.110173895012,2020-08-08T11:11:35Z,45.44535000,7.64986667,1507.00,60.572
1087,1,1082,-1844.829098031187,-5437.110173895012,2020-08-08T11:11:36Z,45.44546667,7.64993333,1504.00,60.575
1088,1,1083,-1843.829098031187,-5436.110173895012,2020-08-08T11:11:37Z,45.44556667,7.65000000,1503.00,60.577
1089,1,1084,-1842.829098031187,-5435.110173895012,2020-08-08T11:11:38Z,45.44568333,7.65006667,1501.00,60.58
1090,1,1085,-1841.829098031187,-5434.110173895012,2020-08-08T11:11:39Z,45.44580000,7.65013333,1498.00,60.583
1091,1,1086,-1840.829098031187,-5433.110173895012,2020-08-08T11:11:40Z,45.44591667,7.65018333,1497.00,60.587
1092,1,1087,-1839.829098031187,-5432.110173895012,2020-08-08T11:11:41Z,45.44605000,7.65025000,1496.00,60.591
1093,1,1088,-1838.829098031187,-5431.110173895012,2020-08-08T11:11:42Z,45.44618333,7.65028333,1496.00,60.598
1094,1,1089,-1837.829098031187,-5430.110173895012,2020-08-08T11:11:43Z,45.44630000,7.65033333,1497.00,60.602
1095,1,1090,-1836.829098031187,-5429.110173895012,2020-08-08T11:11:44Z,45.44640000,7.65036667,1501.00,60.606
1096,1,1091,-1835.829098031187,-5428.110173895012,2020-08-08T11:11:45Z,45.44648333,7.65040000,1503.00,60.609
1097,1,1092,-1834.829098031187,-5427.110173895012,2020-08-08T11:11:46Z,45.44656667,7.65045000,1505.00,60.611
1098,1,1093,-1833.829098031187,-5426.110173895012,2020-08-08T11:11:47Z,45.44666667,7.65048333,1505.00,60.616
1099,1,1094,-1832.829098031187,-5425.110173895012,2020-08-08T11:11:48Z,45.44678333,7.65053333,1505.00,60.62
1100,1,1095,-1831.829098031187,-5424.110173895012,2020-08-08T11:11:49Z,45.44691667,7.65055000,1505.00,60.627
1101,1,1096,-1830.829098031187,-5423.110173895012,2020-08-08T11:11:50Z,45.44703333,7.65056667,1505.00,60.634
1102,1,1097,-1829.829098031187,-5422.110173895012,2020-08-08T11:11:51Z,45.44715000,7.65058333,1506.00,60.64
1103,1,1098,-1828.829098031187,-5421.110173895012,2020-08-08T11:11:52Z,45.44723333,7.65060000,1506.00,60.644
1104,1,1099,-1827.829098031187,-5420.110173895012,2020-08-08T11:11:53Z,45.44731667,7.65065000,1505.00,60.647
1105,1,1100,-1826.829098031187,-5419.110173895012,2020-08-08T11:11:54Z,45.44740000,7.65073333,1503.00,60.647
1106,1,1101,-1825.829098031187,-5418.110173895012,2020-08-08T11:11:55Z,45.44748333,7.65081667,1502.00,60.647
1107,1,1102,-1824.829098031187,-5417.110173895012,2020-08-08T11:11:56Z,45.44758333,7.65088333,1501.00,60.649
1108,1,1103,-1823.829098031187,-5416.110173895012,2020-08-08T11:11:57Z,45.44768333,7.65096667,1501.00,60.65
1109,1,1104,-1822.829098031187,-5415.110173895012,2020-08-08T11:11:58Z,45.44778333,7.65101667,1502.00,60.653
1110,1,1105,-1821.829098031187,-5414.110173895012,2020-08-08T11:11:59Z,45.44788333,7.65108333,1504.00,60.656
1111,1,1106,-1820.829098031187,-5413.110173895012,2020-08-08T11:12:00Z,45.44795000,7.65113333,1505.00,60.657
1112,1,1107,-1819.829098031187,-5412.110173895012,2020-08-08T11:12:01Z,45.44803333,7.65120000,1506.00,60.658
1113,1,1108,-1818.829098031187,-5411.110173895012,2020-08-08T11:12:02Z,45.44811667,7.65125000,1507.00,60.66
1114,1,1109,-1817.829098031187,-5410.110173895012,2020-08-08T11:12:03Z,45.44820000,7.65131667,1506.00,60.661
1115,1,1110,-1816.829098031187,-5409.110173895012,2020-08-08T11:12:04Z,45.44830000,7.65136667,1506.00,60.665
1116,1,1111,-1815.829098031187,-5408.110173895012,2020-08-08T11:12:05Z,45.44838333,7.65143333,1506.00,60.666
1117,1,1112,-1814.829098031187,-5407.110173895012,2020-08-08T11:12:06Z,45.44848333,7.65150000,1508.00,60.668
1118,1,1113,-1813.829098031187,-5406.110173895012,2020-08-08T11:12:07Z,45.44856667,7.65156667,1507.00,60.669
1119,1,1114,-1812.829098031187,-5405.110173895012,2020-08-08T11:12:08Z,45.44863333,7.65163333,1506.00,60.67
1120,1,1115,-1811.829098031187,-5404.110173895012,2020-08-08T11:12:09Z,45.44870000,7.65171667,1505.00,60.669
1121,1,1116,-1810.829098031187,-5403.110173895012,2020-08-08T11:12:10Z,45.44878333,7.65180000,1504.00,60.669
1122,1,1117,-1809.829098031187,-5402.110173895012,2020-08-08T11:12:11Z,45.44886667,7.65188333,1502.00,60.669
1123,1,1118,-1808.829098031187,-5401.110173895012,2020-08-08T11:12:12Z,45.44896667,7.65195000,1501.00,60.671
1124,1,1119,-1807.829098031187,-5400.110173895012,2020-08-08T11:12:13Z,45.44908333,7.65203333,1500.00,60.674
1125,1,1120,-1806.829098031187,-5399.110173895012,2020-08-08T11:12:14Z,45.44916667,7.65211667,1500.00,60.674
1126,1,1121,-1805.829098031187,-5398.110173895012,2020-08-08T11:12:15Z,45.44925000,7.65220000,1499.00,60.674
1127,1,1122,-1804.829098031187,-5397.110173895012,2020-08-08T11:12:16Z,45.44933333,7.65226667,1499.00,60.676
1128,1,1123,-1803.829098031187,-5396.110173895012,2020-08-08T11:12:17Z,45.44941667,7.65235000,1499.00,60.676
1129,1,1124,-1802.829098031187,-5395.110173895012,2020-08-08T11:12:18Z,45.44950000,7.65241667,1497.00,60.677
1130,1,1125,-1801.829098031187,-5394.110173895012,2020-08-08T11:12:19Z,45.44958333,7.65250000,1496.00,60.677
1131,1,1126,-1800.829098031187,-5393.110173895012,2020-08-08T11:12:20Z,45.44966667,7.65256667,1494.00,60.679
1132,1,1127,-1799.829098031187,-5392.110173895012,2020-08-08T11:12:21Z,45.44973333,7.65265000,1492.00,60.678
1133,1,1128,-1798.829098031187,-5391.110173895012,2020-08-08T11:12:22Z,45.44981667,7.65273333,1490.00,60.678
1134,1,1129,-1797.829098031187,-5390.110173895012,2020-08-08T11:12:23Z,45.44988333,7.65283333,1489.00,60.676
1135,1,1130,-1796.829098031187,-5389.110173895012,2020-08-08T11:12:24Z,45.44995000,7.65295000,1489.00,60.673
1136,1,1131,-1795.829098031187,-5388.110173895012,2020-08-08T11:12:25Z,45.45000000,7.65305000,1489.00,60.671
1137,1,1132,-1794.829098031187,-5387.110173895012,2020-08-08T11:12:26Z,45.45005000,7.65316667,1491.00,60.667
1138,1,1133,-1793.829098031187,-5386.110173895012,2020-08-08T11:12:27Z,45.45011667,7.65325000,1492.00,60.666
1139,1,1134,-1792.829098031187,-5385.110173895012,2020-08-08T11:12:28Z,45.45018333,7.65331667,1495.00,60.666
1140,1,1135,-1791.829098031187,-5384.110173895012,2020-08-08T11:12:29Z,45.45025000,7.65336667,1498.00,60.667
1141,1,1136,-1790.829098031187,-5383.110173895012,2020-08-08T11:12:30Z,45.45031667,7.65343333,1499.00,60.667
1142,1,1137,-1789.829098031187,-5382.110173895012,2020-08-08T11:12:31Z,45.45038333,7.65351667,1500.00,60.667
1143,1,1138,-1788.829098031187,-5381.110173895012,2020-08-08T11:12:32Z,45.45043333,7.65363333,1501.00,60.663
1144,1,1139,-1787.829098031187,-5380.110173895012,2020-08-08T11:12:33Z,45.45050000,7.65373333,1501.00,60.661
1145,1,1140,-1786.829098031187,-5379.110173895012,2020-08-08T11:12:34Z,45.45056667,7.65383333,1501.00,60.659
1146,1,1141,-1785.829098031187,-5378.110173895012,2020-08-08T11:12:35Z,45.45063333,7.65393333,1501.00,60.657
1147,1,1142,-1784.829098031187,-5377.110173895012,2020-08-08T11:12:36Z,45.45070000,7.65401667,1500.00,60.657
1148,1,1143,-1783.829098031187,-5376.110173895012,2020-08-08T11:12:37Z,45.45076667,7.65411667,1499.00,60.655
1149,1,1144,-1782.829098031187,-5375.110173895012,2020-08-08T11:12:38Z,45.45083333,7.65423333,1498.00,60.652
1150,1,1145,-1781.829098031187,-5374.110173895012,2020-08-08T11:12:39Z,45.45090000,7.65433333,1497.00,60.65
1151,1,1146,-1780.829098031187,-5373.110173895012,2020-08-08T11:12:40Z,45.45096667,7.65443333,1496.00,60.648
1152,1,1147,-1779.829098031187,-5372.110173895012,2020-08-08T11:12:41Z,45.45105000,7.65451667,1495.00,60.649
1153,1,1148,-1778.829098031187,-5371.110173895012,2020-08-08T11:12:42Z,45.45111667,7.65460000,1496.00,60.648
1154,1,1149,-1777.829098031187,-5370.110173895012,2020-08-08T11:12:43Z,45.45120000,7.65468333,1496.00,60.648
1155,1,1150,-1776.829098031187,-5369.110173895012,2020-08-08T11:12:44Z,45.45126667,7.65478333,1496.00,60.647
1156,1,1151,-1775.829098031187,-5368.110173895012,2020-08-08T11:12:45Z,45.45131667,7.65486667,1496.00,60.645
1157,1,1152,-1774.829098031187,-5367.110173895012,2020-08-08T11:12:46Z,45.45136667,7.65495000,1497.00,60.643
1158,1,1153,-1773.829098031187,-5366.110173895012,2020-08-08T11:12:47Z,45.45143333,7.65503333,1497.00,60.642
1159,1,1154,-1772.829098031187,-5365.110173895012,2020-08-08T11:12:48Z,45.45150000,7.65511667,1498.00,60.642
1160,1,1155,-1771.829098031187,-5364.110173895012,2020-08-08T11:12:49Z,45.45155000,7.65521667,1499.00,60.639
1161,1,1156,-1770.829098031187,-5363.110173895012,2020-08-08T11:12:50Z,45.45158333,7.65533333,1500.00,60.634
1162,1,1157,-1769.829098031187,-5362.110173895012,2020-08-08T11:12:51Z,45.45161667,7.65543333,1503.00,60.63
1163,1,1158,-1768.829098031187,-5361.110173895012,2020-08-08T11:12:52Z,45.45163333,7.65551667,1504.00,60.626
1164,1,1159,-1767.829098031187,-5360.110173895012,2020-08-08T11:12:53Z,45.45166667,7.65560000,1505.00,60.623
1165,1,1160,-1766.829098031187,-5359.110173895012,2020-08-08T11:12:54Z,45.45170000,7.65568333,1507.00,60.62
1166,1,1161,-1765.829098031187,-5358.110173895012,2020-08-08T11:12:55Z,45.45173333,7.65576667,1507.00,60.617
1167,1,1162,-1764.829098031187,-5357.110173895012,2020-08-08T11:12:56Z,45.45175000,7.65585000,1509.00,60.613
1168,1,1163,-1763.829098031187,-5356.110173895012,2020-08-08T11:12:57Z,45.45178333,7.65595000,1509.00,60.609
1169,1,1164,-1762.829098031187,-5355.110173895012,2020-08-08T11:12:58Z,45.45181667,7.65605000,1510.00,60.605
1170,1,1165,-1761.829098031187,-5354.110173895012,2020-08-08T11:12:59Z,45.45185000,7.65613333,1511.00,60.602
1171,1,1166,-1760.829098031187,-5353.110173895012,2020-08-08T11:13:00Z,45.45188333,7.65623333,1511.00,60.598
1172,1,1167,-1759.829098031187,-5352.110173895012,2020-08-08T11:13:01Z,45.45191667,7.65635000,1511.00,60.594
1173,1,1168,-1758.829098031187,-5351.110173895012,2020-08-08T11:13:02Z,45.45193333,7.65646667,1513.00,60.587
1174,1,1169,-1757.829098031187,-5350.110173895012,2020-08-08T11:13:03Z,45.45196667,7.65658333,1512.00,60.583
1175,1,1170,-1756.829098031187,-5349.110173895012,2020-08-08T11:13:04Z,45.45198333,7.65668333,1514.00,60.577
1176,1,1171,-1755.829098031187,-5348.110173895012,2020-08-08T11:13:05Z,45.45200000,7.65678333,1515.00,60.572
1177,1,1172,-1754.829098031187,-5347.110173895012,2020-08-08T11:13:06Z,45.45198333,7.65686667,1516.00,60.566
1178,1,1173,-1753.829098031187,-5346.110173895012,2020-08-08T11:13:07Z,45.45196667,7.65698333,1516.00,60.558
1179,1,1174,-1752.829098031187,-5345.110173895012,2020-08-08T11:13:08Z,45.45195000,7.65708333,1517.00,60.551
1180,1,1175,-1751.829098031187,-5344.110173895012,2020-08-08T11:13:09Z,45.45191667,7.65715000,1518.00,60.544
1181,1,1176,-1750.829098031187,-5343.110173895012,2020-08-08T11:13:10Z,45.45188333,7.65721667,1519.00,60.538
1182,1,1177,-1749.829098031187,-5342.110173895012,2020-08-08T11:13:11Z,45.45183333,7.65725000,1520.00,60.532
1183,1,1178,-1748.829098031187,-5341.110173895012,2020-08-08T11:13:12Z,45.45176667,7.65728333,1519.00,60.526
1184,1,1179,-1747.829098031187,-5340.110173895012,2020-08-08T11:13:13Z,45.45170000,7.65733333,1519.00,60.518
1185,1,1180,-1746.829098031187,-5339.110173895012,2020-08-08T11:13:14Z,45.45161667,7.65738333,1520.00,60.509
1186,1,1181,-1745.829098031187,-5338.110173895012,2020-08-08T11:13:15Z,45.45153333,7.65740000,1522.00,60.503
1187,1,1182,-1744.829098031187,-5337.110173895012,2020-08-08T11:13:16Z,45.45146667,7.65740000,1524.00,60.498
1188,1,1183,-1743.829098031187,-5336.110173895012,2020-08-08T11:13:17Z,45.45140000,7.65733333,1525.00,60.498
1189,1,1184,-1742.829098031187,-5335.110173895012,2020-08-08T11:13:18Z,45.45136667,7.65721667,1525.00,60.503
1190,1,1185,-1741.829098031187,-5334.110173895012,2020-08-08T11:13:19Z,45.45136667,7.65706667,1525.00,60.512
1191,1,1186,-1740.829098031187,-5333.110173895012,2020-08-08T11:13:20Z,45.45143333,7.65691667,1524.00,60.526
1192,1,1187,-1739.829098031187,-5332.110173895012,2020-08-08T11:13:21Z,45.45151667,7.65680000,1523.00,60.539
1193,1,1188,-1738.829098031187,-5331.110173895012,2020-08-08T11:13:22Z,45.45163333,7.65675000,1523.00,60.55
1194,1,1189,-1737.829098031187,-5330.110173895012,2020-08-08T11:13:23Z,45.45175000,7.65675000,1522.00,60.557
1195,1,1190,-1736.829098031187,-5329.110173895012,2020-08-08T11:13:24Z,45.45185000,7.65678333,1523.00,60.562
1196,1,1191,-1735.829098031187,-5328.110173895012,2020-08-08T11:13:25Z,45.45191667,7.65685000,1523.00,60.563
1197,1,1192,-1734.829098031187,-5327.110173895012,2020-08-08T11:13:26Z,45.45198333,7.65693333,1524.00,60.562
1198,1,1193,-1733.829098031187,-5326.110173895012,2020-08-08T11:13:27Z,45.45203333,7.65701667,1525.00,60.56
1199,1,1194,-1732.829098031187,-5325.110173895012,2020-08-08T11:13:28Z,45.45206667,7.65710000,1526.00,60.557
1200,1,1195,-1731.829098031187,-5324.110173895012,2020-08-08T11:13:29Z,45.45208333,7.65720000,1526.00,60.552
1201,1,1196,-1730.829098031187,-5323.110173895012,2020-08-08T11:13:30Z,45.45208333,7.65730000,1526.00,60.546
1202,1,1197,-1729.829098031187,-5322.110173895012,2020-08-08T11:13:31Z,45.45206667,7.65741667,1526.00,60.538
1203,1,1198,-1728.829098031187,-5321.110173895012,2020-08-08T11:13:32Z,45.45203333,7.65751667,1528.00,60.53
1204,1,1199,-1727.829098031187,-5320.110173895012,2020-08-08T11:13:33Z,45.45196667,7.65758333,1529.00,60.521
1205,1,1200,-1726.829098031187,-5319.110173895012,2020-08-08T11:13:34Z,45.45191667,7.65761667,1530.00,60.515
1206,1,1201,-1725.829098031187,-5318.110173895012,2020-08-08T11:13:35Z,45.45185000,7.65760000,1532.00,60.512
1207,1,1202,-1724.829098031187,-5317.110173895012,2020-08-08T11:13:36Z,45.45180000,7.65753333,1532.00,60.513
1208,1,1203,-1723.829098031187,-5316.110173895012,2020-08-08T11:13:37Z,45.45175000,7.65743333,1533.00,60.515
1209,1,1204,-1722.829098031187,-5315.110173895012,2020-08-08T11:13:38Z,45.45173333,7.65730000,1534.00,60.522
1210,1,1205,-1721.829098031187,-5314.110173895012,2020-08-08T11:13:39Z,45.45175000,7.65713333,1534.00,60.534
1211,1,1206,-1720.829098031187,-5313.110173895012,2020-08-08T11:13:40Z,45.45181667,7.65700000,1535.00,60.547
1212,1,1207,-1719.829098031187,-5312.110173895012,2020-08-08T11:13:41Z,45.45190000,7.65691667,1536.00,60.557
1213,1,1208,-1718.829098031187,-5311.110173895012,2020-08-08T11:13:42Z,45.45200000,7.65686667,1536.00,60.567
1214,1,1209,-1717.829098031187,-5310.110173895012,2020-08-08T11:13:43Z,45.45211667,7.65683333,1536.00,60.577
1215,1,1210,-1716.829098031187,-5309.110173895012,2020-08-08T11:13:44Z,45.45223333,7.65683333,1537.00,60.585
1216,1,1211,-1715.829098031187,-5308.110173895012,2020-08-08T11:13:45Z,45.45233333,7.65688333,1538.00,60.589
1217,1,1212,-1714.829098031187,-5307.110173895012,2020-08-08T11:13:46Z,45.45241667,7.65695000,1540.00,60.591
1218,1,1213,-1713.829098031187,-5306.110173895012,2020-08-08T11:13:47Z,45.45246667,7.65706667,1539.00,60.587
1219,1,1214,-1712.829098031187,-5305.110173895012,2020-08-08T11:13:48Z,45.45251667,7.65720000,1540.00,60.582
1220,1,1215,-1711.829098031187,-5304.110173895012,2020-08-08T11:13:49Z,45.45253333,7.65733333,1540.00,60.575
1221,1,1216,-1710.829098031187,-5303.110173895012,2020-08-08T11:13:50Z,45.45250000,7.65745000,1538.00,60.566
1222,1,1217,-1709.829098031187,-5302.110173895012,2020-08-08T11:13:51Z,45.45243333,7.65755000,1538.00,60.555
1223,1,1218,-1708.829098031187,-5301.110173895012,2020-08-08T11:13:52Z,45.45235000,7.65758333,1537.00,60.547
1224,1,1219,-1707.829098031187,-5300.110173895012,2020-08-08T11:13:53Z,45.45225000,7.65756667,1537.00,60.541
1225,1,1220,-1706.829098031187,-5299.110173895012,2020-08-08T11:13:54Z,45.45216667,7.65750000,1537.00,60.54
1226,1,1221,-1705.829098031187,-5298.110173895012,2020-08-08T11:13:55Z,45.45211667,7.65738333,1537.00,60.543
1227,1,1222,-1704.829098031187,-5297.110173895012,2020-08-08T11:13:56Z,45.45208333,7.65723333,1538.00,60.55
1228,1,1223,-1703.829098031187,-5296.110173895012,2020-08-08T11:13:57Z,45.45206667,7.65710000,1539.00,60.557
1229,1,1224,-1702.829098031187,-5295.110173895012,2020-08-08T11:13:58Z,45.45206667,7.65696667,1540.00,60.566
1230,1,1225,-1701.829098031187,-5294.110173895012,2020-08-08T11:13:59Z,45.45210000,7.65683333,1541.00,60.576
1231,1,1226,-1700.829098031187,-5293.110173895012,2020-08-08T11:14:00Z,45.45215000,7.65671667,1541.00,60.587
1232,1,1227,-1699.829098031187,-5292.110173895012,2020-08-08T11:14:01Z,45.45225000,7.65661667,1540.00,60.6
1233,1,1228,-1698.829098031187,-5291.110173895012,2020-08-08T11:14:02Z,45.45236667,7.65655000,1540.00,60.612
1234,1,1229,-1697.829098031187,-5290.110173895012,2020-08-08T11:14:03Z,45.45248333,7.65650000,1540.00,60.623
1235,1,1230,-1696.829098031187,-5289.110173895012,2020-08-08T11:14:04Z,45.45258333,7.65650000,1540.00,60.63
1236,1,1231,-1695.829098031187,-5288.110173895012,2020-08-08T11:14:05Z,45.45268333,7.65653333,1540.00,60.634
1237,1,1232,-1694.829098031187,-5287.110173895012,2020-08-08T11:14:06Z,45.45278333,7.65660000,1540.00,60.637
1238,1,1233,-1693.829098031187,-5286.110173895012,2020-08-08T11:14:07Z,45.45286667,7.65668333,1540.00,60.638
1239,1,1234,-1692.829098031187,-5285.110173895012,2020-08-08T11:14:08Z,45.45293333,7.65680000,1541.00,60.635
1240,1,1235,-1691.829098031187,-5284.110173895012,2020-08-08T11:14:09Z,45.45296667,7.65690000,1541.00,60.631
1241,1,1236,-1690.829098031187,-5283.110173895012,2020-08-08T11:14:10Z,45.45298333,7.65701667,1542.00,60.625
1242,1,1237,-1689.829098031187,-5282.110173895012,2020-08-08T11:14:11Z,45.45296667,7.65711667,1540.00,60.618
1243,1,1238,-1688.829098031187,-5281.110173895012,2020-08-08T11:14:12Z,45.45293333,7.65721667,1540.00,60.61
1244,1,1239,-1687.829098031187,-5280.110173895012,2020-08-08T11:14:13Z,45.45288333,7.65728333,1539.00,60.602
1245,1,1240,-1686.829098031187,-5279.110173895012,2020-08-08T11:14:14Z,45.45281667,7.65735000,1537.00,60.593
1246,1,1241,-1685.829098031187,-5278.110173895012,2020-08-08T11:14:15Z,45.45273333,7.65736667,1537.00,60.587
1247,1,1242,-1684.829098031187,-5277.110173895012,2020-08-08T11:14:16Z,45.45265000,7.65736667,1534.00,60.581
1248,1,1243,-1683.829098031187,-5276.110173895012,2020-08-08T11:14:17Z,45.45256667,7.65735000,1534.00,60.576
1249,1,1244,-1682.829098031187,-5275.110173895012,2020-08-08T11:14:18Z,45.45248333,7.65733333,1533.00,60.572
1250,1,1245,-1681.829098031187,-5274.110173895012,2020-08-08T11:14:19Z,45.45238333,7.65733333,1532.00,60.565
1251,1,1246,-1680.829098031187,-5273.110173895012,2020-08-08T11:14:20Z,45.45231667,7.65735000,1532.00,60.559
1252,1,1247,-1679.829098031187,-5272.110173895012,2020-08-08T11:14:21Z,45.45223333,7.65735000,1533.00,60.553
1253,1,1248,-1678.829098031187,-5271.110173895012,2020-08-08T11:14:22Z,45.45215000,7.65731667,1532.00,60.55
1254,1,1249,-1677.829098031187,-5270.110173895012,2020-08-08T11:14:23Z,45.45208333,7.65725000,1533.00,60.549
1255,1,1250,-1676.829098031187,-5269.110173895012,2020-08-08T11:14:24Z,45.45203333,7.65715000,1533.00,60.552
1256,1,1251,-1675.829098031187,-5268.110173895012,2020-08-08T11:14:25Z,45.45200000,7.65703333,1533.00,60.557
1257,1,1252,-1674.829098031187,-5267.110173895012,2020-08-08T11:14:26Z,45.45198333,7.65690000,1534.00,60.564
1258,1,1253,-1673.829098031187,-5266.110173895012,2020-08-08T11:14:27Z,45.45198333,7.65676667,1534.00,60.572
1259,1,1254,-1672.829098031187,-5265.110173895012,2020-08-08T11:14:28Z,45.45201667,7.65665000,1534.00,60.582
1260,1,1255,-1671.829098031187,-5264.110173895012,2020-08-08T11:14:29Z,45.45205000,7.65651667,1534.00,60.592
1261,1,1256,-1670.829098031187,-5263.110173895012,2020-08-08T11:14:30Z,45.45211667,7.65640000,1533.00,60.604
1262,1,1257,-1669.829098031187,-5262.110173895012,2020-08-08T11:14:31Z,45.45220000,7.65628333,1532.00,60.617
1263,1,1258,-1668.829098031187,-5261.110173895012,2020-08-08T11:14:32Z,45.45230000,7.65620000,1532.00,60.629
1264,1,1259,-1667.829098031187,-5260.110173895012,2020-08-08T11:14:33Z,45.45238333,7.65613333,1531.00,60.639
1265,1,1260,-1666.829098031187,-5259.110173895012,2020-08-08T11:14:34Z,45.45248333,7.65608333,1532.00,60.649
1266,1,1261,-1665.829098031187,-5258.110173895012,2020-08-08T11:14:35Z,45.45258333,7.65605000,1532.00,60.657
1267,1,1262,-1664.829098031187,-5257.110173895012,2020-08-08T11:14:36Z,45.45268333,7.65601667,1532.00,60.666
1268,1,1263,-1663.829098031187,-5256.110173895012,2020-08-08T11:14:37Z,45.45278333,7.65600000,1532.00,60.674
1269,1,1264,-1662.829098031187,-5255.110173895012,2020-08-08T11:14:38Z,45.45288333,7.65600000,1533.00,60.681
1270,1,1265,-1661.829098031187,-5254.110173895012,2020-08-08T11:14:39Z,45.45296667,7.65601667,1534.00,60.686
1271,1,1266,-1660.829098031187,-5253.110173895012,2020-08-08T11:14:40Z,45.45306667,7.65606667,1534.00,60.689
1272,1,1267,-1659.829098031187,-5252.110173895012,2020-08-08T11:14:41Z,45.45316667,7.65611667,1534.00,60.693
1273,1,1268,-1658.829098031187,-5251.110173895012,2020-08-08T11:14:42Z,45.45325000,7.65620000,1533.00,60.694
1274,1,1269,-1657.829098031187,-5250.110173895012,2020-08-08T11:14:43Z,45.45333333,7.65628333,1532.00,60.694
1275,1,1270,-1656.829098031187,-5249.110173895012,2020-08-08T11:14:44Z,45.45340000,7.65638333,1533.00,60.693
1276,1,1271,-1655.829098031187,-5248.110173895012,2020-08-08T11:14:45Z,45.45341667,7.65651667,1531.00,60.686
1277,1,1272,-1654.829098031187,-5247.110173895012,2020-08-08T11:14:46Z,45.45340000,7.65663333,1530.00,60.677
1278,1,1273,-1653.829098031187,-5246.110173895012,2020-08-08T11:14:47Z,45.45335000,7.65675000,1527.00,60.667
1279,1,1274,-1652.829098031187,-5245.110173895012,2020-08-08T11:14:48Z,45.45328333,7.65681667,1525.00,60.658
1280,1,1275,-1651.829098031187,-5244.110173895012,2020-08-08T11:14:49Z,45.45320000,7.65686667,1524.00,60.649
1281,1,1276,-1650.829098031187,-5243.110173895012,2020-08-08T11:14:50Z,45.45310000,7.65690000,1523.00,60.64
1282,1,1277,-1649.829098031187,-5242.110173895012,2020-08-08T11:14:51Z,45.45301667,7.65691667,1521.00,60.634
1283,1,1278,-1648.829098031187,-5241.110173895012,2020-08-08T11:14:52Z,45.45293333,7.65693333,1520.00,60.627
1284,1,1279,-1647.829098031187,-5240.110173895012,2020-08-08T11:14:53Z,45.45283333,7.65695000,1520.00,60.619
1285,1,1280,-1646.829098031187,-5239.110173895012,2020-08-08T11:14:54Z,45.45276667,7.65696667,1520.00,60.614
1286,1,1281,-1645.829098031187,-5238.110173895012,2020-08-08T11:14:55Z,45.45268333,7.65696667,1519.00,60.608
1287,1,1282,-1644.829098031187,-5237.110173895012,2020-08-08T11:14:56Z,45.45258333,7.65698333,1519.00,60.6
1288,1,1283,-1643.829098031187,-5236.110173895012,2020-08-08T11:14:57Z,45.45250000,7.65700000,1518.00,60.593
1289,1,1284,-1642.829098031187,-5235.110173895012,2020-08-08T11:14:58Z,45.45240000,7.65703333,1518.00,60.584
1290,1,1285,-1641.829098031187,-5234.110173895012,2020-08-08T11:14:59Z,45.45231667,7.65708333,1517.00,60.576
1291,1,1286,-1640.829098031187,-5233.110173895012,2020-08-08T11:15:00Z,45.45225000,7.65711667,1518.00,60.569
1292,1,1287,-1639.829098031187,-5232.110173895012,2020-08-08T11:15:01Z,45.45216667,7.65715000,1518.00,60.561
1293,1,1288,-1638.829098031187,-5231.110173895012,2020-08-08T11:15:02Z,45.45210000,7.65716667,1517.00,60.556
1294,1,1289,-1637.829098031187,-5230.110173895012,2020-08-08T11:15:03Z,45.45201667,7.65716667,1517.00,60.55
1295,1,1290,-1636.829098031187,-5229.110173895012,2020-08-08T11:15:04Z,45.45195000,7.65715000,1517.00,60.546
1296,1,1291,-1635.829098031187,-5228.110173895012,2020-08-08T11:15:05Z,45.45188333,7.65708333,1516.00,60.546
1297,1,1292,-1634.829098031187,-5227.110173895012,2020-08-08T11:15:06Z,45.45181667,7.65700000,1514.00,60.547
1298,1,1293,-1633.829098031187,-5226.110173895012,2020-08-08T11:15:07Z,45.45176667,7.65690000,1513.00,60.549
1299,1,1294,-1632.829098031187,-5225.110173895012,2020-08-08T11:15:08Z,45.45173333,7.65678333,1512.00,60.554
1300,1,1295,-1631.829098031187,-5224.110173895012,2020-08-08T11:15:09Z,45.45171667,7.65663333,1513.00,60.562
1301,1,1296,-1630.829098031187,-5223.110173895012,2020-08-08T11:15:10Z,45.45173333,7.65651667,1513.00,60.571
1302,1,1297,-1629.829098031187,-5222.110173895012,2020-08-08T11:15:11Z,45.45176667,7.65638333,1513.00,60.581
1303,1,1298,-1628.829098031187,-5221.110173895012,2020-08-08T11:15:12Z,45.45181667,7.65628333,1513.00,60.591
1304,1,1299,-1627.829098031187,-5220.110173895012,2020-08-08T11:15:13Z,45.45188333,7.65618333,1513.00,60.602
1305,1,1300,-1626.829098031187,-5219.110173895012,2020-08-08T11:15:14Z,45.45198333,7.65610000,1513.00,60.613
1306,1,1301,-1625.829098031187,-5218.110173895012,2020-08-08T11:15:15Z,45.45206667,7.65603333,1513.00,60.623
1307,1,1302,-1624.829098031187,-5217.110173895012,2020-08-08T11:15:16Z,45.45216667,7.65598333,1513.00,60.633
1308,1,1303,-1623.829098031187,-5216.110173895012,2020-08-08T11:15:17Z,45.45225000,7.65595000,1512.00,60.641
1309,1,1304,-1622.829098031187,-5215.110173895012,2020-08-08T11:15:18Z,45.45235000,7.65595000,1512.00,60.648
1310,1,1305,-1621.829098031187,-5214.110173895012,2020-08-08T11:15:19Z,45.45245000,7.65596667,1512.00,60.653
1311,1,1306,-1620.829098031187,-5213.110173895012,2020-08-08T11:15:20Z,45.45251667,7.65601667,1512.00,60.655
1312,1,1307,-1619.829098031187,-5212.110173895012,2020-08-08T11:15:21Z,45.45258333,7.65610000,1511.00,60.654
1313,1,1308,-1618.829098031187,-5211.110173895012,2020-08-08T11:15:22Z,45.45261667,7.65621667,1511.00,60.649
1314,1,1309,-1617.829098031187,-5210.110173895012,2020-08-08T11:15:23Z,45.45261667,7.65633333,1510.00,60.642
1315,1,1310,-1616.829098031187,-5209.110173895012,2020-08-08T11:15:24Z,45.45260000,7.65643333,1510.00,60.635
1316,1,1311,-1615.829098031187,-5208.110173895012,2020-08-08T11:15:25Z,45.45255000,7.65651667,1510.00,60.626
1317,1,1312,-1614.829098031187,-5207.110173895012,2020-08-08T11:15:26Z,45.45250000,7.65656667,1509.00,60.62
1318,1,1313,-1613.829098031187,-5206.110173895012,2020-08-08T11:15:27Z,45.45243333,7.65661667,1508.00,60.612
1319,1,1314,-1612.829098031187,-5205.110173895012,2020-08-08T11:15:28Z,45.45236667,7.65665000,1507.00,60.606
1320,1,1315,-1611.829098031187,-5204.110173895012,2020-08-08T11:15:29Z,45.45228333,7.65665000,1506.00,60.6
1321,1,1316,-1610.829098031187,-5203.110173895012,2020-08-08T11:15:30Z,45.45220000,7.65661667,1505.00,60.596
1322,1,1317,-1609.829098031187,-5202.110173895012,2020-08-08T11:15:31Z,45.45211667,7.65655000,1502.00,60.595
1323,1,1318,-1608.829098031187,-5201.110173895012,2020-08-08T11:15:32Z,45.45205000,7.65643333,1503.00,60.597
1324,1,1319,-1607.829098031187,-5200.110173895012,2020-08-08T11:15:33Z,45.45201667,7.65628333,1501.00,60.604
1325,1,1320,-1606.829098031187,-5199.110173895012,2020-08-08T11:15:34Z,45.45201667,7.65611667,1500.00,60.615
1326,1,1321,-1605.829098031187,-5198.110173895012,2020-08-08T11:15:35Z,45.45208333,7.65598333,1499.00,60.627
1327,1,1322,-1604.829098031187,-5197.110173895012,2020-08-08T11:15:36Z,45.45218333,7.65588333,1497.00,60.64
1328,1,1323,-1603.829098031187,-5196.110173895012,2020-08-08T11:15:37Z,45.45230000,7.65583333,1495.00,60.651
1329,1,1324,-1602.829098031187,-5195.110173895012,2020-08-08T11:15:38Z,45.45241667,7.65585000,1494.00,60.658
1330,1,1325,-1601.829098031187,-5194.110173895012,2020-08-08T11:15:39Z,45.45251667,7.65591667,1495.00,60.661
1331,1,1326,-1600.829098031187,-5193.110173895012,2020-08-08T11:15:40Z,45.45258333,7.65600000,1497.00,60.66
1332,1,1327,-1599.829098031187,-5192.110173895012,2020-08-08T11:15:41Z,45.45263333,7.65606667,1497.00,60.66
1333,1,1328,-1598.829098031187,-5191.110173895012,2020-08-08T11:15:42Z,45.45268333,7.65613333,1498.00,60.659
1334,1,1329,-1597.829098031187,-5190.110173895012,2020-08-08T11:15:43Z,45.45273333,7.65620000,1497.00,60.658
1335,1,1330,-1596.829098031187,-5189.110173895012,2020-08-08T11:15:44Z,45.45280000,7.65628333,1496.00,60.658
1336,1,1331,-1595.829098031187,-5188.110173895012,2020-08-08T11:15:45Z,45.45285000,7.65638333,1495.00,60.655
1337,1,1332,-1594.829098031187,-5187.110173895012,2020-08-08T11:15:46Z,45.45290000,7.65650000,1494.00,60.651
1338,1,1333,-1593.829098031187,-5186.110173895012,2020-08-08T11:15:47Z,45.45293333,7.65661667,1494.00,60.646
1339,1,1334,-1592.829098031187,-5185.110173895012,2020-08-08T11:15:48Z,45.45293333,7.65673333,1493.00,60.639
1340,1,1335,-1591.829098031187,-5184.110173895012,2020-08-08T11:15:49Z,45.45293333,7.65685000,1491.00,60.632
1341,1,1336,-1590.829098031187,-5183.110173895012,2020-08-08T11:15:50Z,45.45291667,7.65698333,1490.00,60.623
1342,1,1337,-1589.829098031187,-5182.110173895012,2020-08-08T11:15:51Z,45.45290000,7.65710000,1489.00,60.614
1343,1,1338,-1588.829098031187,-5181.110173895012,2020-08-08T11:15:52Z,45.45290000,7.65721667,1488.00,60.607
1344,1,1339,-1587.829098031187,-5180.110173895012,2020-08-08T11:15:53Z,45.45290000,7.65735000,1486.00,60.599
1345,1,1340,-1586.829098031187,-5179.110173895012,2020-08-08T11:15:54Z,45.45288333,7.65748333,1486.00,60.59
1346,1,1341,-1585.829098031187,-5178.110173895012,2020-08-08T11:15:55Z,45.45286667,7.65760000,1485.00,60.582
1347,1,1342,-1584.829098031187,-5177.110173895012,2020-08-08T11:15:56Z,45.45285000,7.65771667,1483.00,60.573
1348,1,1343,-1583.829098031187,-5176.110173895012,2020-08-08T11:15:57Z,45.45281667,7.65783333,1482.00,60.564
1349,1,1344,-1582.829098031187,-5175.110173895012,2020-08-08T11:15:58Z,45.45278333,7.65795000,1481.00,60.554
1350,1,1345,-1581.829098031187,-5174.110173895012,2020-08-08T11:15:59Z,45.45275000,7.65806667,1480.00,60.545
1351,1,1346,-1580.829098031187,-5173.110173895012,2020-08-08T11:16:00Z,45.45271667,7.65818333,1479.00,60.535
1352,1,1347,-1579.829098031187,-5172.110173895012,2020-08-08T11:16:01Z,45.45268333,7.65828333,1478.00,60.527
1353,1,1348,-1578.829098031187,-5171.110173895012,2020-08-08T11:16:02Z,45.45265000,7.65838333,1478.00,60.519
1354,1,1349,-1577.829098031187,-5170.110173895012,2020-08-08T11:16:03Z,45.45261667,7.65850000,1476.00,60.509
1355,1,1350,-1576.829098031187,-5169.110173895012,2020-08-08T11:16:04Z,45.45260000,7.65861667,1475.00,60.501
1356,1,1351,-1575.829098031187,-5168.110173895012,2020-08-08T11:16:05Z,45.45256667,7.65875000,1473.00,60.49
1357,1,1352,-1574.829098031187,-5167.110173895012,2020-08-08T11:16:06Z,45.45253333,7.65888333,1472.00,60.48
1358,1,1353,-1573.829098031187,-5166.110173895012,2020-08-08T11:16:07Z,45.45251667,7.65901667,1472.00,60.471
1359,1,1354,-1572.829098031187,-5165.110173895012,2020-08-08T11:16:08Z,45.45250000,7.65915000,1472.00,60.461
1360,1,1355,-1571.829098031187,-5164.110173895012,2020-08-08T11:16:09Z,45.45248333,7.65926667,1472.00,60.453
1361,1,1356,-1570.829098031187,-5163.110173895012,2020-08-08T11:16:10Z,45.45248333,7.65936667,1472.00,60.447
1362,1,1357,-1569.829098031187,-5162.110173895012,2020-08-08T11:16:11Z,45.45246667,7.65950000,1470.00,60.438
1363,1,1358,-1568.829098031187,-5161.110173895012,2020-08-08T11:16:12Z,45.45245000,7.65963333,1467.00,60.428
1364,1,1359,-1567.829098031187,-5160.110173895012,2020-08-08T11:16:13Z,45.45243333,7.65978333,1466.00,60.418
1365,1,1360,-1566.829098031187,-5159.110173895012,2020-08-08T11:16:14Z,45.45240000,7.65991667,1464.00,60.408
1366,1,1361,-1565.829098031187,-5158.110173895012,2020-08-08T11:16:15Z,45.45238333,7.66003333,1465.00,60.399
1367,1,1362,-1564.829098031187,-5157.110173895012,2020-08-08T11:16:16Z,45.45238333,7.66011667,1465.00,60.394
1368,1,1363,-1563.829098031187,-5156.110173895012,2020-08-08T11:16:17Z,45.45238333,7.66018333,1464.00,60.39
1369,1,1364,-1562.829098031187,-5155.110173895012,2020-08-08T11:16:18Z,45.45236667,7.66026667,1463.00,60.384
1370,1,1365,-1561.829098031187,-5154.110173895012,2020-08-08T11:16:19Z,45.45235000,7.66038333,1461.00,60.376
1371,1,1366,-1560.829098031187,-5153.110173895012,2020-08-08T11:16:20Z,45.45233333,7.66053333,1460.00,60.365
1372,1,1367,-1559.829098031187,-5152.110173895012,2020-08-08T11:16:21Z,45.45228333,7.66066667,1460.00,60.354
1373,1,1368,-1558.829098031187,-5151.110173895012,2020-08-08T11:16:22Z,45.45223333,7.66076667,1463.00,60.344
1374,1,1369,-1557.829098031187,-5150.110173895012,2020-08-08T11:16:23Z,45.45220000,7.66083333,1466.00,60.338
1375,1,1370,-1556.829098031187,-5149.110173895012,2020-08-08T11:16:24Z,45.45216667,7.66088333,1468.00,60.332
1376,1,1371,-1555.829098031187,-5148.110173895012,2020-08-08T11:16:25Z,45.45213333,7.66093333,1469.00,60.327
1377,1,1372,-1554.829098031187,-5147.110173895012,2020-08-08T11:16:26Z,45.45211667,7.66101667,1471.00,60.321
1378,1,1373,-1553.829098031187,-5146.110173895012,2020-08-08T11:16:27Z,45.45211667,7.66111667,1472.00,60.315
1379,1,1374,-1552.829098031187,-5145.110173895012,2020-08-08T11:16:28Z,45.45210000,7.66121667,1474.00,60.307
1380,1,1375,-1551.829098031187,-5144.110173895012,2020-08-08T11:16:29Z,45.45210000,7.66130000,1475.00,60.302
1381,1,1376,-1550.829098031187,-5143.110173895012,2020-08-08T11:16:30Z,45.45205000,7.66136667,1476.00,60.295
1382,1,1377,-1549.829098031187,-5142.110173895012,2020-08-08T11:16:31Z,45.45198333,7.66143333,1476.00,60.286
1383,1,1378,-1548.829098031187,-5141.110173895012,2020-08-08T11:16:32Z,45.45190000,7.66143333,1475.00,60.28
1384,1,1379,-1547.829098031187,-5140.110173895012,2020-08-08T11:16:33Z,45.45180000,7.66140000,1475.00,60.275
1385,1,1380,-1546.829098031187,-5139.110173895012,2020-08-08T11:16:34Z,45.45173333,7.66128333,1475.00,60.278
1386,1,1381,-1545.829098031187,-5138.110173895012,2020-08-08T11:16:35Z,45.45168333,7.66115000,1476.00,60.283
1387,1,1382,-1544.829098031187,-5137.110173895012,2020-08-08T11:16:36Z,45.45165000,7.66098333,1476.00,60.291
1388,1,1383,-1543.829098031187,-5136.110173895012,2020-08-08T11:16:37Z,45.45166667,7.66081667,1477.00,60.302
1389,1,1384,-1542.829098031187,-5135.110173895012,2020-08-08T11:16:38Z,45.45171667,7.66068333,1478.00,60.313
1390,1,1385,-1541.829098031187,-5134.110173895012,2020-08-08T11:16:39Z,45.45178333,7.66053333,1479.00,60.327
1391,1,1386,-1540.829098031187,-5133.110173895012,2020-08-08T11:16:40Z,45.45188333,7.66043333,1480.00,60.34
1392,1,1387,-1539.829098031187,-5132.110173895012,2020-08-08T11:16:41Z,45.45198333,7.66035000,1481.00,60.352
1393,1,1388,-1538.829098031187,-5131.110173895012,2020-08-08T11:16:42Z,45.45208333,7.66031667,1483.00,60.361
1394,1,1389,-1537.829098031187,-5130.110173895012,2020-08-08T11:16:43Z,45.45220000,7.66031667,1485.00,60.369
1395,1,1390,-1536.829098031187,-5129.110173895012,2020-08-08T11:16:44Z,45.45230000,7.66035000,1486.00,60.374
1396,1,1391,-1535.829098031187,-5128.110173895012,2020-08-08T11:16:45Z,45.45240000,7.66038333,1487.00,60.379
1397,1,1392,-1534.829098031187,-5127.110173895012,2020-08-08T11:16:46Z,45.45248333,7.66043333,1487.00,60.382
1398,1,1393,-1533.829098031187,-5126.110173895012,2020-08-08T11:16:47Z,45.45256667,7.66048333,1489.00,60.385
1399,1,1394,-1532.829098031187,-5125.110173895012,2020-08-08T11:16:48Z,45.45263333,7.66058333,1490.00,60.383
1400,1,1395,-1531.829098031187,-5124.110173895012,2020-08-08T11:16:49Z,45.45266667,7.66066667,1493.00,60.38
1401,1,1396,-1530.829098031187,-5123.110173895012,2020-08-08T11:16:50Z,45.45268333,7.66078333,1495.00,60.374
1402,1,1397,-1529.829098031187,-5122.110173895012,2020-08-08T11:16:51Z,45.45265000,7.66086667,1498.00,60.367
1403,1,1398,-1528.829098031187,-5121.110173895012,2020-08-08T11:16:52Z,45.45261667,7.66095000,1499.00,60.36
1404,1,1399,-1527.829098031187,-5120.110173895012,2020-08-08T11:16:53Z,45.45256667,7.66100000,1500.00,60.353
1405,1,1400,-1526.829098031187,-5119.110173895012,2020-08-08T11:16:54Z,45.45250000,7.66101667,1501.00,60.347
1406,1,1401,-1525.829098031187,-5118.110173895012,2020-08-08T11:16:55Z,45.45243333,7.66100000,1501.00,60.344
1407,1,1402,-1524.829098031187,-5117.110173895012,2020-08-08T11:16:56Z,45.45235000,7.66095000,1502.00,60.341
1408,1,1403,-1523.829098031187,-5116.110173895012,2020-08-08T11:16:57Z,45.45228333,7.66083333,1502.00,60.344
1409,1,1404,-1522.829098031187,-5115.110173895012,2020-08-08T11:16:58Z,45.45225000,7.66070000,1502.00,60.349
1410,1,1405,-1521.829098031187,-5114.110173895012,2020-08-08T11:16:59Z,45.45226667,7.66055000,1502.00,60.36
1411,1,1406,-1520.829098031187,-5113.110173895012,2020-08-08T11:17:00Z,45.45231667,7.66040000,1502.00,60.372
1412,1,1407,-1519.829098031187,-5112.110173895012,2020-08-08T11:17:01Z,45.45240000,7.66028333,1503.00,60.385
1413,1,1408,-1518.829098031187,-5111.110173895012,2020-08-08T11:17:02Z,45.45251667,7.66025000,1505.00,60.395
1414,1,1409,-1517.829098031187,-5110.110173895012,2020-08-08T11:17:03Z,45.45261667,7.66026667,1508.00,60.401
1415,1,1410,-1516.829098031187,-5109.110173895012,2020-08-08T11:17:04Z,45.45271667,7.66033333,1509.00,60.404
1416,1,1411,-1515.829098031187,-5108.110173895012,2020-08-08T11:17:05Z,45.45280000,7.66041667,1510.00,60.405
1417,1,1412,-1514.829098031187,-5107.110173895012,2020-08-08T11:17:06Z,45.45285000,7.66053333,1513.00,60.401
1418,1,1413,-1513.829098031187,-5106.110173895012,2020-08-08T11:17:07Z,45.45288333,7.66063333,1513.00,60.397
1419,1,1414,-1512.829098031187,-5105.110173895012,2020-08-08T11:17:08Z,45.45290000,7.66076667,1514.00,60.39
1420,1,1415,-1511.829098031187,-5104.110173895012,2020-08-08T11:17:09Z,45.45288333,7.66088333,1515.00,60.382
1421,1,1416,-1510.829098031187,-5103.110173895012,2020-08-08T11:17:10Z,45.45285000,7.66100000,1516.00,60.373
1422,1,1417,-1509.829098031187,-5102.110173895012,2020-08-08T11:17:11Z,45.45280000,7.66106667,1516.00,60.365
1423,1,1418,-1508.829098031187,-5101.110173895012,2020-08-08T11:17:12Z,45.45273333,7.66111667,1518.00,60.358
1424,1,1419,-1507.829098031187,-5100.110173895012,2020-08-08T11:17:13Z,45.45266667,7.66113333,1520.00,60.352
1425,1,1420,-1506.829098031187,-5099.110173895012,2020-08-08T11:17:14Z,45.45260000,7.66113333,1522.00,60.347
1426,1,1421,-1505.829098031187,-5098.110173895012,2020-08-08T11:17:15Z,45.45253333,7.66110000,1524.00,60.345
1427,1,1422,-1504.829098031187,-5097.110173895012,2020-08-08T11:17:16Z,45.45246667,7.66103333,1525.00,60.344
1428,1,1423,-1503.829098031187,-5096.110173895012,2020-08-08T11:17:17Z,45.45241667,7.66093333,1526.00,60.347
1429,1,1424,-1502.829098031187,-5095.110173895012,2020-08-08T11:17:18Z,45.45240000,7.66078333,1525.00,60.355
1430,1,1425,-1501.829098031187,-5094.110173895012,2020-08-08T11:17:19Z,45.45238333,7.66063333,1525.00,60.363
1431,1,1426,-1500.829098031187,-5093.110173895012,2020-08-08T11:17:20Z,45.45243333,7.66048333,1527.00,60.375
1432,1,1427,-1499.829098031187,-5092.110173895012,2020-08-08T11:17:21Z,45.45250000,7.66036667,1528.00,60.387
1433,1,1428,-1498.829098031187,-5091.110173895012,2020-08-08T11:17:22Z,45.45260000,7.66030000,1527.00,60.398
1434,1,1429,-1497.829098031187,-5090.110173895012,2020-08-08T11:17:23Z,45.45270000,7.66028333,1528.00,60.406
1435,1,1430,-1496.829098031187,-5089.110173895012,2020-08-08T11:17:24Z,45.45281667,7.66033333,1528.00,60.411
1436,1,1431,-1495.829098031187,-5088.110173895012,2020-08-08T11:17:25Z,45.45290000,7.66040000,1529.00,60.413
1437,1,1432,-1494.829098031187,-5087.110173895012,2020-08-08T11:17:26Z,45.45298333,7.66051667,1530.00,60.411
1438,1,1433,-1493.829098031187,-5086.110173895012,2020-08-08T11:17:27Z,45.45301667,7.66063333,1531.00,60.407
1439,1,1434,-1492.829098031187,-5085.110173895012,2020-08-08T11:17:28Z,45.45306667,7.66075000,1532.00,60.403
1440,1,1435,-1491.829098031187,-5084.110173895012,2020-08-08T11:17:29Z,45.45308333,7.66088333,1534.00,60.396
1441,1,1436,-1490.829098031187,-5083.110173895012,2020-08-08T11:17:30Z,45.45311667,7.66101667,1534.00,60.39
1442,1,1437,-1489.829098031187,-5082.110173895012,2020-08-08T11:17:31Z,45.45313333,7.66115000,1535.00,60.383
1443,1,1438,-1488.829098031187,-5081.110173895012,2020-08-08T11:17:32Z,45.45315000,7.66126667,1537.00,60.378
1444,1,1439,-1487.829098031187,-5080.110173895012,2020-08-08T11:17:33Z,45.45316667,7.66136667,1539.00,60.373
1445,1,1440,-1486.829098031187,-5079.110173895012,2020-08-08T11:17:34Z,45.45320000,7.66146667,1541.00,60.369
1446,1,1441,-1485.829098031187,-5078.110173895012,2020-08-08T11:17:35Z,45.45325000,7.66156667,1544.00,60.366
1447,1,1442,-1484.829098031187,-5077.110173895012,2020-08-08T11:17:36Z,45.45330000,7.66166667,1547.00,60.364
1448,1,1443,-1483.829098031187,-5076.110173895012,2020-08-08T11:17:37Z,45.45333333,7.66175000,1550.00,60.361
1449,1,1444,-1482.829098031187,-5075.110173895012,2020-08-08T11:17:38Z,45.45333333,7.66181667,1551.00,60.357
1450,1,1445,-1481.829098031187,-5074.110173895012,2020-08-08T11:17:39Z,45.45331667,7.66190000,1550.00,60.351
1451,1,1446,-1480.829098031187,-5073.110173895012,2020-08-08T11:17:40Z,45.45326667,7.66198333,1550.00,60.342
1452,1,1447,-1479.829098031187,-5072.110173895012,2020-08-08T11:17:41Z,45.45320000,7.66203333,1549.00,60.335
1453,1,1448,-1478.829098031187,-5071.110173895012,2020-08-08T11:17:42Z,45.45311667,7.66201667,1550.00,60.33
1454,1,1449,-1477.829098031187,-5070.110173895012,2020-08-08T11:17:43Z,45.45305000,7.66195000,1551.00,60.329
1455,1,1450,-1476.829098031187,-5069.110173895012,2020-08-08T11:17:44Z,45.45301667,7.66180000,1551.00,60.336
1456,1,1451,-1475.829098031187,-5068.110173895012,2020-08-08T11:17:45Z,45.45303333,7.66163333,1552.00,60.347
1457,1,1452,-1474.829098031187,-5067.110173895012,2020-08-08T11:17:46Z,45.45310000,7.66148333,1553.00,60.361
1458,1,1453,-1473.829098031187,-5066.110173895012,2020-08-08T11:17:47Z,45.45318333,7.66138333,1555.00,60.373
1459,1,1454,-1472.829098031187,-5065.110173895012,2020-08-08T11:17:48Z,45.45330000,7.66133333,1556.00,60.384
1460,1,1455,-1471.829098031187,-5064.110173895012,2020-08-08T11:17:49Z,45.45340000,7.66136667,1557.00,60.389
1461,1,1456,-1470.829098031187,-5063.110173895012,2020-08-08T11:17:50Z,45.45348333,7.66145000,1558.00,60.39
1462,1,1457,-1469.829098031187,-5062.110173895012,2020-08-08T11:17:51Z,45.45353333,7.66158333,1559.00,60.385
1463,1,1458,-1468.829098031187,-5061.110173895012,2020-08-08T11:17:52Z,45.45353333,7.66170000,1558.00,60.378
1464,1,1459,-1467.829098031187,-5060.110173895012,2020-08-08T11:17:53Z,45.45348333,7.66178333,1559.00,60.37
1465,1,1460,-1466.829098031187,-5059.110173895012,2020-08-08T11:17:54Z,45.45341667,7.66183333,1559.00,60.362
1466,1,1461,-1465.829098031187,-5058.110173895012,2020-08-08T11:17:55Z,45.45333333,7.66183333,1559.00,60.356
1467,1,1462,-1464.829098031187,-5057.110173895012,2020-08-08T11:17:56Z,45.45325000,7.66180000,1560.00,60.352
1468,1,1463,-1463.829098031187,-5056.110173895012,2020-08-08T11:17:57Z,45.45318333,7.66170000,1561.00,60.354
1469,1,1464,-1462.829098031187,-5055.110173895012,2020-08-08T11:17:58Z,45.45313333,7.66158333,1562.00,60.357
1470,1,1465,-1461.829098031187,-5054.110173895012,2020-08-08T11:17:59Z,45.45313333,7.66145000,1564.00,60.365
1471,1,1466,-1460.829098031187,-5053.110173895012,2020-08-08T11:18:00Z,45.45318333,7.66131667,1566.00,60.377
1472,1,1467,-1459.829098031187,-5052.110173895012,2020-08-08T11:18:01Z,45.45326667,7.66121667,1567.00,60.389
1473,1,1468,-1458.829098031187,-5051.110173895012,2020-08-08T11:18:02Z,45.45336667,7.66118333,1567.00,60.398
1474,1,1469,-1457.829098031187,-5050.110173895012,2020-08-08T11:18:03Z,45.45348333,7.66118333,1569.00,60.406
1475,1,1470,-1456.829098031187,-5049.110173895012,2020-08-08T11:18:04Z,45.45356667,7.66125000,1569.00,60.408
1476,1,1471,-1455.829098031187,-5048.110173895012,2020-08-08T11:18:05Z,45.45360000,7.66135000,1570.00,60.404
1477,1,1472,-1454.829098031187,-5047.110173895012,2020-08-08T11:18:06Z,45.45361667,7.66145000,1571.00,60.399
1478,1,1473,-1453.829098031187,-5046.110173895012,2020-08-08T11:18:07Z,45.45360000,7.66153333,1572.00,60.393
1479,1,1474,-1452.829098031187,-5045.110173895012,2020-08-08T11:18:08Z,45.45358333,7.66161667,1572.00,60.387
1480,1,1475,-1451.829098031187,-5044.110173895012,2020-08-08T11:18:09Z,45.45355000,7.66170000,1572.00,60.379
1481,1,1476,-1450.829098031187,-5043.110173895012,2020-08-08T11:18:10Z,45.45351667,7.66180000,1573.00,60.371
1482,1,1477,-1449.829098031187,-5042.110173895012,2020-08-08T11:18:11Z,45.45345000,7.66190000,1572.00,60.36
1483,1,1478,-1448.829098031187,-5041.110173895012,2020-08-08T11:18:12Z,45.45340000,7.66198333,1572.00,60.352
1484,1,1479,-1447.829098031187,-5040.110173895012,2020-08-08T11:18:13Z,45.45331667,7.66206667,1574.00,60.341
1485,1,1480,-1446.829098031187,-5039.110173895012,2020-08-08T11:18:14Z,45.45323333,7.66210000,1577.00,60.333
1486,1,1481,-1445.829098031187,-5038.110173895012,2020-08-08T11:18:15Z,45.45315000,7.66208333,1579.00,60.328
1487,1,1482,-1444.829098031187,-5037.110173895012,2020-08-08T11:18:16Z,45.45308333,7.66201667,1580.00,60.327
1488,1,1483,-1443.829098031187,-5036.110173895012,2020-08-08T11:18:17Z,45.45305000,7.66193333,1582.00,60.33
1489,1,1484,-1442.829098031187,-5035.110173895012,2020-08-08T11:18:18Z,45.45301667,7.66183333,1583.00,60.334
1490,1,1485,-1441.829098031187,-5034.110173895012,2020-08-08T11:18:19Z,45.45298333,7.66171667,1583.00,60.339
1491,1,1486,-1440.829098031187,-5033.110173895012,2020-08-08T11:18:20Z,45.45298333,7.66158333,1583.00,60.347
1492,1,1487,-1439.829098031187,-5032.110173895012,2020-08-08T11:18:21Z,45.45298333,7.66143333,1583.00,60.356
1493,1,1488,-1438.829098031187,-5031.110173895012,2020-08-08T11:18:22Z,45.45303333,7.66128333,1584.00,60.368
1494,1,1489,-1437.829098031187,-5030.110173895012,2020-08-08T11:18:23Z,45.45310000,7.66115000,1585.00,60.381
1495,1,1490,-1436.829098031187,-5029.110173895012,2020-08-08T11:18:24Z,45.45320000,7.66105000,1586.00,60.394
1496,1,1491,-1435.829098031187,-5028.110173895012,2020-08-08T11:18:25Z,45.45330000,7.66100000,1588.00,60.404
1497,1,1492,-1434.829098031187,-5027.110173895012,2020-08-08T11:18:26Z,45.45341667,7.66100000,1589.00,60.412
1498,1,1493,-1433.829098031187,-5026.110173895012,2020-08-08T11:18:27Z,45.45351667,7.66103333,1591.00,60.417
1499,1,1494,-1432.829098031187,-5025.110173895012,2020-08-08T11:18:28Z,45.45360000,7.66111667,1591.00,60.418
1500,1,1495,-1431.829098031187,-5024.110173895012,2020-08-08T11:18:29Z,45.45365000,7.66121667,1592.00,60.416
1501,1,1496,-1430.829098031187,-5023.110173895012,2020-08-08T11:18:30Z,45.45368333,7.66133333,1594.00,60.411
1502,1,1497,-1429.829098031187,-5022.110173895012,2020-08-08T11:18:31Z,45.45366667,7.66146667,1593.00,60.402
1503,1,1498,-1428.829098031187,-5021.110173895012,2020-08-08T11:18:32Z,45.45363333,7.66161667,1594.00,60.39
1504,1,1499,-1427.829098031187,-5020.110173895012,2020-08-08T11:18:33Z,45.45356667,7.66171667,1595.00,60.379
1505,1,1500,-1426.829098031187,-5019.110173895012,2020-08-08T11:18:34Z,45.45350000,7.66178333,1597.00,60.371
1506,1,1501,-1425.829098031187,-5018.110173895012,2020-08-08T11:18:35Z,45.45343333,7.66181667,1598.00,60.364
1507,1,1502,-1424.829098031187,-5017.110173895012,2020-08-08T11:18:36Z,45.45335000,7.66180000,1601.00,60.359
1508,1,1503,-1423.829098031187,-5016.110173895012,2020-08-08T11:18:37Z,45.45326667,7.66176667,1602.00,60.355
1509,1,1504,-1422.829098031187,-5015.110173895012,2020-08-08T11:18:38Z,45.45320000,7.66171667,1603.00,60.354
1510,1,1505,-1421.829098031187,-5014.110173895012,2020-08-08T11:18:39Z,45.45315000,7.66166667,1606.00,60.353
1511,1,1506,-1420.829098031187,-5013.110173895012,2020-08-08T11:18:40Z,45.45310000,7.66158333,1608.00,60.355
1512,1,1507,-1419.829098031187,-5012.110173895012,2020-08-08T11:18:41Z,45.45308333,7.66148333,1610.00,60.36
1513,1,1508,-1418.829098031187,-5011.110173895012,2020-08-08T11:18:42Z,45.45308333,7.66138333,1612.00,60.366
1514,1,1509,-1417.829098031187,-5010.110173895012,2020-08-08T11:18:43Z,45.45311667,7.66126667,1613.00,60.375
1515,1,1510,-1416.829098031187,-5009.110173895012,2020-08-08T11:18:44Z,45.45316667,7.66115000,1614.00,60.386
1516,1,1511,-1415.829098031187,-5008.110173895012,2020-08-08T11:18:45Z,45.45323333,7.66105000,1615.00,60.397
1517,1,1512,-1414.829098031187,-5007.110173895012,2020-08-08T11:18:46Z,45.45333333,7.66098333,1616.00,60.408
1518,1,1513,-1413.829098031187,-5006.110173895012,2020-08-08T11:18:47Z,45.45343333,7.66096667,1617.00,60.416
1519,1,1514,-1412.829098031187,-5005.110173895012,2020-08-08T11:18:48Z,45.45353333,7.66096667,1619.00,60.423
1520,1,1515,-1411.829098031187,-5004.110173895012,2020-08-08T11:18:49Z,45.45361667,7.66101667,1621.00,60.425
1521,1,1516,-1410.829098031187,-5003.110173895012,2020-08-08T11:18:50Z,45.45370000,7.66108333,1623.00,60.427
1522,1,1517,-1409.829098031187,-5002.110173895012,2020-08-08T11:18:51Z,45.45376667,7.66116667,1624.00,60.427
1523,1,1518,-1408.829098031187,-5001.110173895012,2020-08-08T11:18:52Z,45.45380000,7.66126667,1625.00,60.423
1524,1,1519,-1407.829098031187,-5000.110173895012,2020-08-08T11:18:53Z,45.45380000,7.66138333,1626.00,60.416
1525,1,1520,-1406.829098031187,-4999.110173895012,2020-08-08T11:18:54Z,45.45380000,7.66153333,1627.00,60.407
1526,1,1521,-1405.829098031187,-4998.110173895012,2020-08-08T11:18:55Z,45.45376667,7.66165000,1628.00,60.398
1527,1,1522,-1404.829098031187,-4997.110173895012,2020-08-08T11:18:56Z,45.45371667,7.66175000,1630.00,60.388
1528,1,1523,-1403.829098031187,-4996.110173895012,2020-08-08T11:18:57Z,45.45366667,7.66185000,1630.00,60.378
1529,1,1524,-1402.829098031187,-4995.110173895012,2020-08-08T11:18:58Z,45.45358333,7.66191667,1631.00,60.369
1530,1,1525,-1401.829098031187,-4994.110173895012,2020-08-08T11:18:59Z,45.45351667,7.66198333,1632.00,60.36
1531,1,1526,-1400.829098031187,-4993.110173895012,2020-08-08T11:19:00Z,45.45345000,7.66205000,1633.00,60.351
1532,1,1527,-1399.829098031187,-4992.110173895012,2020-08-08T11:19:01Z,45.45336667,7.66210000,1633.00,60.342
1533,1,1528,-1398.829098031187,-4991.110173895012,2020-08-08T11:19:02Z,45.45328333,7.66213333,1634.00,60.334
1534,1,1529,-1397.829098031187,-4990.110173895012,2020-08-08T11:19:03Z,45.45320000,7.66216667,1636.00,60.327
1535,1,1530,-1396.829098031187,-4989.110173895012,2020-08-08T11:19:04Z,45.45311667,7.66218333,1637.00,60.32
1536,1,1531,-1395.829098031187,-4988.110173895012,2020-08-08T11:19:05Z,45.45305000,7.66218333,1639.00,60.315
1537,1,1532,-1394.829098031187,-4987.110173895012,2020-08-08T11:19:06Z,45.45296667,7.66213333,1639.00,60.312
1538,1,1533,-1393.829098031187,-4986.110173895012,2020-08-08T11:19:07Z,45.45291667,7.66205000,1639.00,60.314
1539,1,1534,-1392.829098031187,-4985.110173895012,2020-08-08T11:19:08Z,45.45290000,7.66193333,1636.00,60.32
1540,1,1535,-1391.829098031187,-4984.110173895012,2020-08-08T11:19:09Z,45.45293333,7.66181667,1633.00,60.329
1541,1,1536,-1390.829098031187,-4983.110173895012,2020-08-08T11:19:10Z,45.45300000,7.66170000,1631.00,60.341
1542,1,1537,-1389.829098031187,-4982.110173895012,2020-08-08T11:19:11Z,45.45310000,7.66160000,1629.00,60.354
1543,1,1538,-1388.829098031187,-4981.110173895012,2020-08-08T11:19:12Z,45.45320000,7.66153333,1628.00,60.365
1544,1,1539,-1387.829098031187,-4980.110173895012,2020-08-08T11:19:13Z,45.45330000,7.66146667,1630.00,60.376
1545,1,1540,-1386.829098031187,-4979.110173895012,2020-08-08T11:19:14Z,45.45340000,7.66141667,1633.00,60.386
1546,1,1541,-1385.829098031187,-4978.110173895012,2020-08-08T11:19:15Z,45.45348333,7.66140000,1635.00,60.393
1547,1,1542,-1384.829098031187,-4977.110173895012,2020-08-08T11:19:16Z,45.45356667,7.66143333,1637.00,60.397
1548,1,1543,-1383.829098031187,-4976.110173895012,2020-08-08T11:19:17Z,45.45365000,7.66148333,1638.00,60.399
1549,1,1544,-1382.829098031187,-4975.110173895012,2020-08-08T11:19:18Z,45.45373333,7.66156667,1638.00,60.4
1550,1,1545,-1381.829098031187,-4974.110173895012,2020-08-08T11:19:19Z,45.45380000,7.66166667,1637.00,60.399
1551,1,1546,-1380.829098031187,-4973.110173895012,2020-08-08T11:19:20Z,45.45388333,7.66178333,1639.00,60.398
1552,1,1547,-1379.829098031187,-4972.110173895012,2020-08-08T11:19:21Z,45.45395000,7.66191667,1640.00,60.394
1553,1,1548,-1378.829098031187,-4971.110173895012,2020-08-08T11:19:22Z,45.45401667,7.66203333,1641.00,60.392
1554,1,1549,-1377.829098031187,-4970.110173895012,2020-08-08T11:19:23Z,45.45408333,7.66215000,1641.00,60.39
1555,1,1550,-1376.829098031187,-4969.110173895012,2020-08-08T11:19:24Z,45.45415000,7.66225000,1641.00,60.388
1556,1,1551,-1375.829098031187,-4968.110173895012,2020-08-08T11:19:25Z,45.45421667,7.66236667,1642.00,60.386
1557,1,1552,-1374.829098031187,-4967.110173895012,2020-08-08T11:19:26Z,45.45426667,7.66248333,1641.00,60.383
1558,1,1553,-1373.829098031187,-4966.110173895012,2020-08-08T11:19:27Z,45.45431667,7.66261667,1641.00,60.378
1559,1,1554,-1372.829098031187,-4965.110173895012,2020-08-08T11:19:28Z,45.45436667,7.66273333,1640.00,60.375
1560,1,1555,-1371.829098031187,-4964.110173895012,2020-08-08T11:19:29Z,45.45443333,7.66286667,1639.00,60.371
1561,1,1556,-1370.829098031187,-4963.110173895012,2020-08-08T11:19:30Z,45.45450000,7.66300000,1638.00,60.368
1562,1,1557,-1369.829098031187,-4962.110173895012,2020-08-08T11:19:31Z,45.45456667,7.66313333,1637.00,60.365
1563,1,1558,-1368.829098031187,-4961.110173895012,2020-08-08T11:19:32Z,45.45465000,7.66328333,1636.00,60.362
1564,1,1559,-1367.829098031187,-4960.110173895012,2020-08-08T11:19:33Z,45.45470000,7.66341667,1637.00,60.357
1565,1,1560,-1366.829098031187,-4959.110173895012,2020-08-08T11:19:34Z,45.45475000,7.66355000,1638.00,60.353
1566,1,1561,-1365.829098031187,-4958.110173895012,2020-08-08T11:19:35Z,45.45480000,7.66366667,1638.00,60.35
1567,1,1562,-1364.829098031187,-4957.110173895012,2020-08-08T11:19:36Z,45.45485000,7.66378333,1638.00,60.346
1568,1,1563,-1363.829098031187,-4956.110173895012,2020-08-08T11:19:37Z,45.45490000,7.66391667,1637.00,60.342
1569,1,1564,-1362.829098031187,-4955.110173895012,2020-08-08T11:19:38Z,45.45496667,7.66405000,1635.00,60.339
1570,1,1565,-1361.829098031187,-4954.110173895012,2020-08-08T11:19:39Z,45.45505000,7.66418333,1633.00,60.337
1571,1,1566,-1360.829098031187,-4953.110173895012,2020-08-08T11:19:40Z,45.45513333,7.66431667,1631.00,60.335
1572,1,1567,-1359.829098031187,-4952.110173895012,2020-08-08T11:19:41Z,45.45521667,7.66445000,1630.00,60.333
1573,1,1568,-1358.829098031187,-4951.110173895012,2020-08-08T11:19:42Z,45.45528333,7.66458333,1630.00,60.33
1574,1,1569,-1357.829098031187,-4950.110173895012,2020-08-08T11:19:43Z,45.45533333,7.66473333,1629.00,60.324
1575,1,1570,-1356.829098031187,-4949.110173895012,2020-08-08T11:19:44Z,45.45536667,7.66488333,1628.00,60.318
1576,1,1571,-1355.829098031187,-4948.110173895012,2020-08-08T11:19:45Z,45.45541667,7.66503333,1629.00,60.312
1577,1,1572,-1354.829098031187,-4947.110173895012,2020-08-08T11:19:46Z,45.45548333,7.66516667,1628.00,60.309
1578,1,1573,-1353.829098031187,-4946.110173895012,2020-08-08T11:19:47Z,45.45553333,7.66528333,1628.00,60.306
1579,1,1574,-1352.829098031187,-4945.110173895012,2020-08-08T11:19:48Z,45.45558333,7.66541667,1626.00,60.302
1580,1,1575,-1351.829098031187,-4944.110173895012,2020-08-08T11:19:49Z,45.45563333,7.66553333,1626.00,60.298
1581,1,1576,-1350.829098031187,-4943.110173895012,2020-08-08T11:19:50Z,45.45566667,7.66566667,1626.00,60.293
1582,1,1577,-1349.829098031187,-4942.110173895012,2020-08-08T11:19:51Z,45.45571667,7.66580000,1623.00,60.289
1583,1,1578,-1348.829098031187,-4941.110173895012,2020-08-08T11:19:52Z,45.45576667,7.66595000,1622.00,60.283
1584,1,1579,-1347.829098031187,-4940.110173895012,2020-08-08T11:19:53Z,45.45581667,7.66608333,1621.00,60.279
1585,1,1580,-1346.829098031187,-4939.110173895012,2020-08-08T11:19:54Z,45.45588333,7.66623333,1620.00,60.275
1586,1,1581,-1345.829098031187,-4938.110173895012,2020-08-08T11:19:55Z,45.45593333,7.66636667,1619.00,60.271
1587,1,1582,-1344.829098031187,-4937.110173895012,2020-08-08T11:19:56Z,45.45598333,7.66650000,1619.00,60.267
1588,1,1583,-1343.829098031187,-4936.110173895012,2020-08-08T11:19:57Z,45.45603333,7.66665000,1618.00,60.261
1589,1,1584,-1342.829098031187,-4935.110173895012,2020-08-08T11:19:58Z,45.45608333,7.66678333,1617.00,60.257
1590,1,1585,-1341.829098031187,-4934.110173895012,2020-08-08T11:19:59Z,45.45613333,7.66691667,1616.00,60.253
1591,1,1586,-1340.829098031187,-4933.110173895012,2020-08-08T11:20:00Z,45.45620000,7.66705000,1615.00,60.25
1592,1,1587,-1339.829098031187,-4932.110173895012,2020-08-08T11:20:01Z,45.45625000,7.66716667,1613.00,60.247
1593,1,1588,-1338.829098031187,-4931.110173895012,2020-08-08T11:20:02Z,45.45631667,7.66728333,1612.00,60.245
1594,1,1589,-1337.829098031187,-4930.110173895012,2020-08-08T11:20:03Z,45.45635000,7.66741667,1611.00,60.239
1595,1,1590,-1336.829098031187,-4929.110173895012,2020-08-08T11:20:04Z,45.45640000,7.66755000,1609.00,60.235
1596,1,1591,-1335.829098031187,-4928.110173895012,2020-08-08T11:20:05Z,45.45643333,7.66768333,1607.00,60.23
1597,1,1592,-1334.829098031187,-4927.110173895012,2020-08-08T11:20:06Z,45.45648333,7.66780000,1606.00,60.227
1598,1,1593,-1333.829098031187,-4926.110173895012,2020-08-08T11:20:07Z,45.45651667,7.66793333,1605.00,60.221
1599,1,1594,-1332.829098031187,-4925.110173895012,2020-08-08T11:20:08Z,45.45655000,7.66806667,1603.00,60.216
1600,1,1595,-1331.829098031187,-4924.110173895012,2020-08-08T11:20:09Z,45.45660000,7.66820000,1602.00,60.212
1601,1,1596,-1330.829098031187,-4923.110173895012,2020-08-08T11:20:10Z,45.45665000,7.66831667,1600.00,60.209
1602,1,1597,-1329.829098031187,-4922.110173895012,2020-08-08T11:20:11Z,45.45670000,7.66845000,1598.00,60.205
1603,1,1598,-1328.829098031187,-4921.110173895012,2020-08-08T11:20:12Z,45.45673333,7.66858333,1596.00,60.199
1604,1,1599,-1327.829098031187,-4920.110173895012,2020-08-08T11:20:13Z,45.45678333,7.66871667,1594.00,60.195
1605,1,1600,-1326.829098031187,-4919.110173895012,2020-08-08T11:20:14Z,45.45683333,7.66883333,1592.00,60.192
1606,1,1601,-1325.829098031187,-4918.110173895012,2020-08-08T11:20:15Z,45.45686667,7.66896667,1590.00,60.187
1607,1,1602,-1324.829098031187,-4917.110173895012,2020-08-08T11:20:16Z,45.45691667,7.66910000,1587.00,60.183
1608,1,1603,-1323.829098031187,-4916.110173895012,2020-08-08T11:20:17Z,45.45696667,7.66923333,1583.00,60.179
1609,1,1604,-1322.829098031187,-4915.110173895012,2020-08-08T11:20:18Z,45.45701667,7.66938333,1580.00,60.174
1610,1,1605,-1321.829098031187,-4914.110173895012,2020-08-08T11:20:19Z,45.45706667,7.66953333,1576.00,60.169
1611,1,1606,-1320.829098031187,-4913.110173895012,2020-08-08T11:20:20Z,45.45715000,7.66968333,1574.00,60.166
1612,1,1607,-1319.829098031187,-4912.110173895012,2020-08-08T11:20:21Z,45.45721667,7.66985000,1570.00,60.161
1613,1,1608,-1318.829098031187,-4911.110173895012,2020-08-08T11:20:22Z,45.45730000,7.67000000,1568.00,60.159
1614,1,1609,-1317.829098031187,-4910.110173895012,2020-08-08T11:20:23Z,45.45736667,7.67013333,1567.00,60.156
1615,1,1610,-1316.829098031187,-4909.110173895012,2020-08-08T11:20:24Z,45.45743333,7.67026667,1565.00,60.153
1616,1,1611,-1315.829098031187,-4908.110173895012,2020-08-08T11:20:25Z,45.45748333,7.67040000,1563.00,60.149
1617,1,1612,-1314.829098031187,-4907.110173895012,2020-08-08T11:20:26Z,45.45755000,7.67053333,1560.00,60.147
1618,1,1613,-1313.829098031187,-4906.110173895012,2020-08-08T11:20:27Z,45.45761667,7.67068333,1556.00,60.143
1619,1,1614,-1312.829098031187,-4905.110173895012,2020-08-08T11:20:28Z,45.45768333,7.67085000,1553.00,60.138
1620,1,1615,-1311.829098031187,-4904.110173895012,2020-08-08T11:20:29Z,45.45775000,7.67101667,1551.00,60.134
1621,1,1616,-1310.829098031187,-4903.110173895012,2020-08-08T11:20:30Z,45.45781667,7.67115000,1549.00,60.131
1622,1,1617,-1309.829098031187,-4902.110173895012,2020-08-08T11:20:31Z,45.45788333,7.67128333,1547.00,60.128
1623,1,1618,-1308.829098031187,-4901.110173895012,2020-08-08T11:20:32Z,45.45795000,7.67141667,1547.00,60.126
1624,1,1619,-1307.829098031187,-4900.110173895012,2020-08-08T11:20:33Z,45.45801667,7.67155000,1545.00,60.123
1625,1,1620,-1306.829098031187,-4899.110173895012,2020-08-08T11:20:34Z,45.45806667,7.67170000,1543.00,60.118
1626,1,1621,-1305.829098031187,-4898.110173895012,2020-08-08T11:20:35Z,45.45813333,7.67185000,1540.00,60.114
1627,1,1622,-1304.829098031187,-4897.110173895012,2020-08-08T11:20:36Z,45.45820000,7.67200000,1539.00,60.111
1628,1,1623,-1303.829098031187,-4896.110173895012,2020-08-08T11:20:37Z,45.45825000,7.67215000,1537.00,60.106
1629,1,1624,-1302.829098031187,-4895.110173895012,2020-08-08T11:20:38Z,45.45830000,7.67230000,1538.00,60.101
1630,1,1625,-1301.829098031187,-4894.110173895012,2020-08-08T11:20:39Z,45.45835000,7.67243333,1538.00,60.097
1631,1,1626,-1300.829098031187,-4893.110173895012,2020-08-08T11:20:40Z,45.45838333,7.67256667,1538.00,60.092
1632,1,1627,-1299.829098031187,-4892.110173895012,2020-08-08T11:20:41Z,45.45843333,7.67268333,1538.00,60.089
1633,1,1628,-1298.829098031187,-4891.110173895012,2020-08-08T11:20:42Z,45.45846667,7.67281667,1536.00,60.084
1634,1,1629,-1297.829098031187,-4890.110173895012,2020-08-08T11:20:43Z,45.45851667,7.67298333,1533.00,60.079
1635,1,1630,-1296.829098031187,-4889.110173895012,2020-08-08T11:20:44Z,45.45856667,7.67315000,1530.00,60.073
1636,1,1631,-1295.829098031187,-4888.110173895012,2020-08-08T11:20:45Z,45.45863333,7.67333333,1528.00,60.067
1637,1,1632,-1294.829098031187,-4887.110173895012,2020-08-08T11:20:46Z,45.45868333,7.67350000,1528.00,60.062
1638,1,1633,-1293.829098031187,-4886.110173895012,2020-08-08T11:20:47Z,45.45873333,7.67365000,1529.00,60.057
1639,1,1634,-1292.829098031187,-4885.110173895012,2020-08-08T11:20:48Z,45.45878333,7.67378333,1530.00,60.053
1640,1,1635,-1291.829098031187,-4884.110173895012,2020-08-08T11:20:49Z,45.45881667,7.67393333,1530.00,60.047
1641,1,1636,-1290.829098031187,-4883.110173895012,2020-08-08T11:20:50Z,45.45883333,7.67408333,1530.00,60.04
1642,1,1637,-1289.829098031187,-4882.110173895012,2020-08-08T11:20:51Z,45.45886667,7.67423333,1528.00,60.034
1643,1,1638,-1288.829098031187,-4881.110173895012,2020-08-08T11:20:52Z,45.45891667,7.67440000,1527.00,60.028
1644,1,1639,-1287.829098031187,-4880.110173895012,2020-08-08T11:20:53Z,45.45895000,7.67456667,1526.00,60.022
1645,1,1640,-1286.829098031187,-4879.110173895012,2020-08-08T11:20:54Z,45.45898333,7.67473333,1525.00,60.015
1646,1,1641,-1285.829098031187,-4878.110173895012,2020-08-08T11:20:55Z,45.45900000,7.67491667,1525.00,60.006
1647,1,1642,-1284.829098031187,-4877.110173895012,2020-08-08T11:20:56Z,45.45901667,7.67508333,1524.00,59.997
1648,1,1643,-1283.829098031187,-4876.110173895012,2020-08-08T11:20:57Z,45.45905000,7.67523333,1523.00,59.991
1649,1,1644,-1282.829098031187,-4875.110173895012,2020-08-08T11:20:58Z,45.45908333,7.67540000,1522.00,59.985
1650,1,1645,-1281.829098031187,-4874.110173895012,2020-08-08T11:20:59Z,45.45913333,7.67556667,1521.00,59.979
1651,1,1646,-1280.829098031187,-4873.110173895012,2020-08-08T11:21:00Z,45.45916667,7.67571667,1519.00,59.973
1652,1,1647,-1279.829098031187,-4872.110173895012,2020-08-08T11:21:01Z,45.45920000,7.67590000,1518.00,59.965
1653,1,1648,-1278.829098031187,-4871.110173895012,2020-08-08T11:21:02Z,45.45923333,7.67606667,1517.00,59.959
1654,1,1649,-1277.829098031187,-4870.110173895012,2020-08-08T11:21:03Z,45.45925000,7.67623333,1517.00,59.95
1655,1,1650,-1276.829098031187,-4869.110173895012,2020-08-08T11:21:04Z,45.45928333,7.67640000,1517.00,59.944
1656,1,1651,-1275.829098031187,-4868.110173895012,2020-08-08T11:21:05Z,45.45931667,7.67656667,1515.00,59.937
1657,1,1652,-1274.829098031187,-4867.110173895012,2020-08-08T11:21:06Z,45.45935000,7.67673333,1515.00,59.93
1658,1,1653,-1273.829098031187,-4866.110173895012,2020-08-08T11:21:07Z,45.45938333,7.67688333,1513.00,59.924
1659,1,1654,-1272.829098031187,-4865.110173895012,2020-08-08T11:21:08Z,45.45940000,7.67705000,1513.00,59.916
1660,1,1655,-1271.829098031187,-4864.110173895012,2020-08-08T11:21:09Z,45.45943333,7.67721667,1511.00,59.91
1661,1,1656,-1270.829098031187,-4863.110173895012,2020-08-08T11:21:10Z,45.45946667,7.67740000,1510.00,59.902
1662,1,1657,-1269.829098031187,-4862.110173895012,2020-08-08T11:21:11Z,45.45950000,7.67756667,1509.00,59.895
1663,1,1658,-1268.829098031187,-4861.110173895012,2020-08-08T11:21:12Z,45.45953333,7.67773333,1508.00,59.888
1664,1,1659,-1267.829098031187,-4860.110173895012,2020-08-08T11:21:13Z,45.45955000,7.67790000,1507.00,59.88
1665,1,1660,-1266.829098031187,-4859.110173895012,2020-08-08T11:21:14Z,45.45958333,7.67806667,1506.00,59.874
1666,1,1661,-1265.829098031187,-4858.110173895012,2020-08-08T11:21:15Z,45.45960000,7.67823333,1505.00,59.866
1667,1,1662,-1264.829098031187,-4857.110173895012,2020-08-08T11:21:16Z,45.45963333,7.67840000,1504.00,59.859
1668,1,1663,-1263.829098031187,-4856.110173895012,2020-08-08T11:21:17Z,45.45966667,7.67858333,1503.00,59.851
1669,1,1664,-1262.829098031187,-4855.110173895012,2020-08-08T11:21:18Z,45.45970000,7.67875000,1502.00,59.845
1670,1,1665,-1261.829098031187,-4854.110173895012,2020-08-08T11:21:19Z,45.45971667,7.67890000,1502.00,59.838
1671,1,1666,-1260.829098031187,-4853.110173895012,2020-08-08T11:21:20Z,45.45975000,7.67906667,1501.00,59.831
1672,1,1667,-1259.829098031187,-4852.110173895012,2020-08-08T11:21:21Z,45.45978333,7.67921667,1500.00,59.825
1673,1,1668,-1258.829098031187,-4851.110173895012,2020-08-08T11:21:22Z,45.45981667,7.67938333,1497.00,59.818
1674,1,1669,-1257.829098031187,-4850.110173895012,2020-08-08T11:21:23Z,45.45985000,7.67955000,1496.00,59.812
1675,1,1670,-1256.829098031187,-4849.110173895012,2020-08-08T11:21:24Z,45.45990000,7.67971667,1494.00,59.806
1676,1,1671,-1255.829098031187,-4848.110173895012,2020-08-08T11:21:25Z,45.45993333,7.67988333,1493.00,59.8
1677,1,1672,-1254.829098031187,-4847.110173895012,2020-08-08T11:21:26Z,45.45996667,7.68005000,1491.00,59.793
1678,1,1673,-1253.829098031187,-4846.110173895012,2020-08-08T11:21:27Z,45.46000000,7.68021667,1490.00,59.786
1679,1,1674,-1252.829098031187,-4845.110173895012,2020-08-08T11:21:28Z,45.46003333,7.68038333,1489.00,59.78
1680,1,1675,-1251.829098031187,-4844.110173895012,2020-08-08T11:21:29Z,45.46006667,7.68055000,1488.00,59.773
1681,1,1676,-1250.829098031187,-4843.110173895012,2020-08-08T11:21:30Z,45.46010000,7.68071667,1488.00,59.767
1682,1,1677,-1249.829098031187,-4842.110173895012,2020-08-08T11:21:31Z,45.46013333,7.68088333,1487.00,59.76
1683,1,1678,-1248.829098031187,-4841.110173895012,2020-08-08T11:21:32Z,45.46016667,7.68103333,1487.00,59.754
1684,1,1679,-1247.829098031187,-4840.110173895012,2020-08-08T11:21:33Z,45.46020000,7.68118333,1486.00,59.749
1685,1,1680,-1246.829098031187,-4839.110173895012,2020-08-08T11:21:34Z,45.46023333,7.68133333,1485.00,59.743
1686,1,1681,-1245.829098031187,-4838.110173895012,2020-08-08T11:21:35Z,45.46026667,7.68150000,1483.00,59.737
1687,1,1682,-1244.829098031187,-4837.110173895012,2020-08-08T11:21:36Z,45.46030000,7.68165000,1481.00,59.731
1688,1,1683,-1243.829098031187,-4836.110173895012,2020-08-08T11:21:37Z,45.46033333,7.68180000,1480.00,59.725
1689,1,1684,-1242.829098031187,-4835.110173895012,2020-08-08T11:21:38Z,45.46036667,7.68196667,1479.00,59.719
1690,1,1685,-1241.829098031187,-4834.110173895012,2020-08-08T11:21:39Z,45.46040000,7.68211667,1477.00,59.713
1691,1,1686,-1240.829098031187,-4833.110173895012,2020-08-08T11:21:40Z,45.46043333,7.68226667,1476.00,59.708
1692,1,1687,-1239.829098031187,-4832.110173895012,2020-08-08T11:21:41Z,45.46046667,7.68241667,1474.00,59.702
1693,1,1688,-1238.829098031187,-4831.110173895012,2020-08-08T11:21:42Z,45.46050000,7.68256667,1473.00,59.696
1694,1,1689,-1237.829098031187,-4830.110173895012,2020-08-08T11:21:43Z,45.46053333,7.68271667,1472.00,59.691
1695,1,1690,-1236.829098031187,-4829.110173895012,2020-08-08T11:21:44Z,45.46056667,7.68286667,1470.00,59.685
1696,1,1691,-1235.829098031187,-4828.110173895012,2020-08-08T11:21:45Z,45.46060000,7.68303333,1468.00,59.679
1697,1,1692,-1234.829098031187,-4827.110173895012,2020-08-08T11:21:46Z,45.46063333,7.68318333,1466.00,59.673
1698,1,1693,-1233.829098031187,-4826.110173895012,2020-08-08T11:21:47Z,45.46066667,7.68335000,1465.00,59.667
1699,1,1694,-1232.829098031187,-4825.110173895012,2020-08-08T11:21:48Z,45.46070000,7.68350000,1464.00,59.661
1700,1,1695,-1231.829098031187,-4824.110173895012,2020-08-08T11:21:49Z,45.46075000,7.68365000,1462.00,59.657
1701,1,1696,-1230.829098031187,-4823.110173895012,2020-08-08T11:21:50Z,45.46078333,7.68380000,1461.00,59.652
1702,1,1697,-1229.829098031187,-4822.110173895012,2020-08-08T11:21:51Z,45.46083333,7.68393333,1459.00,59.648
1703,1,1698,-1228.829098031187,-4821.110173895012,2020-08-08T11:21:52Z,45.46086667,7.68408333,1459.00,59.643
1704,1,1699,-1227.829098031187,-4820.110173895012,2020-08-08T11:21:53Z,45.46091667,7.68421667,1457.00,59.64
1705,1,1700,-1226.829098031187,-4819.110173895012,2020-08-08T11:21:54Z,45.46096667,7.68436667,1455.00,59.635
1706,1,1701,-1225.829098031187,-4818.110173895012,2020-08-08T11:21:55Z,45.46100000,7.68451667,1453.00,59.63
1707,1,1702,-1224.829098031187,-4817.110173895012,2020-08-08T11:21:56Z,45.46103333,7.68468333,1451.00,59.624
1708,1,1703,-1223.829098031187,-4816.110173895012,2020-08-08T11:21:57Z,45.46108333,7.68483333,1449.00,59.62
1709,1,1704,-1222.829098031187,-4815.110173895012,2020-08-08T11:21:58Z,45.46113333,7.68498333,1448.00,59.615
1710,1,1705,-1221.829098031187,-4814.110173895012,2020-08-08T11:21:59Z,45.46118333,7.68513333,1446.00,59.611
1711,1,1706,-1220.829098031187,-4813.110173895012,2020-08-08T11:22:00Z,45.46123333,7.68528333,1444.00,59.607
1712,1,1707,-1219.829098031187,-4812.110173895012,2020-08-08T11:22:01Z,45.46128333,7.68543333,1442.00,59.603
1713,1,1708,-1218.829098031187,-4811.110173895012,2020-08-08T11:22:02Z,45.46135000,7.68558333,1441.00,59.6
1714,1,1709,-1217.829098031187,-4810.110173895012,2020-08-08T11:22:03Z,45.46141667,7.68573333,1440.00,59.598
1715,1,1710,-1216.829098031187,-4809.110173895012,2020-08-08T11:22:04Z,45.46148333,7.68588333,1440.00,59.595
1716,1,1711,-1215.829098031187,-4808.110173895012,2020-08-08T11:22:05Z,45.46153333,7.68601667,1439.00,59.592
1717,1,1712,-1214.829098031187,-4807.110173895012,2020-08-08T11:22:06Z,45.46158333,7.68616667,1439.00,59.588
1718,1,1713,-1213.829098031187,-4806.110173895012,2020-08-08T11:22:07Z,45.46165000,7.68630000,1438.00,59.586
1719,1,1714,-1212.829098031187,-4805.110173895012,2020-08-08T11:22:08Z,45.46170000,7.68643333,1438.00,59.583
1720,1,1715,-1211.829098031187,-4804.110173895012,2020-08-08T11:22:09Z,45.46176667,7.68655000,1438.00,59.582
1721,1,1716,-1210.829098031187,-4803.110173895012,2020-08-08T11:22:10Z,45.46181667,7.68670000,1437.00,59.578
1722,1,1717,-1209.829098031187,-4802.110173895012,2020-08-08T11:22:11Z,45.46186667,7.68685000,1436.00,59.574
1723,1,1718,-1208.829098031187,-4801.110173895012,2020-08-08T11:22:12Z,45.46191667,7.68700000,1435.00,59.57
1724,1,1719,-1207.829098031187,-4800.110173895012,2020-08-08T11:22:13Z,45.46196667,7.68713333,1435.00,59.567
1725,1,1720,-1206.829098031187,-4799.110173895012,2020-08-08T11:22:14Z,45.46201667,7.68728333,1434.00,59.563
1726,1,1721,-1205.829098031187,-4798.110173895012,2020-08-08T11:22:15Z,45.46206667,7.68741667,1434.00,59.56
1727,1,1722,-1204.829098031187,-4797.110173895012,2020-08-08T11:22:16Z,45.46211667,7.68755000,1433.00,59.557
1728,1,1723,-1203.829098031187,-4796.110173895012,2020-08-08T11:22:17Z,45.46215000,7.68768333,1432.00,59.553
1729,1,1724,-1202.829098031187,-4795.110173895012,2020-08-08T11:22:18Z,45.46220000,7.68781667,1431.00,59.55
1730,1,1725,-1201.829098031187,-4794.110173895012,2020-08-08T11:22:19Z,45.46225000,7.68795000,1429.00,59.547
1731,1,1726,-1200.829098031187,-4793.110173895012,2020-08-08T11:22:20Z,45.46230000,7.68810000,1428.00,59.543
1732,1,1727,-1199.829098031187,-4792.110173895012,2020-08-08T11:22:21Z,45.46233333,7.68825000,1427.00,59.538
1733,1,1728,-1198.829098031187,-4791.110173895012,2020-08-08T11:22:22Z,45.46238333,7.68840000,1425.00,59.534
1734,1,1729,-1197.829098031187,-4790.110173895012,2020-08-08T11:22:23Z,45.46245000,7.68855000,1426.00,59.531
1735,1,1730,-1196.829098031187,-4789.110173895012,2020-08-08T11:22:24Z,45.46250000,7.68870000,1424.00,59.528
1736,1,1731,-1195.829098031187,-4788.110173895012,2020-08-08T11:22:25Z,45.46255000,7.68883333,1424.00,59.525
1737,1,1732,-1194.829098031187,-4787.110173895012,2020-08-08T11:22:26Z,45.46260000,7.68896667,1424.00,59.522
1738,1,1733,-1193.829098031187,-4786.110173895012,2020-08-08T11:22:27Z,45.46263333,7.68911667,1423.00,59.517
1739,1,1734,-1192.829098031187,-4785.110173895012,2020-08-08T11:22:28Z,45.46268333,7.68926667,1422.00,59.513
1740,1,1735,-1191.829098031187,-4784.110173895012,2020-08-08T11:22:29Z,45.46271667,7.68943333,1421.00,59.507
1741,1,1736,-1190.829098031187,-4783.110173895012,2020-08-08T11:22:30Z,45.46276667,7.68958333,1421.00,59.503
1742,1,1737,-1189.829098031187,-4782.110173895012,2020-08-08T11:22:31Z,45.46281667,7.68975000,1420.00,59.498
1743,1,1738,-1188.829098031187,-4781.110173895012,2020-08-08T11:22:32Z,45.46285000,7.68990000,1419.00,59.493
1744,1,1739,-1187.829098031187,-4780.110173895012,2020-08-08T11:22:33Z,45.46290000,7.69003333,1418.00,59.49
1745,1,1740,-1186.829098031187,-4779.110173895012,2020-08-08T11:22:34Z,45.46293333,7.69018333,1417.00,59.485
1746,1,1741,-1185.829098031187,-4778.110173895012,2020-08-08T11:22:35Z,45.46296667,7.69033333,1416.00,59.48
1747,1,1742,-1184.829098031187,-4777.110173895012,2020-08-08T11:22:36Z,45.46301667,7.69048333,1414.00,59.477
1748,1,1743,-1183.829098031187,-4776.110173895012,2020-08-08T11:22:37Z,45.46305000,7.69065000,1413.00,59.471
1749,1,1744,-1182.829098031187,-4775.110173895012,2020-08-08T11:22:38Z,45.46310000,7.69080000,1411.00,59.467
1750,1,1745,-1181.829098031187,-4774.110173895012,2020-08-08T11:22:39Z,45.46315000,7.69096667,1410.00,59.462
1751,1,1746,-1180.829098031187,-4773.110173895012,2020-08-08T11:22:40Z,45.46320000,7.69113333,1409.00,59.458
1752,1,1747,-1179.829098031187,-4772.110173895012,2020-08-08T11:22:41Z,45.46323333,7.69128333,1409.00,59.453
1753,1,1748,-1178.829098031187,-4771.110173895012,2020-08-08T11:22:42Z,45.46326667,7.69145000,1407.00,59.447
1754,1,1749,-1177.829098031187,-4770.110173895012,2020-08-08T11:22:43Z,45.46328333,7.69160000,1406.00,59.44
1755,1,1750,-1176.829098031187,-4769.110173895012,2020-08-08T11:22:44Z,45.46330000,7.69176667,1403.00,59.433
1756,1,1751,-1175.829098031187,-4768.110173895012,2020-08-08T11:22:45Z,45.46331667,7.69193333,1400.00,59.426
1757,1,1752,-1174.829098031187,-4767.110173895012,2020-08-08T11:22:46Z,45.46335000,7.69210000,1398.00,59.42
1758,1,1753,-1173.829098031187,-4766.110173895012,2020-08-08T11:22:47Z,45.46338333,7.69228333,1396.00,59.413
1759,1,1754,-1172.829098031187,-4765.110173895012,2020-08-08T11:22:48Z,45.46341667,7.69246667,1394.00,59.407
1760,1,1755,-1171.829098031187,-4764.110173895012,2020-08-08T11:22:49Z,45.46345000,7.69263333,1394.00,59.401
1761,1,1756,-1170.829098031187,-4763.110173895012,2020-08-08T11:22:50Z,45.46346667,7.69276667,1395.00,59.395
1762,1,1757,-1169.829098031187,-4762.110173895012,2020-08-08T11:22:51Z,45.46350000,7.69288333,1396.00,59.392
1763,1,1758,-1168.829098031187,-4761.110173895012,2020-08-08T11:22:52Z,45.46355000,7.69300000,1397.00,59.39
1764,1,1759,-1167.829098031187,-4760.110173895012,2020-08-08T11:22:53Z,45.46358333,7.69311667,1397.00,59.387
1765,1,1760,-1166.829098031187,-4759.110173895012,2020-08-08T11:22:54Z,45.46361667,7.69326667,1396.00,59.382
1766,1,1761,-1165.829098031187,-4758.110173895012,2020-08-08T11:22:55Z,45.46361667,7.69341667,1397.00,59.375
1767,1,1762,-1164.829098031187,-4757.110173895012,2020-08-08T11:22:56Z,45.46358333,7.69355000,1397.00,59.365
1768,1,1763,-1163.829098031187,-4756.110173895012,2020-08-08T11:22:57Z,45.46356667,7.69366667,1400.00,59.358
1769,1,1764,-1162.829098031187,-4755.110173895012,2020-08-08T11:22:58Z,45.46353333,7.69376667,1403.00,59.35
1770,1,1765,-1161.829098031187,-4754.110173895012,2020-08-08T11:22:59Z,45.46348333,7.69386667,1405.00,59.34
1771,1,1766,-1160.829098031187,-4753.110173895012,2020-08-08T11:23:00Z,45.46345000,7.69396667,1407.00,59.332
1772,1,1767,-1159.829098031187,-4752.110173895012,2020-08-08T11:23:01Z,45.46341667,7.69408333,1407.00,59.324
1773,1,1768,-1158.829098031187,-4751.110173895012,2020-08-08T11:23:02Z,45.46338333,7.69420000,1410.00,59.315
1774,1,1769,-1157.829098031187,-4750.110173895012,2020-08-08T11:23:03Z,45.46331667,7.69431667,1410.00,59.303
1775,1,1770,-1156.829098031187,-4749.110173895012,2020-08-08T11:23:04Z,45.46325000,7.69440000,1411.00,59.293
1776,1,1771,-1155.829098031187,-4748.110173895012,2020-08-08T11:23:05Z,45.46316667,7.69443333,1413.00,59.285
1777,1,1772,-1154.829098031187,-4747.110173895012,2020-08-08T11:23:06Z,45.46308333,7.69440000,1411.00,59.279
1778,1,1773,-1153.829098031187,-4746.110173895012,2020-08-08T11:23:07Z,45.46303333,7.69430000,1411.00,59.28
1779,1,1774,-1152.829098031187,-4745.110173895012,2020-08-08T11:23:08Z,45.46301667,7.69416667,1411.00,59.286
1780,1,1775,-1151.829098031187,-4744.110173895012,2020-08-08T11:23:09Z,45.46305000,7.69403333,1413.00,59.295
1781,1,1776,-1150.829098031187,-4743.110173895012,2020-08-08T11:23:10Z,45.46311667,7.69395000,1413.00,59.305
1782,1,1777,-1149.829098031187,-4742.110173895012,2020-08-08T11:23:11Z,45.46321667,7.69393333,1414.00,59.315
1783,1,1778,-1148.829098031187,-4741.110173895012,2020-08-08T11:23:12Z,45.46331667,7.69393333,1416.00,59.323
1784,1,1779,-1147.829098031187,-4740.110173895012,2020-08-08T11:23:13Z,45.46340000,7.69396667,1417.00,59.328
1785,1,1780,-1146.829098031187,-4739.110173895012,2020-08-08T11:23:14Z,45.46346667,7.69401667,1420.00,59.331
1786,1,1781,-1145.829098031187,-4738.110173895012,2020-08-08T11:23:15Z,45.46355000,7.69405000,1422.00,59.336
1787,1,1782,-1144.829098031187,-4737.110173895012,2020-08-08T11:23:16Z,45.46363333,7.69408333,1424.00,59.342
1788,1,1783,-1143.829098031187,-4736.110173895012,2020-08-08T11:23:17Z,45.46375000,7.69413333,1425.00,59.349
1789,1,1784,-1142.829098031187,-4735.110173895012,2020-08-08T11:23:18Z,45.46385000,7.69418333,1427.00,59.355
1790,1,1785,-1141.829098031187,-4734.110173895012,2020-08-08T11:23:19Z,45.46395000,7.69423333,1429.00,59.361
1791,1,1786,-1140.829098031187,-4733.110173895012,2020-08-08T11:23:20Z,45.46405000,7.69428333,1433.00,59.367
1792,1,1787,-1139.829098031187,-4732.110173895012,2020-08-08T11:23:21Z,45.46413333,7.69435000,1436.00,59.37
1793,1,1788,-1138.829098031187,-4731.110173895012,2020-08-08T11:23:22Z,45.46418333,7.69443333,1438.00,59.37
1794,1,1789,-1137.829098031187,-4730.110173895012,2020-08-08T11:23:23Z,45.46423333,7.69451667,1440.00,59.37
1795,1,1790,-1136.829098031187,-4729.110173895012,2020-08-08T11:23:24Z,45.46426667,7.69461667,1441.00,59.368
1796,1,1791,-1135.829098031187,-4728.110173895012,2020-08-08T11:23:25Z,45.46430000,7.69473333,1442.00,59.365
1797,1,1792,-1134.829098031187,-4727.110173895012,2020-08-08T11:23:26Z,45.46430000,7.69488333,1444.00,59.357
1798,1,1793,-1133.829098031187,-4726.110173895012,2020-08-08T11:23:27Z,45.46426667,7.69501667,1445.00,59.348
1799,1,1794,-1132.829098031187,-4725.110173895012,2020-08-08T11:23:28Z,45.46420000,7.69513333,1446.00,59.336
1800,1,1795,-1131.829098031187,-4724.110173895012,2020-08-08T11:23:29Z,45.46411667,7.69516667,1448.00,59.327
1801,1,1796,-1130.829098031187,-4723.110173895012,2020-08-08T11:23:30Z,45.46401667,7.69516667,1449.00,59.319
1802,1,1797,-1129.829098031187,-4722.110173895012,2020-08-08T11:23:31Z,45.46393333,7.69511667,1449.00,59.314
1803,1,1798,-1128.829098031187,-4721.110173895012,2020-08-08T11:23:32Z,45.46385000,7.69506667,1451.00,59.31
1804,1,1799,-1127.829098031187,-4720.110173895012,2020-08-08T11:23:33Z,45.46378333,7.69500000,1453.00,59.308
1805,1,1800,-1126.829098031187,-4719.110173895012,2020-08-08T11:23:34Z,45.46375000,7.69491667,1456.00,59.309
1806,1,1801,-1125.829098031187,-4718.110173895012,2020-08-08T11:23:35Z,45.46371667,7.69483333,1457.00,59.31
1807,1,1802,-1124.829098031187,-4717.110173895012,2020-08-08T11:23:36Z,45.46371667,7.69473333,1459.00,59.316
1808,1,1803,-1123.829098031187,-4716.110173895012,2020-08-08T11:23:37Z,45.46373333,7.69461667,1462.00,59.323
1809,1,1804,-1122.829098031187,-4715.110173895012,2020-08-08T11:23:38Z,45.46376667,7.69453333,1465.00,59.33
1810,1,1805,-1121.829098031187,-4714.110173895012,2020-08-08T11:23:39Z,45.46383333,7.69446667,1466.00,59.339
1811,1,1806,-1120.829098031187,-4713.110173895012,2020-08-08T11:23:40Z,45.46391667,7.69445000,1468.00,59.347
1812,1,1807,-1119.829098031187,-4712.110173895012,2020-08-08T11:23:41Z,45.46400000,7.69446667,1469.00,59.353
1813,1,1808,-1118.829098031187,-4711.110173895012,2020-08-08T11:23:42Z,45.46408333,7.69455000,1471.00,59.356
1814,1,1809,-1117.829098031187,-4710.110173895012,2020-08-08T11:23:43Z,45.46413333,7.69466667,1471.00,59.354
1815,1,1810,-1116.829098031187,-4709.110173895012,2020-08-08T11:23:44Z,45.46413333,7.69483333,1472.00,59.346
1816,1,1811,-1115.829098031187,-4708.110173895012,2020-08-08T11:23:45Z,45.46410000,7.69498333,1473.00,59.335
1817,1,1812,-1114.829098031187,-4707.110173895012,2020-08-08T11:23:46Z,45.46403333,7.69511667,1474.00,59.323
1818,1,1813,-1113.829098031187,-4706.110173895012,2020-08-08T11:23:47Z,45.46395000,7.69521667,1476.00,59.311
1819,1,1814,-1112.829098031187,-4705.110173895012,2020-08-08T11:23:48Z,45.46385000,7.69528333,1478.00,59.299
1820,1,1815,-1111.829098031187,-4704.110173895012,2020-08-08T11:23:49Z,45.46376667,7.69531667,1479.00,59.29
1821,1,1816,-1110.829098031187,-4703.110173895012,2020-08-08T11:23:50Z,45.46368333,7.69531667,1481.00,59.283
1822,1,1817,-1109.829098031187,-4702.110173895012,2020-08-08T11:23:51Z,45.46361667,7.69526667,1482.00,59.28
1823,1,1818,-1108.829098031187,-4701.110173895012,2020-08-08T11:23:52Z,45.46356667,7.69520000,1482.00,59.279
1824,1,1819,-1107.829098031187,-4700.110173895012,2020-08-08T11:23:53Z,45.46353333,7.69508333,1484.00,59.282
1825,1,1820,-1106.829098031187,-4699.110173895012,2020-08-08T11:23:54Z,45.46356667,7.69498333,1485.00,59.29
1826,1,1821,-1105.829098031187,-4698.110173895012,2020-08-08T11:23:55Z,45.46361667,7.69491667,1487.00,59.298
1827,1,1822,-1104.829098031187,-4697.110173895012,2020-08-08T11:23:56Z,45.46370000,7.69486667,1489.00,59.307
1828,1,1823,-1103.829098031187,-4696.110173895012,2020-08-08T11:23:57Z,45.46378333,7.69486667,1491.00,59.314
1829,1,1824,-1102.829098031187,-4695.110173895012,2020-08-08T11:23:58Z,45.46388333,7.69490000,1494.00,59.321
1830,1,1825,-1101.829098031187,-4694.110173895012,2020-08-08T11:23:59Z,45.46396667,7.69500000,1496.00,59.323
1831,1,1826,-1100.829098031187,-4693.110173895012,2020-08-08T11:24:00Z,45.46401667,7.69511667,1499.00,59.321
1832,1,1827,-1099.829098031187,-4692.110173895012,2020-08-08T11:24:01Z,45.46403333,7.69526667,1501.00,59.315
1833,1,1828,-1098.829098031187,-4691.110173895012,2020-08-08T11:24:02Z,45.46401667,7.69541667,1504.00,59.306
1834,1,1829,-1097.829098031187,-4690.110173895012,2020-08-08T11:24:03Z,45.46398333,7.69551667,1505.00,59.298
1835,1,1830,-1096.829098031187,-4689.110173895012,2020-08-08T11:24:04Z,45.46391667,7.69560000,1507.00,59.288
1836,1,1831,-1095.829098031187,-4688.110173895012,2020-08-08T11:24:05Z,45.46383333,7.69563333,1507.00,59.28
1837,1,1832,-1094.829098031187,-4687.110173895012,2020-08-08T11:24:06Z,45.46376667,7.69563333,1507.00,59.274
1838,1,1833,-1093.829098031187,-4686.110173895012,2020-08-08T11:24:07Z,45.46370000,7.69558333,1508.00,59.271
1839,1,1834,-1092.829098031187,-4685.110173895012,2020-08-08T11:24:08Z,45.46366667,7.69550000,1509.00,59.272
1840,1,1835,-1091.829098031187,-4684.110173895012,2020-08-08T11:24:09Z,45.46366667,7.69540000,1510.00,59.277
1841,1,1836,-1090.829098031187,-4683.110173895012,2020-08-08T11:24:10Z,45.46368333,7.69528333,1510.00,59.285
1842,1,1837,-1089.829098031187,-4682.110173895012,2020-08-08T11:24:11Z,45.46373333,7.69516667,1513.00,59.295
1843,1,1838,-1088.829098031187,-4681.110173895012,2020-08-08T11:24:12Z,45.46381667,7.69508333,1515.00,59.306
1844,1,1839,-1087.829098031187,-4680.110173895012,2020-08-08T11:24:13Z,45.46390000,7.69506667,1517.00,59.314
1845,1,1840,-1086.829098031187,-4679.110173895012,2020-08-08T11:24:14Z,45.46400000,7.69511667,1519.00,59.32
1846,1,1841,-1085.829098031187,-4678.110173895012,2020-08-08T11:24:15Z,45.46408333,7.69523333,1520.00,59.321
1847,1,1842,-1084.829098031187,-4677.110173895012,2020-08-08T11:24:16Z,45.46413333,7.69536667,1521.00,59.319
1848,1,1843,-1083.829098031187,-4676.110173895012,2020-08-08T11:24:17Z,45.46415000,7.69550000,1523.00,59.313
1849,1,1844,-1082.829098031187,-4675.110173895012,2020-08-08T11:24:18Z,45.46415000,7.69561667,1526.00,59.307
1850,1,1845,-1081.829098031187,-4674.110173895012,2020-08-08T11:24:19Z,45.46411667,7.69571667,1528.00,59.299
1851,1,1846,-1080.829098031187,-4673.110173895012,2020-08-08T11:24:20Z,45.46408333,7.69580000,1529.00,59.292
1852,1,1847,-1079.829098031187,-4672.110173895012,2020-08-08T11:24:21Z,45.46401667,7.69586667,1530.00,59.283
1853,1,1848,-1078.829098031187,-4671.110173895012,2020-08-08T11:24:22Z,45.46393333,7.69588333,1531.00,59.275
1854,1,1849,-1077.829098031187,-4670.110173895012,2020-08-08T11:24:23Z,45.46386667,7.69586667,1531.00,59.271
1855,1,1850,-1076.829098031187,-4669.110173895012,2020-08-08T11:24:24Z,45.46380000,7.69580000,1533.00,59.268
1856,1,1851,-1075.829098031187,-4668.110173895012,2020-08-08T11:24:25Z,45.46376667,7.69571667,1534.00,59.27
1857,1,1852,-1074.829098031187,-4667.110173895012,2020-08-08T11:24:26Z,45.46373333,7.69563333,1536.00,59.271
1858,1,1853,-1073.829098031187,-4666.110173895012,2020-08-08T11:24:27Z,45.46373333,7.69555000,1538.00,59.275
1859,1,1854,-1072.829098031187,-4665.110173895012,2020-08-08T11:24:28Z,45.46373333,7.69548333,1540.00,59.279
1860,1,1855,-1071.829098031187,-4664.110173895012,2020-08-08T11:24:29Z,45.46376667,7.69540000,1541.00,59.286
1861,1,1856,-1070.829098031187,-4663.110173895012,2020-08-08T11:24:30Z,45.46381667,7.69531667,1543.00,59.294
1862,1,1857,-1069.829098031187,-4662.110173895012,2020-08-08T11:24:31Z,45.46388333,7.69525000,1544.00,59.303
1863,1,1858,-1068.829098031187,-4661.110173895012,2020-08-08T11:24:32Z,45.46396667,7.69521667,1547.00,59.312
1864,1,1859,-1067.829098031187,-4660.110173895012,2020-08-08T11:24:33Z,45.46405000,7.69523333,1549.00,59.318
1865,1,1860,-1066.829098031187,-4659.110173895012,2020-08-08T11:24:34Z,45.46413333,7.69528333,1551.00,59.323
1866,1,1861,-1065.829098031187,-4658.110173895012,2020-08-08T11:24:35Z,45.46420000,7.69538333,1553.00,59.323
1867,1,1862,-1064.829098031187,-4657.110173895012,2020-08-08T11:24:36Z,45.46423333,7.69551667,1555.00,59.319
1868,1,1863,-1063.829098031187,-4656.110173895012,2020-08-08T11:24:37Z,45.46423333,7.69565000,1555.00,59.313
1869,1,1864,-1062.829098031187,-4655.110173895012,2020-08-08T11:24:38Z,45.46420000,7.69576667,1557.00,59.304
1870,1,1865,-1061.829098031187,-4654.110173895012,2020-08-08T11:24:39Z,45.46413333,7.69586667,1559.00,59.293
1871,1,1866,-1060.829098031187,-4653.110173895012,2020-08-08T11:24:40Z,45.46405000,7.69595000,1560.00,59.282
1872,1,1867,-1059.829098031187,-4652.110173895012,2020-08-08T11:24:41Z,45.46398333,7.69598333,1563.00,59.275
1873,1,1868,-1058.829098031187,-4651.110173895012,2020-08-08T11:24:42Z,45.46391667,7.69600000,1565.00,59.268
1874,1,1869,-1057.829098031187,-4650.110173895012,2020-08-08T11:24:43Z,45.46385000,7.69600000,1566.00,59.263
1875,1,1870,-1056.829098031187,-4649.110173895012,2020-08-08T11:24:44Z,45.46376667,7.69598333,1568.00,59.256
1876,1,1871,-1055.829098031187,-4648.110173895012,2020-08-08T11:24:45Z,45.46370000,7.69595000,1569.00,59.252
1877,1,1872,-1054.829098031187,-4647.110173895012,2020-08-08T11:24:46Z,45.46366667,7.69586667,1571.00,59.254
1878,1,1873,-1053.829098031187,-4646.110173895012,2020-08-08T11:24:47Z,45.46366667,7.69578333,1573.00,59.258
1879,1,1874,-1052.829098031187,-4645.110173895012,2020-08-08T11:24:48Z,45.46370000,7.69568333,1572.00,59.266
1880,1,1875,-1051.829098031187,-4644.110173895012,2020-08-08T11:24:49Z,45.46373333,7.69558333,1572.00,59.274
1881,1,1876,-1050.829098031187,-4643.110173895012,2020-08-08T11:24:50Z,45.46375000,7.69548333,1573.00,59.28
1882,1,1877,-1049.829098031187,-4642.110173895012,2020-08-08T11:24:51Z,45.46376667,7.69538333,1574.00,59.287
1883,1,1878,-1048.829098031187,-4641.110173895012,2020-08-08T11:24:52Z,45.46380000,7.69528333,1576.00,59.295
1884,1,1879,-1047.829098031187,-4640.110173895012,2020-08-08T11:24:53Z,45.46383333,7.69520000,1578.00,59.302
1885,1,1880,-1046.829098031187,-4639.110173895012,2020-08-08T11:24:54Z,45.46390000,7.69515000,1581.00,59.31
1886,1,1881,-1045.829098031187,-4638.110173895012,2020-08-08T11:24:55Z,45.46398333,7.69510000,1582.00,59.319
1887,1,1882,-1044.829098031187,-4637.110173895012,2020-08-08T11:24:56Z,45.46406667,7.69506667,1583.00,59.328
1888,1,1883,-1043.829098031187,-4636.110173895012,2020-08-08T11:24:57Z,45.46418333,7.69506667,1583.00,59.338
1889,1,1884,-1042.829098031187,-4635.110173895012,2020-08-08T11:24:58Z,45.46428333,7.69511667,1584.00,59.344
1890,1,1885,-1041.829098031187,-4634.110173895012,2020-08-08T11:24:59Z,45.46436667,7.69523333,1584.00,59.345
1891,1,1886,-1040.829098031187,-4633.110173895012,2020-08-08T11:25:00Z,45.46443333,7.69536667,1585.00,59.344
1892,1,1887,-1039.829098031187,-4632.110173895012,2020-08-08T11:25:01Z,45.46445000,7.69551667,1586.00,59.338
1893,1,1888,-1038.829098031187,-4631.110173895012,2020-08-08T11:25:02Z,45.46445000,7.69566667,1588.00,59.33
1894,1,1889,-1037.829098031187,-4630.110173895012,2020-08-08T11:25:03Z,45.46441667,7.69580000,1588.00,59.321
1895,1,1890,-1036.829098031187,-4629.110173895012,2020-08-08T11:25:04Z,45.46436667,7.69591667,1588.00,59.31
1896,1,1891,-1035.829098031187,-4628.110173895012,2020-08-08T11:25:05Z,45.46428333,7.69603333,1588.00,59.298
1897,1,1892,-1034.829098031187,-4627.110173895012,2020-08-08T11:25:06Z,45.46420000,7.69613333,1589.00,59.285
1898,1,1893,-1033.829098031187,-4626.110173895012,2020-08-08T11:25:07Z,45.46411667,7.69620000,1590.00,59.275
1899,1,1894,-1032.829098031187,-4625.110173895012,2020-08-08T11:25:08Z,45.46403333,7.69626667,1591.00,59.265
1900,1,1895,-1031.829098031187,-4624.110173895012,2020-08-08T11:25:09Z,45.46396667,7.69630000,1593.00,59.257
1901,1,1896,-1030.829098031187,-4623.110173895012,2020-08-08T11:25:10Z,45.46388333,7.69631667,1594.00,59.249
1902,1,1897,-1029.829098031187,-4622.110173895012,2020-08-08T11:25:11Z,45.46381667,7.69631667,1595.00,59.244
1903,1,1898,-1028.829098031187,-4621.110173895012,2020-08-08T11:25:12Z,45.46373333,7.69630000,1595.00,59.237
1904,1,1899,-1027.829098031187,-4620.110173895012,2020-08-08T11:25:13Z,45.46368333,7.69625000,1596.00,59.236
1905,1,1900,-1026.829098031187,-4619.110173895012,2020-08-08T11:25:14Z,45.46365000,7.69616667,1598.00,59.237
1906,1,1901,-1025.829098031187,-4618.110173895012,2020-08-08T11:25:15Z,45.46363333,7.69606667,1598.00,59.241
1907,1,1902,-1024.829098031187,-4617.110173895012,2020-08-08T11:25:16Z,45.46366667,7.69596667,1600.00,59.249
1908,1,1903,-1023.829098031187,-4616.110173895012,2020-08-08T11:25:17Z,45.46371667,7.69590000,1601.00,59.256
1909,1,1904,-1022.829098031187,-4615.110173895012,2020-08-08T11:25:18Z,45.46378333,7.69585000,1601.00,59.264
1910,1,1905,-1021.829098031187,-4614.110173895012,2020-08-08T11:25:19Z,45.46388333,7.69585000,1602.00,59.273
1911,1,1906,-1020.829098031187,-4613.110173895012,2020-08-08T11:25:20Z,45.46396667,7.69586667,1604.00,59.279
1912,1,1907,-1019.829098031187,-4612.110173895012,2020-08-08T11:25:21Z,45.46405000,7.69593333,1605.00,59.283
1913,1,1908,-1018.829098031187,-4611.110173895012,2020-08-08T11:25:22Z,45.46411667,7.69601667,1608.00,59.284
1914,1,1909,-1017.829098031187,-4610.110173895012,2020-08-08T11:25:23Z,45.46416667,7.69611667,1610.00,59.283
1915,1,1910,-1016.829098031187,-4609.110173895012,2020-08-08T11:25:24Z,45.46420000,7.69623333,1611.00,59.28
1916,1,1911,-1015.829098031187,-4608.110173895012,2020-08-08T11:25:25Z,45.46420000,7.69635000,1610.00,59.274
1917,1,1912,-1014.829098031187,-4607.110173895012,2020-08-08T11:25:26Z,45.46420000,7.69650000,1609.00,59.267
1918,1,1913,-1013.829098031187,-4606.110173895012,2020-08-08T11:25:27Z,45.46416667,7.69665000,1608.00,59.257
1919,1,1914,-1012.829098031187,-4605.110173895012,2020-08-08T11:25:28Z,45.46410000,7.69681667,1608.00,59.242
1920,1,1915,-1011.829098031187,-4604.110173895012,2020-08-08T11:25:29Z,45.46401667,7.69695000,1608.00,59.229
1921,1,1916,-1010.829098031187,-4603.110173895012,2020-08-08T11:25:30Z,45.46393333,7.69701667,1610.00,59.218
1922,1,1917,-1009.829098031187,-4602.110173895012,2020-08-08T11:25:31Z,45.46383333,7.69705000,1611.00,59.208
1923,1,1918,-1008.829098031187,-4601.110173895012,2020-08-08T11:25:32Z,45.46376667,7.69701667,1611.00,59.204
1924,1,1919,-1007.829098031187,-4600.110173895012,2020-08-08T11:25:33Z,45.46368333,7.69695000,1610.00,59.2
1925,1,1920,-1006.829098031187,-4599.110173895012,2020-08-08T11:25:34Z,45.46363333,7.69685000,1611.00,59.201
1926,1,1921,-1005.829098031187,-4598.110173895012,2020-08-08T11:25:35Z,45.46360000,7.69671667,1612.00,59.205
1927,1,1922,-1004.829098031187,-4597.110173895012,2020-08-08T11:25:36Z,45.46361667,7.69661667,1612.00,59.212
1928,1,1923,-1003.829098031187,-4596.110173895012,2020-08-08T11:25:37Z,45.46363333,7.69653333,1614.00,59.217
1929,1,1924,-1002.829098031187,-4595.110173895012,2020-08-08T11:25:38Z,45.46368333,7.69646667,1615.00,59.225
1930,1,1925,-1001.829098031187,-4594.110173895012,2020-08-08T11:25:39Z,45.46373333,7.69640000,1616.00,59.232
1931,1,1926,-1000.829098031187,-4593.110173895012,2020-08-08T11:25:40Z,45.46380000,7.69633333,1615.00,59.241
1932,1,1927,-999.829098031187,-4592.110173895012,2020-08-08T11:25:41Z,45.46388333,7.69628333,1616.00,59.251
1933,1,1928,-998.829098031187,-4591.110173895012,2020-08-08T11:25:42Z,45.46396667,7.69625000,1616.00,59.26
1934,1,1929,-997.829098031187,-4590.110173895012,2020-08-08T11:25:43Z,45.46405000,7.69621667,1617.00,59.268
1935,1,1930,-996.829098031187,-4589.110173895012,2020-08-08T11:25:44Z,45.46413333,7.69623333,1617.00,59.275
1936,1,1931,-995.829098031187,-4588.110173895012,2020-08-08T11:25:45Z,45.46421667,7.69630000,1618.00,59.278
1937,1,1932,-994.829098031187,-4587.110173895012,2020-08-08T11:25:46Z,45.46428333,7.69640000,1619.00,59.279
1938,1,1933,-993.829098031187,-4586.110173895012,2020-08-08T11:25:47Z,45.46433333,7.69651667,1619.00,59.277
1939,1,1934,-992.829098031187,-4585.110173895012,2020-08-08T11:25:48Z,45.46435000,7.69666667,1619.00,59.271
1940,1,1935,-991.829098031187,-4584.110173895012,2020-08-08T11:25:49Z,45.46433333,7.69681667,1618.00,59.262
1941,1,1936,-990.829098031187,-4583.110173895012,2020-08-08T11:25:50Z,45.46428333,7.69696667,1616.00,59.251
1942,1,1937,-989.829098031187,-4582.110173895012,2020-08-08T11:25:51Z,45.46423333,7.69710000,1616.00,59.24
1943,1,1938,-988.829098031187,-4581.110173895012,2020-08-08T11:25:52Z,45.46415000,7.69720000,1616.00,59.227
1944,1,1939,-987.829098031187,-4580.110173895012,2020-08-08T11:25:53Z,45.46406667,7.69726667,1615.00,59.217
1945,1,1940,-986.829098031187,-4579.110173895012,2020-08-08T11:25:54Z,45.46398333,7.69728333,1615.00,59.209
1946,1,1941,-985.829098031187,-4578.110173895012,2020-08-08T11:25:55Z,45.46388333,7.69725000,1615.00,59.202
1947,1,1942,-984.829098031187,-4577.110173895012,2020-08-08T11:25:56Z,45.46381667,7.69718333,1615.00,59.2
1948,1,1943,-983.829098031187,-4576.110173895012,2020-08-08T11:25:57Z,45.46380000,7.69706667,1614.00,59.204
1949,1,1944,-982.829098031187,-4575.110173895012,2020-08-08T11:25:58Z,45.46378333,7.69696667,1615.00,59.208
1950,1,1945,-981.829098031187,-4574.110173895012,2020-08-08T11:25:59Z,45.46380000,7.69685000,1614.00,59.215
1951,1,1946,-980.829098031187,-4573.110173895012,2020-08-08T11:26:00Z,45.46381667,7.69673333,1613.00,59.223
1952,1,1947,-979.829098031187,-4572.110173895012,2020-08-08T11:26:01Z,45.46383333,7.69663333,1612.00,59.229
1953,1,1948,-978.829098031187,-4571.110173895012,2020-08-08T11:26:02Z,45.46388333,7.69651667,1611.00,59.239
1954,1,1949,-977.829098031187,-4570.110173895012,2020-08-08T11:26:03Z,45.46393333,7.69640000,1610.00,59.249
1955,1,1950,-976.829098031187,-4569.110173895012,2020-08-08T11:26:04Z,45.46398333,7.69630000,1610.00,59.259
1956,1,1951,-975.829098031187,-4568.110173895012,2020-08-08T11:26:05Z,45.46403333,7.69620000,1609.00,59.268
1957,1,1952,-974.829098031187,-4567.110173895012,2020-08-08T11:26:06Z,45.46408333,7.69610000,1609.00,59.277
1958,1,1953,-973.829098031187,-4566.110173895012,2020-08-08T11:26:07Z,45.46413333,7.69600000,1608.00,59.286
1959,1,1954,-972.829098031187,-4565.110173895012,2020-08-08T11:26:08Z,45.46418333,7.69591667,1609.00,59.295
1960,1,1955,-971.829098031187,-4564.110173895012,2020-08-08T11:26:09Z,45.46423333,7.69583333,1608.00,59.303
1961,1,1956,-970.829098031187,-4563.110173895012,2020-08-08T11:26:10Z,45.46428333,7.69573333,1607.00,59.313
1962,1,1957,-969.829098031187,-4562.110173895012,2020-08-08T11:26:11Z,45.46431667,7.69563333,1607.00,59.321
1963,1,1958,-968.829098031187,-4561.110173895012,2020-08-08T11:26:12Z,45.46436667,7.69553333,1607.00,59.33
1964,1,1959,-967.829098031187,-4560.110173895012,2020-08-08T11:26:13Z,45.46441667,7.69543333,1608.00,59.339
1965,1,1960,-966.829098031187,-4559.110173895012,2020-08-08T11:26:14Z,45.46446667,7.69535000,1608.00,59.348
1966,1,1961,-965.829098031187,-4558.110173895012,2020-08-08T11:26:15Z,45.46453333,7.69526667,1607.00,59.357
1967,1,1962,-964.829098031187,-4557.110173895012,2020-08-08T11:26:16Z,45.46461667,7.69518333,1606.00,59.369
1968,1,1963,-963.829098031187,-4556.110173895012,2020-08-08T11:26:17Z,45.46468333,7.69510000,1606.00,59.379
1969,1,1964,-962.829098031187,-4555.110173895012,2020-08-08T11:26:18Z,45.46476667,7.69501667,1606.00,59.39
1970,1,1965,-961.829098031187,-4554.110173895012,2020-08-08T11:26:19Z,45.46485000,7.69496667,1606.00,59.399
1971,1,1966,-960.829098031187,-4553.110173895012,2020-08-08T11:26:20Z,45.46493333,7.69491667,1606.00,59.409
1972,1,1967,-959.829098031187,-4552.110173895012,2020-08-08T11:26:21Z,45.46503333,7.69488333,1606.00,59.419
1973,1,1968,-958.829098031187,-4551.110173895012,2020-08-08T11:26:22Z,45.46513333,7.69485000,1607.00,59.429
1974,1,1969,-957.829098031187,-4550.110173895012,2020-08-08T11:26:23Z,45.46521667,7.69481667,1608.00,59.438
1975,1,1970,-956.829098031187,-4549.110173895012,2020-08-08T11:26:24Z,45.46530000,7.69481667,1610.00,59.445
1976,1,1971,-955.829098031187,-4548.110173895012,2020-08-08T11:26:25Z,45.46536667,7.69481667,1612.00,59.451
1977,1,1972,-954.829098031187,-4547.110173895012,2020-08-08T11:26:26Z,45.46545000,7.69483333,1612.00,59.457
1978,1,1973,-953.829098031187,-4546.110173895012,2020-08-08T11:26:27Z,45.46553333,7.69486667,1612.00,59.462
1979,1,1974,-952.829098031187,-4545.110173895012,2020-08-08T11:26:28Z,45.46560000,7.69495000,1612.00,59.464
1980,1,1975,-951.829098031187,-4544.110173895012,2020-08-08T11:26:29Z,45.46566667,7.69506667,1612.00,59.464
1981,1,1976,-950.829098031187,-4543.110173895012,2020-08-08T11:26:30Z,45.46573333,7.69520000,1613.00,59.463
1982,1,1977,-949.829098031187,-4542.110173895012,2020-08-08T11:26:31Z,45.46576667,7.69533333,1614.00,59.459
1983,1,1978,-948.829098031187,-4541.110173895012,2020-08-08T11:26:32Z,45.46578333,7.69545000,1614.00,59.454
1984,1,1979,-947.829098031187,-4540.110173895012,2020-08-08T11:26:33Z,45.46581667,7.69556667,1616.00,59.451
1985,1,1980,-946.829098031187,-4539.110173895012,2020-08-08T11:26:34Z,45.46585000,7.69570000,1616.00,59.447
1986,1,1981,-945.829098031187,-4538.110173895012,2020-08-08T11:26:35Z,45.46588333,7.69583333,1615.00,59.444
1987,1,1982,-944.829098031187,-4537.110173895012,2020-08-08T11:26:36Z,45.46593333,7.69596667,1615.00,59.441
1988,1,1983,-943.829098031187,-4536.110173895012,2020-08-08T11:26:37Z,45.46596667,7.69610000,1615.00,59.437
1989,1,1984,-942.829098031187,-4535.110173895012,2020-08-08T11:26:38Z,45.46600000,7.69623333,1615.00,59.434
1990,1,1985,-941.829098031187,-4534.110173895012,2020-08-08T11:26:39Z,45.46600000,7.69636667,1616.00,59.427
1991,1,1986,-940.829098031187,-4533.110173895012,2020-08-08T11:26:40Z,45.46598333,7.69651667,1614.00,59.418
1992,1,1987,-939.829098031187,-4532.110173895012,2020-08-08T11:26:41Z,45.46591667,7.69665000,1613.00,59.406
1993,1,1988,-938.829098031187,-4531.110173895012,2020-08-08T11:26:42Z,45.46581667,7.69675000,1611.00,59.392
1994,1,1989,-937.829098031187,-4530.110173895012,2020-08-08T11:26:43Z,45.46571667,7.69681667,1609.00,59.38
1995,1,1990,-936.829098031187,-4529.110173895012,2020-08-08T11:26:44Z,45.46561667,7.69683333,1609.00,59.371
1996,1,1991,-935.829098031187,-4528.110173895012,2020-08-08T11:26:45Z,45.46550000,7.69683333,1610.00,59.361
1997,1,1992,-934.829098031187,-4527.110173895012,2020-08-08T11:26:46Z,45.46541667,7.69680000,1613.00,59.355
1998,1,1993,-933.829098031187,-4526.110173895012,2020-08-08T11:26:47Z,45.46535000,7.69676667,1614.00,59.351
1999,1,1994,-932.829098031187,-4525.110173895012,2020-08-08T11:26:48Z,45.46530000,7.69673333,1615.00,59.349
2000,1,1995,-931.829098031187,-4524.110173895012,2020-08-08T11:26:49Z,45.46523333,7.69670000,1616.00,59.345
2001,1,1996,-930.829098031187,-4523.110173895012,2020-08-08T11:26:50Z,45.46518333,7.69663333,1616.00,59.344
2002,1,1997,-929.829098031187,-4522.110173895012,2020-08-08T11:26:51Z,45.46513333,7.69656667,1616.00,59.343
2003,1,1998,-928.829098031187,-4521.110173895012,2020-08-08T11:26:52Z,45.46510000,7.69650000,1616.00,59.343
2004,1,1999,-927.829098031187,-4520.110173895012,2020-08-08T11:26:53Z,45.46506667,7.69641667,1615.00,59.345
2005,1,2000,-926.829098031187,-4519.110173895012,2020-08-08T11:26:54Z,45.46506667,7.69633333,1615.00,59.349
2006,1,2001,-925.829098031187,-4518.110173895012,2020-08-08T11:26:55Z,45.46505000,7.69625000,1614.00,59.352
2007,1,2002,-924.829098031187,-4517.110173895012,2020-08-08T11:26:56Z,45.46503333,7.69616667,1612.00,59.354
2008,1,2003,-923.829098031187,-4516.110173895012,2020-08-08T11:26:57Z,45.46500000,7.69608333,1612.00,59.356
2009,1,2004,-922.829098031187,-4515.110173895012,2020-08-08T11:26:58Z,45.46500000,7.69596667,1609.00,59.362
2010,1,2005,-921.829098031187,-4514.110173895012,2020-08-08T11:26:59Z,45.46503333,7.69583333,1608.00,59.371
2011,1,2006,-920.829098031187,-4513.110173895012,2020-08-08T11:27:00Z,45.46508333,7.69571667,1608.00,59.381
2012,1,2007,-919.829098031187,-4512.110173895012,2020-08-08T11:27:01Z,45.46513333,7.69563333,1609.00,59.39
2013,1,2008,-918.829098031187,-4511.110173895012,2020-08-08T11:27:02Z,45.46520000,7.69558333,1609.00,59.398
2014,1,2009,-917.829098031187,-4510.110173895012,2020-08-08T11:27:03Z,45.46526667,7.69558333,1609.00,59.404
2015,1,2010,-916.829098031187,-4509.110173895012,2020-08-08T11:27:04Z,45.46535000,7.69558333,1609.00,59.411
2016,1,2011,-915.829098031187,-4508.110173895012,2020-08-08T11:27:05Z,45.46543333,7.69560000,1608.00,59.417
2017,1,2012,-914.829098031187,-4507.110173895012,2020-08-08T11:27:06Z,45.46553333,7.69565000,1609.00,59.423
2018,1,2013,-913.829098031187,-4506.110173895012,2020-08-08T11:27:07Z,45.46563333,7.69571667,1609.00,59.428
2019,1,2014,-912.829098031187,-4505.110173895012,2020-08-08T11:27:08Z,45.46571667,7.69583333,1609.00,59.429
2020,1,2015,-911.829098031187,-4504.110173895012,2020-08-08T11:27:09Z,45.46576667,7.69595000,1610.00,59.428
2021,1,2016,-910.829098031187,-4503.110173895012,2020-08-08T11:27:10Z,45.46580000,7.69608333,1611.00,59.424
2022,1,2017,-909.829098031187,-4502.110173895012,2020-08-08T11:27:11Z,45.46583333,7.69623333,1611.00,59.419
2023,1,2018,-908.829098031187,-4501.110173895012,2020-08-08T11:27:12Z,45.46585000,7.69640000,1612.00,59.412
2024,1,2019,-907.829098031187,-4500.110173895012,2020-08-08T11:27:13Z,45.46585000,7.69656667,1612.00,59.404
2025,1,2020,-906.829098031187,-4499.110173895012,2020-08-08T11:27:14Z,45.46583333,7.69673333,1613.00,59.394
2026,1,2021,-905.829098031187,-4498.110173895012,2020-08-08T11:27:15Z,45.46581667,7.69688333,1614.00,59.386
2027,1,2022,-904.829098031187,-4497.110173895012,2020-08-08T11:27:16Z,45.46578333,7.69703333,1615.00,59.375
2028,1,2023,-903.829098031187,-4496.110173895012,2020-08-08T11:27:17Z,45.46575000,7.69715000,1616.00,59.367
2029,1,2024,-902.829098031187,-4495.110173895012,2020-08-08T11:27:18Z,45.46571667,7.69726667,1616.00,59.358
2030,1,2025,-901.829098031187,-4494.110173895012,2020-08-08T11:27:19Z,45.46566667,7.69736667,1616.00,59.349
2031,1,2026,-900.829098031187,-4493.110173895012,2020-08-08T11:27:20Z,45.46561667,7.69746667,1616.00,59.339
2032,1,2027,-899.829098031187,-4492.110173895012,2020-08-08T11:27:21Z,45.46556667,7.69753333,1616.00,59.332
2033,1,2028,-898.829098031187,-4491.110173895012,2020-08-08T11:27:22Z,45.46550000,7.69760000,1616.00,59.323
2034,1,2029,-897.829098031187,-4490.110173895012,2020-08-08T11:27:23Z,45.46543333,7.69766667,1615.00,59.314
2035,1,2030,-896.829098031187,-4489.110173895012,2020-08-08T11:27:24Z,45.46535000,7.69773333,1616.00,59.303
2036,1,2031,-895.829098031187,-4488.110173895012,2020-08-08T11:27:25Z,45.46528333,7.69778333,1614.00,59.295
2037,1,2032,-894.829098031187,-4487.110173895012,2020-08-08T11:27:26Z,45.46521667,7.69783333,1614.00,59.287
2038,1,2033,-893.829098031187,-4486.110173895012,2020-08-08T11:27:27Z,45.46513333,7.69788333,1614.00,59.277
2039,1,2034,-892.829098031187,-4485.110173895012,2020-08-08T11:27:28Z,45.46505000,7.69788333,1614.00,59.27
2040,1,2035,-891.829098031187,-4484.110173895012,2020-08-08T11:27:29Z,45.46495000,7.69788333,1615.00,59.262
2041,1,2036,-890.829098031187,-4483.110173895012,2020-08-08T11:27:30Z,45.46488333,7.69786667,1616.00,59.257
2042,1,2037,-889.829098031187,-4482.110173895012,2020-08-08T11:27:31Z,45.46483333,7.69783333,1617.00,59.254
2043,1,2038,-888.829098031187,-4481.110173895012,2020-08-08T11:27:32Z,45.46476667,7.69778333,1618.00,59.251
2044,1,2039,-887.829098031187,-4480.110173895012,2020-08-08T11:27:33Z,45.46471667,7.69773333,1618.00,59.249
2045,1,2040,-886.829098031187,-4479.110173895012,2020-08-08T11:27:34Z,45.46465000,7.69768333,1619.00,59.246
2046,1,2041,-885.829098031187,-4478.110173895012,2020-08-08T11:27:35Z,45.46458333,7.69761667,1620.00,59.244
2047,1,2042,-884.829098031187,-4477.110173895012,2020-08-08T11:27:36Z,45.46453333,7.69755000,1621.00,59.243
2048,1,2043,-883.829098031187,-4476.110173895012,2020-08-08T11:27:37Z,45.46448333,7.69750000,1622.00,59.241
2049,1,2044,-882.829098031187,-4475.110173895012,2020-08-08T11:27:38Z,45.46445000,7.69743333,1624.00,59.241
2050,1,2045,-881.829098031187,-4474.110173895012,2020-08-08T11:27:39Z,45.46441667,7.69736667,1625.00,59.242
2051,1,2046,-880.829098031187,-4473.110173895012,2020-08-08T11:27:40Z,45.46438333,7.69731667,1626.00,59.241
2052,1,2047,-879.829098031187,-4472.110173895012,2020-08-08T11:27:41Z,45.46433333,7.69725000,1627.00,59.241
2053,1,2048,-878.829098031187,-4471.110173895012,2020-08-08T11:27:42Z,45.46426667,7.69720000,1628.00,59.237
2054,1,2049,-877.829098031187,-4470.110173895012,2020-08-08T11:27:43Z,45.46421667,7.69711667,1630.00,59.237
2055,1,2050,-876.829098031187,-4469.110173895012,2020-08-08T11:27:44Z,45.46418333,7.69703333,1631.00,59.239
2056,1,2051,-875.829098031187,-4468.110173895012,2020-08-08T11:27:45Z,45.46416667,7.69695000,1633.00,59.241
2057,1,2052,-874.829098031187,-4467.110173895012,2020-08-08T11:27:46Z,45.46420000,7.69688333,1634.00,59.248
2058,1,2053,-873.829098031187,-4466.110173895012,2020-08-08T11:27:47Z,45.46423333,7.69680000,1636.00,59.255
2059,1,2054,-872.829098031187,-4465.110173895012,2020-08-08T11:27:48Z,45.46430000,7.69673333,1637.00,59.264
2060,1,2055,-871.829098031187,-4464.110173895012,2020-08-08T11:27:49Z,45.46438333,7.69668333,1639.00,59.273
2061,1,2056,-870.829098031187,-4463.110173895012,2020-08-08T11:27:50Z,45.46446667,7.69666667,1640.00,59.281
2062,1,2057,-869.829098031187,-4462.110173895012,2020-08-08T11:27:51Z,45.46456667,7.69666667,1640.00,59.29
2063,1,2058,-868.829098031187,-4461.110173895012,2020-08-08T11:27:52Z,45.46466667,7.69671667,1641.00,59.296
2064,1,2059,-867.829098031187,-4460.110173895012,2020-08-08T11:27:53Z,45.46475000,7.69681667,1642.00,59.298
2065,1,2060,-866.829098031187,-4459.110173895012,2020-08-08T11:27:54Z,45.46481667,7.69693333,1643.00,59.298
2066,1,2061,-865.829098031187,-4458.110173895012,2020-08-08T11:27:55Z,45.46485000,7.69706667,1644.00,59.294
2067,1,2062,-864.829098031187,-4457.110173895012,2020-08-08T11:27:56Z,45.46485000,7.69720000,1644.00,59.287
2068,1,2063,-863.829098031187,-4456.110173895012,2020-08-08T11:27:57Z,45.46481667,7.69733333,1644.00,59.278
2069,1,2064,-862.829098031187,-4455.110173895012,2020-08-08T11:27:58Z,45.46475000,7.69745000,1644.00,59.266
2070,1,2065,-861.829098031187,-4454.110173895012,2020-08-08T11:27:59Z,45.46466667,7.69751667,1644.00,59.256
2071,1,2066,-860.829098031187,-4453.110173895012,2020-08-08T11:28:00Z,45.46458333,7.69755000,1643.00,59.247
2072,1,2067,-859.829098031187,-4452.110173895012,2020-08-08T11:28:01Z,45.46450000,7.69756667,1644.00,59.239
2073,1,2068,-858.829098031187,-4451.110173895012,2020-08-08T11:28:02Z,45.46441667,7.69755000,1645.00,59.233
2074,1,2069,-857.829098031187,-4450.110173895012,2020-08-08T11:28:03Z,45.46435000,7.69750000,1647.00,59.229
2075,1,2070,-856.829098031187,-4449.110173895012,2020-08-08T11:28:04Z,45.46431667,7.69745000,1648.00,59.229
2076,1,2071,-855.829098031187,-4448.110173895012,2020-08-08T11:28:05Z,45.46430000,7.69738333,1650.00,59.231
2077,1,2072,-854.829098031187,-4447.110173895012,2020-08-08T11:28:06Z,45.46428333,7.69730000,1650.00,59.234
2078,1,2073,-853.829098031187,-4446.110173895012,2020-08-08T11:28:07Z,45.46428333,7.69720000,1650.00,59.239
2079,1,2074,-852.829098031187,-4445.110173895012,2020-08-08T11:28:08Z,45.46430000,7.69710000,1650.00,59.245
2080,1,2075,-851.829098031187,-4444.110173895012,2020-08-08T11:28:09Z,45.46435000,7.69698333,1652.00,59.255
2081,1,2076,-850.829098031187,-4443.110173895012,2020-08-08T11:28:10Z,45.46441667,7.69690000,1653.00,59.265
2082,1,2077,-849.829098031187,-4442.110173895012,2020-08-08T11:28:11Z,45.46451667,7.69688333,1655.00,59.275
2083,1,2078,-848.829098031187,-4441.110173895012,2020-08-08T11:28:12Z,45.46461667,7.69690000,1656.00,59.282
2084,1,2079,-847.829098031187,-4440.110173895012,2020-08-08T11:28:13Z,45.46471667,7.69696667,1656.00,59.287
2085,1,2080,-846.829098031187,-4439.110173895012,2020-08-08T11:28:14Z,45.46480000,7.69706667,1658.00,59.29
2086,1,2081,-845.829098031187,-4438.110173895012,2020-08-08T11:28:15Z,45.46485000,7.69718333,1658.00,59.288
2087,1,2082,-844.829098031187,-4437.110173895012,2020-08-08T11:28:16Z,45.46488333,7.69731667,1658.00,59.284
2088,1,2083,-843.829098031187,-4436.110173895012,2020-08-08T11:28:17Z,45.46488333,7.69746667,1657.00,59.277
2089,1,2084,-842.829098031187,-4435.110173895012,2020-08-08T11:28:18Z,45.46485000,7.69761667,1658.00,59.266
2090,1,2085,-841.829098031187,-4434.110173895012,2020-08-08T11:28:19Z,45.46480000,7.69775000,1657.00,59.255
2091,1,2086,-840.829098031187,-4433.110173895012,2020-08-08T11:28:20Z,45.46473333,7.69783333,1658.00,59.246
2092,1,2087,-839.829098031187,-4432.110173895012,2020-08-08T11:28:21Z,45.46465000,7.69786667,1659.00,59.237
2093,1,2088,-838.829098031187,-4431.110173895012,2020-08-08T11:28:22Z,45.46456667,7.69786667,1660.00,59.23
2094,1,2089,-837.829098031187,-4430.110173895012,2020-08-08T11:28:23Z,45.46450000,7.69783333,1661.00,59.226
2095,1,2090,-836.829098031187,-4429.110173895012,2020-08-08T11:28:24Z,45.46445000,7.69776667,1662.00,59.225
2096,1,2091,-835.829098031187,-4428.110173895012,2020-08-08T11:28:25Z,45.46440000,7.69768333,1663.00,59.225
2097,1,2092,-834.829098031187,-4427.110173895012,2020-08-08T11:28:26Z,45.46435000,7.69761667,1663.00,59.224
2098,1,2093,-833.829098031187,-4426.110173895012,2020-08-08T11:28:27Z,45.46430000,7.69755000,1665.00,59.223
2099,1,2094,-832.829098031187,-4425.110173895012,2020-08-08T11:28:28Z,45.46426667,7.69748333,1666.00,59.223
2100,1,2095,-831.829098031187,-4424.110173895012,2020-08-08T11:28:29Z,45.46425000,7.69741667,1667.00,59.225
2101,1,2096,-830.829098031187,-4423.110173895012,2020-08-08T11:28:30Z,45.46425000,7.69735000,1667.00,59.228
2102,1,2097,-829.829098031187,-4422.110173895012,2020-08-08T11:28:31Z,45.46423333,7.69728333,1666.00,59.23
2103,1,2098,-828.829098031187,-4421.110173895012,2020-08-08T11:28:32Z,45.46420000,7.69721667,1665.00,59.231
2104,1,2099,-827.829098031187,-4420.110173895012,2020-08-08T11:28:33Z,45.46413333,7.69716667,1664.00,59.228
2105,1,2100,-826.829098031187,-4419.110173895012,2020-08-08T11:28:34Z,45.46405000,7.69711667,1663.00,59.223
2106,1,2101,-825.829098031187,-4418.110173895012,2020-08-08T11:28:35Z,45.46398333,7.69706667,1663.00,59.22
2107,1,2102,-824.829098031187,-4417.110173895012,2020-08-08T11:28:36Z,45.46390000,7.69703333,1663.00,59.215
2108,1,2103,-823.829098031187,-4416.110173895012,2020-08-08T11:28:37Z,45.46381667,7.69700000,1662.00,59.209
2109,1,2104,-822.829098031187,-4415.110173895012,2020-08-08T11:28:38Z,45.46373333,7.69696667,1661.00,59.204
2110,1,2105,-821.829098031187,-4414.110173895012,2020-08-08T11:28:39Z,45.46365000,7.69696667,1660.00,59.197
2111,1,2106,-820.829098031187,-4413.110173895012,2020-08-08T11:28:40Z,45.46356667,7.69695000,1659.00,59.191
2112,1,2107,-819.829098031187,-4412.110173895012,2020-08-08T11:28:41Z,45.46348333,7.69691667,1656.00,59.185
2113,1,2108,-818.829098031187,-4411.110173895012,2020-08-08T11:28:42Z,45.46338333,7.69690000,1652.00,59.177
2114,1,2109,-817.829098031187,-4410.110173895012,2020-08-08T11:28:43Z,45.46326667,7.69688333,1650.00,59.168
2115,1,2110,-816.829098031187,-4409.110173895012,2020-08-08T11:28:44Z,45.46315000,7.69686667,1648.00,59.159
2116,1,2111,-815.829098031187,-4408.110173895012,2020-08-08T11:28:45Z,45.46303333,7.69686667,1646.00,59.15
2117,1,2112,-814.829098031187,-4407.110173895012,2020-08-08T11:28:46Z,45.46293333,7.69686667,1645.00,59.141
2118,1,2113,-813.829098031187,-4406.110173895012,2020-08-08T11:28:47Z,45.46285000,7.69683333,1643.00,59.136
2119,1,2114,-812.829098031187,-4405.110173895012,2020-08-08T11:28:48Z,45.46275000,7.69680000,1643.00,59.129
2120,1,2115,-811.829098031187,-4404.110173895012,2020-08-08T11:28:49Z,45.46265000,7.69675000,1642.00,59.123
2121,1,2116,-810.829098031187,-4403.110173895012,2020-08-08T11:28:50Z,45.46255000,7.69673333,1642.00,59.116
2122,1,2117,-809.829098031187,-4402.110173895012,2020-08-08T11:28:51Z,45.46246667,7.69671667,1642.00,59.109
2123,1,2118,-808.829098031187,-4401.110173895012,2020-08-08T11:28:52Z,45.46240000,7.69668333,1643.00,59.105
2124,1,2119,-807.829098031187,-4400.110173895012,2020-08-08T11:28:53Z,45.46233333,7.69665000,1643.00,59.101
2125,1,2120,-806.829098031187,-4399.110173895012,2020-08-08T11:28:54Z,45.46226667,7.69658333,1643.00,59.099
2126,1,2121,-805.829098031187,-4398.110173895012,2020-08-08T11:28:55Z,45.46220000,7.69651667,1642.00,59.097
2127,1,2122,-804.829098031187,-4397.110173895012,2020-08-08T11:28:56Z,45.46213333,7.69643333,1643.00,59.096
2128,1,2123,-803.829098031187,-4396.110173895012,2020-08-08T11:28:57Z,45.46210000,7.69633333,1643.00,59.098
2129,1,2124,-802.829098031187,-4395.110173895012,2020-08-08T11:28:58Z,45.46208333,7.69621667,1644.00,59.103
2130,1,2125,-801.829098031187,-4394.110173895012,2020-08-08T11:28:59Z,45.46210000,7.69611667,1644.00,59.109
2131,1,2126,-800.829098031187,-4393.110173895012,2020-08-08T11:29:00Z,45.46213333,7.69601667,1645.00,59.117
2132,1,2127,-799.829098031187,-4392.110173895012,2020-08-08T11:29:01Z,45.46218333,7.69595000,1647.00,59.125
2133,1,2128,-798.829098031187,-4391.110173895012,2020-08-08T11:29:02Z,45.46223333,7.69590000,1648.00,59.131
2134,1,2129,-797.829098031187,-4390.110173895012,2020-08-08T11:29:03Z,45.46231667,7.69590000,1647.00,59.138
2135,1,2130,-796.829098031187,-4389.110173895012,2020-08-08T11:29:04Z,45.46240000,7.69590000,1647.00,59.145
2136,1,2131,-795.829098031187,-4388.110173895012,2020-08-08T11:29:05Z,45.46248333,7.69593333,1647.00,59.151
2137,1,2132,-794.829098031187,-4387.110173895012,2020-08-08T11:29:06Z,45.46258333,7.69598333,1648.00,59.157
2138,1,2133,-793.829098031187,-4386.110173895012,2020-08-08T11:29:07Z,45.46265000,7.69606667,1649.00,59.158
2139,1,2134,-792.829098031187,-4385.110173895012,2020-08-08T11:29:08Z,45.46270000,7.69618333,1650.00,59.156
2140,1,2135,-791.829098031187,-4384.110173895012,2020-08-08T11:29:09Z,45.46273333,7.69631667,1651.00,59.152
2141,1,2136,-790.829098031187,-4383.110173895012,2020-08-08T11:29:10Z,45.46275000,7.69648333,1651.00,59.145
2142,1,2137,-789.829098031187,-4382.110173895012,2020-08-08T11:29:11Z,45.46273333,7.69663333,1650.00,59.136
2143,1,2138,-788.829098031187,-4381.110173895012,2020-08-08T11:29:12Z,45.46271667,7.69678333,1651.00,59.127
2144,1,2139,-787.829098031187,-4380.110173895012,2020-08-08T11:29:13Z,45.46268333,7.69693333,1651.00,59.117
2145,1,2140,-786.829098031187,-4379.110173895012,2020-08-08T11:29:14Z,45.46263333,7.69705000,1651.00,59.106
2146,1,2141,-785.829098031187,-4378.110173895012,2020-08-08T11:29:15Z,45.46256667,7.69716667,1650.00,59.095
2147,1,2142,-784.829098031187,-4377.110173895012,2020-08-08T11:29:16Z,45.46250000,7.69726667,1650.00,59.084
2148,1,2143,-783.829098031187,-4376.110173895012,2020-08-08T11:29:17Z,45.46241667,7.69731667,1649.00,59.075
2149,1,2144,-782.829098031187,-4375.110173895012,2020-08-08T11:29:18Z,45.46231667,7.69736667,1648.00,59.064
2150,1,2145,-781.829098031187,-4374.110173895012,2020-08-08T11:29:19Z,45.46221667,7.69740000,1646.00,59.054
2151,1,2146,-780.829098031187,-4373.110173895012,2020-08-08T11:29:20Z,45.46213333,7.69740000,1644.00,59.046
2152,1,2147,-779.829098031187,-4372.110173895012,2020-08-08T11:29:21Z,45.46205000,7.69735000,1642.00,59.042
2153,1,2148,-778.829098031187,-4371.110173895012,2020-08-08T11:29:22Z,45.46198333,7.69728333,1641.00,59.04
2154,1,2149,-777.829098031187,-4370.110173895012,2020-08-08T11:29:23Z,45.46190000,7.69721667,1640.00,59.036
2155,1,2150,-776.829098031187,-4369.110173895012,2020-08-08T11:29:24Z,45.46183333,7.69715000,1638.00,59.034
2156,1,2151,-775.829098031187,-4368.110173895012,2020-08-08T11:29:25Z,45.46180000,7.69706667,1639.00,59.035
2157,1,2152,-774.829098031187,-4367.110173895012,2020-08-08T11:29:26Z,45.46176667,7.69696667,1638.00,59.038
2158,1,2153,-773.829098031187,-4366.110173895012,2020-08-08T11:29:27Z,45.46176667,7.69686667,1637.00,59.043
2159,1,2154,-772.829098031187,-4365.110173895012,2020-08-08T11:29:28Z,45.46178333,7.69676667,1637.00,59.049
2160,1,2155,-771.829098031187,-4364.110173895012,2020-08-08T11:29:29Z,45.46180000,7.69668333,1637.00,59.055
2161,1,2156,-770.829098031187,-4363.110173895012,2020-08-08T11:29:30Z,45.46181667,7.69661667,1636.00,59.06
2162,1,2157,-769.829098031187,-4362.110173895012,2020-08-08T11:29:31Z,45.46185000,7.69653333,1635.00,59.067
2163,1,2158,-768.829098031187,-4361.110173895012,2020-08-08T11:29:32Z,45.46190000,7.69646667,1632.00,59.074
2164,1,2159,-767.829098031187,-4360.110173895012,2020-08-08T11:29:33Z,45.46198333,7.69638333,1630.00,59.086
2165,1,2160,-766.829098031187,-4359.110173895012,2020-08-08T11:29:34Z,45.46205000,7.69631667,1628.00,59.095
2166,1,2161,-765.829098031187,-4358.110173895012,2020-08-08T11:29:35Z,45.46211667,7.69626667,1627.00,59.103
2167,1,2162,-764.829098031187,-4357.110173895012,2020-08-08T11:29:36Z,45.46216667,7.69621667,1627.00,59.11
2168,1,2163,-763.829098031187,-4356.110173895012,2020-08-08T11:29:37Z,45.46223333,7.69615000,1627.00,59.119
2169,1,2164,-762.829098031187,-4355.110173895012,2020-08-08T11:29:38Z,45.46228333,7.69606667,1627.00,59.127
2170,1,2165,-761.829098031187,-4354.110173895012,2020-08-08T11:29:39Z,45.46233333,7.69600000,1628.00,59.135
2171,1,2166,-760.829098031187,-4353.110173895012,2020-08-08T11:29:40Z,45.46238333,7.69593333,1628.00,59.142
2172,1,2167,-759.829098031187,-4352.110173895012,2020-08-08T11:29:41Z,45.46243333,7.69586667,1629.00,59.15
2173,1,2168,-758.829098031187,-4351.110173895012,2020-08-08T11:29:42Z,45.46248333,7.69581667,1630.00,59.157
2174,1,2169,-757.829098031187,-4350.110173895012,2020-08-08T11:29:43Z,45.46255000,7.69576667,1630.00,59.165
2175,1,2170,-756.829098031187,-4349.110173895012,2020-08-08T11:29:44Z,45.46261667,7.69571667,1631.00,59.173
2176,1,2171,-755.829098031187,-4348.110173895012,2020-08-08T11:29:45Z,45.46268333,7.69568333,1632.00,59.18
2177,1,2172,-754.829098031187,-4347.110173895012,2020-08-08T11:29:46Z,45.46273333,7.69563333,1632.00,59.187
2178,1,2173,-753.829098031187,-4346.110173895012,2020-08-08T11:29:47Z,45.46280000,7.69558333,1632.00,59.195
2179,1,2174,-752.829098031187,-4345.110173895012,2020-08-08T11:29:48Z,45.46286667,7.69553333,1632.00,59.203
2180,1,2175,-751.829098031187,-4344.110173895012,2020-08-08T11:29:49Z,45.46293333,7.69548333,1632.00,59.211
2181,1,2176,-750.829098031187,-4343.110173895012,2020-08-08T11:29:50Z,45.46300000,7.69543333,1631.00,59.22
2182,1,2177,-749.829098031187,-4342.110173895012,2020-08-08T11:29:51Z,45.46306667,7.69540000,1631.00,59.227
2183,1,2178,-748.829098031187,-4341.110173895012,2020-08-08T11:29:52Z,45.46315000,7.69533333,1630.00,59.237
2184,1,2179,-747.829098031187,-4340.110173895012,2020-08-08T11:29:53Z,45.46323333,7.69528333,1629.00,59.247
2185,1,2180,-746.829098031187,-4339.110173895012,2020-08-08T11:29:54Z,45.46331667,7.69523333,1628.00,59.256
2186,1,2181,-745.829098031187,-4338.110173895012,2020-08-08T11:29:55Z,45.46340000,7.69516667,1627.00,59.267
2187,1,2182,-744.829098031187,-4337.110173895012,2020-08-08T11:29:56Z,45.46348333,7.69510000,1625.00,59.277
2188,1,2183,-743.829098031187,-4336.110173895012,2020-08-08T11:29:57Z,45.46356667,7.69501667,1624.00,59.289
2189,1,2184,-742.829098031187,-4335.110173895012,2020-08-08T11:29:58Z,45.46366667,7.69495000,1623.00,59.3
2190,1,2185,-741.829098031187,-4334.110173895012,2020-08-08T11:29:59Z,45.46376667,7.69488333,1624.00,59.312
2191,1,2186,-740.829098031187,-4333.110173895012,2020-08-08T11:30:00Z,45.46386667,7.69483333,1623.00,59.323
2192,1,2187,-739.829098031187,-4332.110173895012,2020-08-08T11:30:01Z,45.46396667,7.69480000,1623.00,59.333
2193,1,2188,-738.829098031187,-4331.110173895012,2020-08-08T11:30:02Z,45.46406667,7.69476667,1621.00,59.343
2194,1,2189,-737.829098031187,-4330.110173895012,2020-08-08T11:30:03Z,45.46416667,7.69473333,1620.00,59.354
2195,1,2190,-736.829098031187,-4329.110173895012,2020-08-08T11:30:04Z,45.46426667,7.69473333,1620.00,59.362
2196,1,2191,-735.829098031187,-4328.110173895012,2020-08-08T11:30:05Z,45.46436667,7.69470000,1619.00,59.372
2197,1,2192,-734.829098031187,-4327.110173895012,2020-08-08T11:30:06Z,45.46446667,7.69468333,1619.00,59.381
2198,1,2193,-733.829098031187,-4326.110173895012,2020-08-08T11:30:07Z,45.46455000,7.69466667,1619.00,59.389
2199,1,2194,-732.829098031187,-4325.110173895012,2020-08-08T11:30:08Z,45.46465000,7.69465000,1620.00,59.399
2200,1,2195,-731.829098031187,-4324.110173895012,2020-08-08T11:30:09Z,45.46475000,7.69468333,1621.00,59.405
2201,1,2196,-730.829098031187,-4323.110173895012,2020-08-08T11:30:10Z,45.46485000,7.69473333,1621.00,59.411
2202,1,2197,-729.829098031187,-4322.110173895012,2020-08-08T11:30:11Z,45.46495000,7.69481667,1623.00,59.415
2203,1,2198,-728.829098031187,-4321.110173895012,2020-08-08T11:30:12Z,45.46503333,7.69488333,1625.00,59.419
2204,1,2199,-727.829098031187,-4320.110173895012,2020-08-08T11:30:13Z,45.46508333,7.69496667,1627.00,59.419
2205,1,2200,-726.829098031187,-4319.110173895012,2020-08-08T11:30:14Z,45.46513333,7.69505000,1630.00,59.419
2206,1,2201,-725.829098031187,-4318.110173895012,2020-08-08T11:30:15Z,45.46518333,7.69515000,1631.00,59.418
2207,1,2202,-724.829098031187,-4317.110173895012,2020-08-08T11:30:16Z,45.46521667,7.69526667,1631.00,59.415
2208,1,2203,-723.829098031187,-4316.110173895012,2020-08-08T11:30:17Z,45.46526667,7.69540000,1632.00,59.413
2209,1,2204,-722.829098031187,-4315.110173895012,2020-08-08T11:30:18Z,45.46530000,7.69553333,1632.00,59.409
2210,1,2205,-721.829098031187,-4314.110173895012,2020-08-08T11:30:19Z,45.46530000,7.69568333,1634.00,59.401
2211,1,2206,-720.829098031187,-4313.110173895012,2020-08-08T11:30:20Z,45.46530000,7.69580000,1635.00,59.396
2212,1,2207,-719.829098031187,-4312.110173895012,2020-08-08T11:30:21Z,45.46523333,7.69591667,1635.00,59.384
2213,1,2208,-718.829098031187,-4311.110173895012,2020-08-08T11:30:22Z,45.46516667,7.69598333,1634.00,59.375
2214,1,2209,-717.829098031187,-4310.110173895012,2020-08-08T11:30:23Z,45.46506667,7.69596667,1633.00,59.367
2215,1,2210,-716.829098031187,-4309.110173895012,2020-08-08T11:30:24Z,45.46500000,7.69590000,1633.00,59.365
2216,1,2211,-715.829098031187,-4308.110173895012,2020-08-08T11:30:25Z,45.46495000,7.69580000,1633.00,59.366
2217,1,2212,-714.829098031187,-4307.110173895012,2020-08-08T11:30:26Z,45.46491667,7.69568333,1634.00,59.369
2218,1,2213,-713.829098031187,-4306.110173895012,2020-08-08T11:30:27Z,45.46491667,7.69558333,1635.00,59.374
2219,1,2214,-712.829098031187,-4305.110173895012,2020-08-08T11:30:28Z,45.46491667,7.69546667,1635.00,59.38
2220,1,2215,-711.829098031187,-4304.110173895012,2020-08-08T11:30:29Z,45.46490000,7.69535000,1636.00,59.384
2221,1,2216,-710.829098031187,-4303.110173895012,2020-08-08T11:30:30Z,45.46486667,7.69525000,1636.00,59.387
2222,1,2217,-709.829098031187,-4302.110173895012,2020-08-08T11:30:31Z,45.46485000,7.69513333,1636.00,59.391
2223,1,2218,-708.829098031187,-4301.110173895012,2020-08-08T11:30:32Z,45.46481667,7.69501667,1636.00,59.394
2224,1,2219,-707.829098031187,-4300.110173895012,2020-08-08T11:30:33Z,45.46480000,7.69490000,1636.00,59.399
2225,1,2220,-706.829098031187,-4299.110173895012,2020-08-08T11:30:34Z,45.46478333,7.69476667,1636.00,59.404
2226,1,2221,-705.829098031187,-4298.110173895012,2020-08-08T11:30:35Z,45.46476667,7.69461667,1635.00,59.41
2227,1,2222,-704.829098031187,-4297.110173895012,2020-08-08T11:30:36Z,45.46471667,7.69450000,1635.00,59.412
2228,1,2223,-703.829098031187,-4296.110173895012,2020-08-08T11:30:37Z,45.46468333,7.69438333,1635.00,59.415
2229,1,2224,-702.829098031187,-4295.110173895012,2020-08-08T11:30:38Z,45.46465000,7.69430000,1636.00,59.416
2230,1,2225,-701.829098031187,-4294.110173895012,2020-08-08T11:30:39Z,45.46463333,7.69420000,1637.00,59.42
2231,1,2226,-700.829098031187,-4293.110173895012,2020-08-08T11:30:40Z,45.46461667,7.69410000,1636.00,59.424
2232,1,2227,-699.829098031187,-4292.110173895012,2020-08-08T11:30:41Z,45.46463333,7.69396667,1636.00,59.432
2233,1,2228,-698.829098031187,-4291.110173895012,2020-08-08T11:30:42Z,45.46466667,7.69383333,1634.00,59.441
2234,1,2229,-697.829098031187,-4290.110173895012,2020-08-08T11:30:43Z,45.46473333,7.69371667,1634.00,59.453
2235,1,2230,-696.829098031187,-4289.110173895012,2020-08-08T11:30:44Z,45.46481667,7.69361667,1634.00,59.465
2236,1,2231,-695.829098031187,-4288.110173895012,2020-08-08T11:30:45Z,45.46490000,7.69355000,1634.00,59.476
2237,1,2232,-694.829098031187,-4287.110173895012,2020-08-08T11:30:46Z,45.46500000,7.69351667,1634.00,59.486
2238,1,2233,-693.829098031187,-4286.110173895012,2020-08-08T11:30:47Z,45.46510000,7.69351667,1635.00,59.494
2239,1,2234,-692.829098031187,-4285.110173895012,2020-08-08T11:30:48Z,45.46520000,7.69355000,1635.00,59.501
2240,1,2235,-691.829098031187,-4284.110173895012,2020-08-08T11:30:49Z,45.46528333,7.69358333,1635.00,59.506
2241,1,2236,-690.829098031187,-4283.110173895012,2020-08-08T11:30:50Z,45.46536667,7.69365000,1634.00,59.51
2242,1,2237,-689.829098031187,-4282.110173895012,2020-08-08T11:30:51Z,45.46543333,7.69373333,1634.00,59.511
2243,1,2238,-688.829098031187,-4281.110173895012,2020-08-08T11:30:52Z,45.46548333,7.69385000,1633.00,59.51
2244,1,2239,-687.829098031187,-4280.110173895012,2020-08-08T11:30:53Z,45.46551667,7.69396667,1632.00,59.506
2245,1,2240,-686.829098031187,-4279.110173895012,2020-08-08T11:30:54Z,45.46555000,7.69410000,1630.00,59.502
2246,1,2241,-685.829098031187,-4278.110173895012,2020-08-08T11:30:55Z,45.46558333,7.69425000,1629.00,59.498
2247,1,2242,-684.829098031187,-4277.110173895012,2020-08-08T11:30:56Z,45.46560000,7.69440000,1628.00,59.492
2248,1,2243,-683.829098031187,-4276.110173895012,2020-08-08T11:30:57Z,45.46563333,7.69453333,1627.00,59.488
2249,1,2244,-682.829098031187,-4275.110173895012,2020-08-08T11:30:58Z,45.46563333,7.69466667,1626.00,59.481
2250,1,2245,-681.829098031187,-4274.110173895012,2020-08-08T11:30:59Z,45.46565000,7.69480000,1625.00,59.476
2251,1,2246,-680.829098031187,-4273.110173895012,2020-08-08T11:31:00Z,45.46565000,7.69495000,1624.00,59.468
2252,1,2247,-679.829098031187,-4272.110173895012,2020-08-08T11:31:01Z,45.46565000,7.69511667,1622.00,59.46
2253,1,2248,-678.829098031187,-4271.110173895012,2020-08-08T11:31:02Z,45.46566667,7.69528333,1620.00,59.453
2254,1,2249,-677.829098031187,-4270.110173895012,2020-08-08T11:31:03Z,45.46566667,7.69545000,1620.00,59.444
2255,1,2250,-676.829098031187,-4269.110173895012,2020-08-08T11:31:04Z,45.46568333,7.69560000,1620.00,59.438
2256,1,2251,-675.829098031187,-4268.110173895012,2020-08-08T11:31:05Z,45.46570000,7.69573333,1620.00,59.433
2257,1,2252,-674.829098031187,-4267.110173895012,2020-08-08T11:31:06Z,45.46570000,7.69588333,1621.00,59.425
2258,1,2253,-673.829098031187,-4266.110173895012,2020-08-08T11:31:07Z,45.46568333,7.69601667,1621.00,59.417
2259,1,2254,-672.829098031187,-4265.110173895012,2020-08-08T11:31:08Z,45.46566667,7.69615000,1621.00,59.409
2260,1,2255,-671.829098031187,-4264.110173895012,2020-08-08T11:31:09Z,45.46565000,7.69628333,1621.00,59.401
2261,1,2256,-670.829098031187,-4263.110173895012,2020-08-08T11:31:10Z,45.46563333,7.69640000,1619.00,59.394
2262,1,2257,-669.829098031187,-4262.110173895012,2020-08-08T11:31:11Z,45.46561667,7.69653333,1619.00,59.386
2263,1,2258,-668.829098031187,-4261.110173895012,2020-08-08T11:31:12Z,45.46556667,7.69666667,1617.00,59.375
2264,1,2259,-667.829098031187,-4260.110173895012,2020-08-08T11:31:13Z,45.46551667,7.69680000,1615.00,59.364
2265,1,2260,-666.829098031187,-4259.110173895012,2020-08-08T11:31:14Z,45.46545000,7.69691667,1613.00,59.352
2266,1,2261,-665.829098031187,-4258.110173895012,2020-08-08T11:31:15Z,45.46536667,7.69700000,1612.00,59.341
2267,1,2262,-664.829098031187,-4257.110173895012,2020-08-08T11:31:16Z,45.46528333,7.69703333,1612.00,59.332
2268,1,2263,-663.829098031187,-4256.110173895012,2020-08-08T11:31:17Z,45.46520000,7.69703333,1611.00,59.325
2269,1,2264,-662.829098031187,-4255.110173895012,2020-08-08T11:31:18Z,45.46511667,7.69700000,1610.00,59.32
2270,1,2265,-661.829098031187,-4254.110173895012,2020-08-08T11:31:19Z,45.46503333,7.69695000,1611.00,59.315
2271,1,2266,-660.829098031187,-4253.110173895012,2020-08-08T11:31:20Z,45.46495000,7.69690000,1611.00,59.311
2272,1,2267,-659.829098031187,-4252.110173895012,2020-08-08T11:31:21Z,45.46488333,7.69685000,1612.00,59.307
2273,1,2268,-658.829098031187,-4251.110173895012,2020-08-08T11:31:22Z,45.46481667,7.69680000,1613.00,59.304
2274,1,2269,-657.829098031187,-4250.110173895012,2020-08-08T11:31:23Z,45.46476667,7.69671667,1613.00,59.304
2275,1,2270,-656.829098031187,-4249.110173895012,2020-08-08T11:31:24Z,45.46473333,7.69661667,1614.00,59.306
2276,1,2271,-655.829098031187,-4248.110173895012,2020-08-08T11:31:25Z,45.46470000,7.69650000,1613.00,59.309
2277,1,2272,-654.829098031187,-4247.110173895012,2020-08-08T11:31:26Z,45.46470000,7.69638333,1614.00,59.315
2278,1,2273,-653.829098031187,-4246.110173895012,2020-08-08T11:31:27Z,45.46470000,7.69626667,1616.00,59.321
2279,1,2274,-652.829098031187,-4245.110173895012,2020-08-08T11:31:28Z,45.46471667,7.69618333,1617.00,59.327
2280,1,2275,-651.829098031187,-4244.110173895012,2020-08-08T11:31:29Z,45.46471667,7.69610000,1619.00,59.331
2281,1,2276,-650.829098031187,-4243.110173895012,2020-08-08T11:31:30Z,45.46473333,7.69603333,1620.00,59.336
2282,1,2277,-649.829098031187,-4242.110173895012,2020-08-08T11:31:31Z,45.46476667,7.69595000,1620.00,59.343
2283,1,2278,-648.829098031187,-4241.110173895012,2020-08-08T11:31:32Z,45.46483333,7.69588333,1619.00,59.352
2284,1,2279,-647.829098031187,-4240.110173895012,2020-08-08T11:31:33Z,45.46491667,7.69581667,1617.00,59.362
2285,1,2280,-646.829098031187,-4239.110173895012,2020-08-08T11:31:34Z,45.46500000,7.69576667,1616.00,59.372
2286,1,2281,-645.829098031187,-4238.110173895012,2020-08-08T11:31:35Z,45.46506667,7.69571667,1614.00,59.38
2287,1,2282,-644.829098031187,-4237.110173895012,2020-08-08T11:31:36Z,45.46515000,7.69565000,1614.00,59.39
2288,1,2283,-643.829098031187,-4236.110173895012,2020-08-08T11:31:37Z,45.46521667,7.69560000,1612.00,59.399
2289,1,2284,-642.829098031187,-4235.110173895012,2020-08-08T11:31:38Z,45.46531667,7.69558333,1611.00,59.408
2290,1,2285,-641.829098031187,-4234.110173895012,2020-08-08T11:31:39Z,45.46540000,7.69556667,1609.00,59.416
2291,1,2286,-640.829098031187,-4233.110173895012,2020-08-08T11:31:40Z,45.46550000,7.69555000,1608.00,59.425
2292,1,2287,-639.829098031187,-4232.110173895012,2020-08-08T11:31:41Z,45.46561667,7.69556667,1607.00,59.434
2293,1,2288,-638.829098031187,-4231.110173895012,2020-08-08T11:31:42Z,45.46571667,7.69560000,1606.00,59.441
2294,1,2289,-637.829098031187,-4230.110173895012,2020-08-08T11:31:43Z,45.46581667,7.69566667,1606.00,59.446
2295,1,2290,-636.829098031187,-4229.110173895012,2020-08-08T11:31:44Z,45.46590000,7.69573333,1605.00,59.45
2296,1,2291,-635.829098031187,-4228.110173895012,2020-08-08T11:31:45Z,45.46596667,7.69585000,1604.00,59.45
2297,1,2292,-634.829098031187,-4227.110173895012,2020-08-08T11:31:46Z,45.46601667,7.69598333,1603.00,59.447
2298,1,2293,-633.829098031187,-4226.110173895012,2020-08-08T11:31:47Z,45.46606667,7.69613333,1602.00,59.444
2299,1,2294,-632.829098031187,-4225.110173895012,2020-08-08T11:31:48Z,45.46608333,7.69628333,1602.00,59.438
2300,1,2295,-631.829098031187,-4224.110173895012,2020-08-08T11:31:49Z,45.46606667,7.69641667,1602.00,59.43
2301,1,2296,-630.829098031187,-4223.110173895012,2020-08-08T11:31:50Z,45.46603333,7.69655000,1602.00,59.421
2302,1,2297,-629.829098031187,-4222.110173895012,2020-08-08T11:31:51Z,45.46598333,7.69666667,1601.00,59.411
2303,1,2298,-628.829098031187,-4221.110173895012,2020-08-08T11:31:52Z,45.46593333,7.69678333,1601.00,59.4
2304,1,2299,-627.829098031187,-4220.110173895012,2020-08-08T11:31:53Z,45.46586667,7.69690000,1601.00,59.389
2305,1,2300,-626.829098031187,-4219.110173895012,2020-08-08T11:31:54Z,45.46581667,7.69701667,1602.00,59.379
2306,1,2301,-625.829098031187,-4218.110173895012,2020-08-08T11:31:55Z,45.46578333,7.69713333,1602.00,59.37
2307,1,2302,-624.829098031187,-4217.110173895012,2020-08-08T11:31:56Z,45.46573333,7.69723333,1601.00,59.361
2308,1,2303,-623.829098031187,-4216.110173895012,2020-08-08T11:31:57Z,45.46566667,7.69731667,1600.00,59.351
2309,1,2304,-622.829098031187,-4215.110173895012,2020-08-08T11:31:58Z,45.46558333,7.69740000,1600.00,59.34
2310,1,2305,-621.829098031187,-4214.110173895012,2020-08-08T11:31:59Z,45.46550000,7.69746667,1599.00,59.329
2311,1,2306,-620.829098031187,-4213.110173895012,2020-08-08T11:32:00Z,45.46541667,7.69751667,1598.00,59.32
2312,1,2307,-619.829098031187,-4212.110173895012,2020-08-08T11:32:01Z,45.46533333,7.69753333,1597.00,59.312
2313,1,2308,-618.829098031187,-4211.110173895012,2020-08-08T11:32:02Z,45.46523333,7.69751667,1596.00,59.304
2314,1,2309,-617.829098031187,-4210.110173895012,2020-08-08T11:32:03Z,45.46515000,7.69745000,1595.00,59.3
2315,1,2310,-616.829098031187,-4209.110173895012,2020-08-08T11:32:04Z,45.46508333,7.69736667,1595.00,59.299
2316,1,2311,-615.829098031187,-4208.110173895012,2020-08-08T11:32:05Z,45.46503333,7.69725000,1595.00,59.3
2317,1,2312,-614.829098031187,-4207.110173895012,2020-08-08T11:32:06Z,45.46500000,7.69711667,1595.00,59.304
2318,1,2313,-613.829098031187,-4206.110173895012,2020-08-08T11:32:07Z,45.46498333,7.69700000,1595.00,59.308
2319,1,2314,-612.829098031187,-4205.110173895012,2020-08-08T11:32:08Z,45.46500000,7.69690000,1597.00,59.315
2320,1,2315,-611.829098031187,-4204.110173895012,2020-08-08T11:32:09Z,45.46503333,7.69681667,1598.00,59.322
2321,1,2316,-610.829098031187,-4203.110173895012,2020-08-08T11:32:10Z,45.46508333,7.69673333,1598.00,59.33
2322,1,2317,-609.829098031187,-4202.110173895012,2020-08-08T11:32:11Z,45.46513333,7.69665000,1597.00,59.339
2323,1,2318,-608.829098031187,-4201.110173895012,2020-08-08T11:32:12Z,45.46520000,7.69656667,1597.00,59.349
2324,1,2319,-607.829098031187,-4200.110173895012,2020-08-08T11:32:13Z,45.46526667,7.69648333,1595.00,59.358
2325,1,2320,-606.829098031187,-4199.110173895012,2020-08-08T11:32:14Z,45.46533333,7.69640000,1594.00,59.368
2326,1,2321,-605.829098031187,-4198.110173895012,2020-08-08T11:32:15Z,45.46541667,7.69630000,1592.00,59.38
2327,1,2322,-604.829098031187,-4197.110173895012,2020-08-08T11:32:16Z,45.46550000,7.69620000,1592.00,59.393
2328,1,2323,-603.829098031187,-4196.110173895012,2020-08-08T11:32:17Z,45.46560000,7.69611667,1593.00,59.405
2329,1,2324,-602.829098031187,-4195.110173895012,2020-08-08T11:32:18Z,45.46568333,7.69603333,1593.00,59.417
2330,1,2325,-601.829098031187,-4194.110173895012,2020-08-08T11:32:19Z,45.46576667,7.69596667,1592.00,59.427
2331,1,2326,-600.829098031187,-4193.110173895012,2020-08-08T11:32:20Z,45.46583333,7.69588333,1592.00,59.437
2332,1,2327,-599.829098031187,-4192.110173895012,2020-08-08T11:32:21Z,45.46588333,7.69578333,1590.00,59.446
2333,1,2328,-598.829098031187,-4191.110173895012,2020-08-08T11:32:22Z,45.46593333,7.69565000,1588.00,59.457
2334,1,2329,-597.829098031187,-4190.110173895012,2020-08-08T11:32:23Z,45.46595000,7.69551667,1586.00,59.465
2335,1,2330,-596.829098031187,-4189.110173895012,2020-08-08T11:32:24Z,45.46596667,7.69538333,1584.00,59.473
2336,1,2331,-595.829098031187,-4188.110173895012,2020-08-08T11:32:25Z,45.46593333,7.69526667,1584.00,59.476
2337,1,2332,-594.829098031187,-4187.110173895012,2020-08-08T11:32:26Z,45.46591667,7.69516667,1583.00,59.48
2338,1,2333,-593.829098031187,-4186.110173895012,2020-08-08T11:32:27Z,45.46588333,7.69505000,1581.00,59.483
2339,1,2334,-592.829098031187,-4185.110173895012,2020-08-08T11:32:28Z,45.46586667,7.69493333,1580.00,59.487
2340,1,2335,-591.829098031187,-4184.110173895012,2020-08-08T11:32:29Z,45.46588333,7.69480000,1577.00,59.495
2341,1,2336,-590.829098031187,-4183.110173895012,2020-08-08T11:32:30Z,45.46591667,7.69465000,1576.00,59.506
2342,1,2337,-589.829098031187,-4182.110173895012,2020-08-08T11:32:31Z,45.46596667,7.69450000,1575.00,59.518
2343,1,2338,-588.829098031187,-4181.110173895012,2020-08-08T11:32:32Z,45.46605000,7.69438333,1575.00,59.531
2344,1,2339,-587.829098031187,-4180.110173895012,2020-08-08T11:32:33Z,45.46613333,7.69428333,1576.00,59.543
2345,1,2340,-586.829098031187,-4179.110173895012,2020-08-08T11:32:34Z,45.46621667,7.69418333,1577.00,59.555
2346,1,2341,-585.829098031187,-4178.110173895012,2020-08-08T11:32:35Z,45.46630000,7.69408333,1578.00,59.567
2347,1,2342,-584.829098031187,-4177.110173895012,2020-08-08T11:32:36Z,45.46636667,7.69396667,1579.00,59.578
2348,1,2343,-583.829098031187,-4176.110173895012,2020-08-08T11:32:37Z,45.46645000,7.69383333,1579.00,59.592
2349,1,2344,-582.829098031187,-4175.110173895012,2020-08-08T11:32:38Z,45.46655000,7.69371667,1580.00,59.607
2350,1,2345,-581.829098031187,-4174.110173895012,2020-08-08T11:32:39Z,45.46665000,7.69360000,1580.00,59.621
2351,1,2346,-580.829098031187,-4173.110173895012,2020-08-08T11:32:40Z,45.46673333,7.69350000,1582.00,59.633
2352,1,2347,-579.829098031187,-4172.110173895012,2020-08-08T11:32:41Z,45.46681667,7.69340000,1583.00,59.645
2353,1,2348,-578.829098031187,-4171.110173895012,2020-08-08T11:32:42Z,45.46688333,7.69330000,1585.00,59.656
2354,1,2349,-577.829098031187,-4170.110173895012,2020-08-08T11:32:43Z,45.46695000,7.69320000,1586.00,59.667
2355,1,2350,-576.829098031187,-4169.110173895012,2020-08-08T11:32:44Z,45.46701667,7.69310000,1586.00,59.677
2356,1,2351,-575.829098031187,-4168.110173895012,2020-08-08T11:32:45Z,45.46710000,7.69298333,1586.00,59.69
2357,1,2352,-574.829098031187,-4167.110173895012,2020-08-08T11:32:46Z,45.46718333,7.69286667,1584.00,59.703
2358,1,2353,-573.829098031187,-4166.110173895012,2020-08-08T11:32:47Z,45.46726667,7.69275000,1583.00,59.716
2359,1,2354,-572.829098031187,-4165.110173895012,2020-08-08T11:32:48Z,45.46736667,7.69261667,1583.00,59.731
2360,1,2355,-571.829098031187,-4164.110173895012,2020-08-08T11:32:49Z,45.46745000,7.69250000,1583.00,59.744
2361,1,2356,-570.829098031187,-4163.110173895012,2020-08-08T11:32:50Z,45.46753333,7.69240000,1582.00,59.756
2362,1,2357,-569.829098031187,-4162.110173895012,2020-08-08T11:32:51Z,45.46761667,7.69228333,1580.00,59.769
2363,1,2358,-568.829098031187,-4161.110173895012,2020-08-08T11:32:52Z,45.46770000,7.69216667,1580.00,59.782
2364,1,2359,-567.829098031187,-4160.110173895012,2020-08-08T11:32:53Z,45.46776667,7.69205000,1579.00,59.794
2365,1,2360,-566.829098031187,-4159.110173895012,2020-08-08T11:32:54Z,45.46783333,7.69190000,1578.00,59.807
2366,1,2361,-565.829098031187,-4158.110173895012,2020-08-08T11:32:55Z,45.46786667,7.69175000,1576.00,59.817
2367,1,2362,-564.829098031187,-4157.110173895012,2020-08-08T11:32:56Z,45.46788333,7.69161667,1576.00,59.826
2368,1,2363,-563.829098031187,-4156.110173895012,2020-08-08T11:32:57Z,45.46786667,7.69148333,1576.00,59.831
2369,1,2364,-562.829098031187,-4155.110173895012,2020-08-08T11:32:58Z,45.46781667,7.69138333,1574.00,59.832
2370,1,2365,-561.829098031187,-4154.110173895012,2020-08-08T11:32:59Z,45.46775000,7.69131667,1575.00,59.829
2371,1,2366,-560.829098031187,-4153.110173895012,2020-08-08T11:33:00Z,45.46766667,7.69126667,1573.00,59.825
2372,1,2367,-559.829098031187,-4152.110173895012,2020-08-08T11:33:01Z,45.46758333,7.69126667,1573.00,59.818
2373,1,2368,-558.829098031187,-4151.110173895012,2020-08-08T11:33:02Z,45.46748333,7.69131667,1571.00,59.807
2374,1,2369,-557.829098031187,-4150.110173895012,2020-08-08T11:33:03Z,45.46740000,7.69141667,1571.00,59.795
2375,1,2370,-556.829098031187,-4149.110173895012,2020-08-08T11:33:04Z,45.46735000,7.69153333,1570.00,59.785
2376,1,2371,-555.829098031187,-4148.110173895012,2020-08-08T11:33:05Z,45.46733333,7.69165000,1571.00,59.777
2377,1,2372,-554.829098031187,-4147.110173895012,2020-08-08T11:33:06Z,45.46735000,7.69175000,1571.00,59.774
2378,1,2373,-553.829098031187,-4146.110173895012,2020-08-08T11:33:07Z,45.46738333,7.69183333,1571.00,59.772
2379,1,2374,-552.829098031187,-4145.110173895012,2020-08-08T11:33:08Z,45.46745000,7.69190000,1569.00,59.775
2380,1,2375,-551.829098031187,-4144.110173895012,2020-08-08T11:33:09Z,45.46755000,7.69195000,1565.00,59.781
2381,1,2376,-550.829098031187,-4143.110173895012,2020-08-08T11:33:10Z,45.46766667,7.69196667,1562.00,59.79
2382,1,2377,-549.829098031187,-4142.110173895012,2020-08-08T11:33:11Z,45.46780000,7.69196667,1557.00,59.801
2383,1,2378,-548.829098031187,-4141.110173895012,2020-08-08T11:33:12Z,45.46793333,7.69190000,1554.00,59.816
2384,1,2379,-547.829098031187,-4140.110173895012,2020-08-08T11:33:13Z,45.46805000,7.69180000,1553.00,59.83
2385,1,2380,-546.829098031187,-4139.110173895012,2020-08-08T11:33:14Z,45.46815000,7.69170000,1553.00,59.844
2386,1,2381,-545.829098031187,-4138.110173895012,2020-08-08T11:33:15Z,45.46821667,7.69160000,1553.00,59.855
2387,1,2382,-544.829098031187,-4137.110173895012,2020-08-08T11:33:16Z,45.46828333,7.69150000,1552.00,59.865
2388,1,2383,-543.829098031187,-4136.110173895012,2020-08-08T11:33:17Z,45.46835000,7.69140000,1550.00,59.876
2389,1,2384,-542.829098031187,-4135.110173895012,2020-08-08T11:33:18Z,45.46843333,7.69128333,1548.00,59.889
2390,1,2385,-541.829098031187,-4134.110173895012,2020-08-08T11:33:19Z,45.46853333,7.69115000,1545.00,59.904
2391,1,2386,-540.829098031187,-4133.110173895012,2020-08-08T11:33:20Z,45.46863333,7.69100000,1544.00,59.92
2392,1,2387,-539.829098031187,-4132.110173895012,2020-08-08T11:33:21Z,45.46871667,7.69088333,1545.00,59.933
2393,1,2388,-538.829098031187,-4131.110173895012,2020-08-08T11:33:22Z,45.46878333,7.69075000,1545.00,59.946
2394,1,2389,-537.829098031187,-4130.110173895012,2020-08-08T11:33:23Z,45.46885000,7.69063333,1545.00,59.957
2395,1,2390,-536.829098031187,-4129.110173895012,2020-08-08T11:33:24Z,45.46891667,7.69051667,1545.00,59.969
2396,1,2391,-535.829098031187,-4128.110173895012,2020-08-08T11:33:25Z,45.46898333,7.69038333,1544.00,59.981
2397,1,2392,-534.829098031187,-4127.110173895012,2020-08-08T11:33:26Z,45.46906667,7.69025000,1544.00,59.995
2398,1,2393,-533.829098031187,-4126.110173895012,2020-08-08T11:33:27Z,45.46913333,7.69011667,1544.00,60.007
2399,1,2394,-532.829098031187,-4125.110173895012,2020-08-08T11:33:28Z,45.46918333,7.68998333,1544.00,60.018
2400,1,2395,-531.829098031187,-4124.110173895012,2020-08-08T11:33:29Z,45.46925000,7.68985000,1544.00,60.031
2401,1,2396,-530.829098031187,-4123.110173895012,2020-08-08T11:33:30Z,45.46933333,7.68971667,1544.00,60.044
2402,1,2397,-529.829098031187,-4122.110173895012,2020-08-08T11:33:31Z,45.46940000,7.68960000,1544.00,60.056
2403,1,2398,-528.829098031187,-4121.110173895012,2020-08-08T11:33:32Z,45.46948333,7.68946667,1545.00,60.07
2404,1,2399,-527.829098031187,-4120.110173895012,2020-08-08T11:33:33Z,45.46955000,7.68935000,1546.00,60.081
2405,1,2400,-526.829098031187,-4119.110173895012,2020-08-08T11:33:34Z,45.46961667,7.68923333,1548.00,60.093
2406,1,2401,-525.829098031187,-4118.110173895012,2020-08-08T11:33:35Z,45.46966667,7.68911667,1548.00,60.103
2407,1,2402,-524.829098031187,-4117.110173895012,2020-08-08T11:33:36Z,45.46971667,7.68898333,1548.00,60.114
2408,1,2403,-523.829098031187,-4116.110173895012,2020-08-08T11:33:37Z,45.46976667,7.68883333,1548.00,60.126
2409,1,2404,-522.829098031187,-4115.110173895012,2020-08-08T11:33:38Z,45.46981667,7.68868333,1550.00,60.138
2410,1,2405,-521.829098031187,-4114.110173895012,2020-08-08T11:33:39Z,45.46988333,7.68855000,1551.00,60.15
2411,1,2406,-520.829098031187,-4113.110173895012,2020-08-08T11:33:40Z,45.46995000,7.68843333,1555.00,60.162
2412,1,2407,-519.829098031187,-4112.110173895012,2020-08-08T11:33:41Z,45.47000000,7.68833333,1557.00,60.171
2413,1,2408,-518.829098031187,-4111.110173895012,2020-08-08T11:33:42Z,45.47005000,7.68826667,1560.00,60.178
2414,1,2409,-517.829098031187,-4110.110173895012,2020-08-08T11:33:43Z,45.47010000,7.68818333,1563.00,60.187
2415,1,2410,-516.829098031187,-4109.110173895012,2020-08-08T11:33:44Z,45.47015000,7.68810000,1564.00,60.195
2416,1,2411,-515.829098031187,-4108.110173895012,2020-08-08T11:33:45Z,45.47021667,7.68800000,1565.00,60.206
2417,1,2412,-514.829098031187,-4107.110173895012,2020-08-08T11:33:46Z,45.47030000,7.68788333,1565.00,60.219
2418,1,2413,-513.829098031187,-4106.110173895012,2020-08-08T11:33:47Z,45.47038333,7.68780000,1566.00,60.23
2419,1,2414,-512.829098031187,-4105.110173895012,2020-08-08T11:33:48Z,45.47048333,7.68778333,1567.00,60.24
2420,1,2415,-511.829098031187,-4104.110173895012,2020-08-08T11:33:49Z,45.47058333,7.68783333,1567.00,60.245
2421,1,2416,-510.829098031187,-4103.110173895012,2020-08-08T11:33:50Z,45.47065000,7.68795000,1566.00,60.245
2422,1,2417,-509.829098031187,-4102.110173895012,2020-08-08T11:33:51Z,45.47068333,7.68808333,1566.00,60.241
2423,1,2418,-508.829098031187,-4101.110173895012,2020-08-08T11:33:52Z,45.47071667,7.68820000,1566.00,60.238
2424,1,2419,-507.829098031187,-4100.110173895012,2020-08-08T11:33:53Z,45.47071667,7.68831667,1568.00,60.232
2425,1,2420,-506.829098031187,-4099.110173895012,2020-08-08T11:33:54Z,45.47070000,7.68840000,1569.00,60.227
2426,1,2421,-505.829098031187,-4098.110173895012,2020-08-08T11:33:55Z,45.47063333,7.68848333,1570.00,60.217
2427,1,2422,-504.829098031187,-4097.110173895012,2020-08-08T11:33:56Z,45.47055000,7.68855000,1571.00,60.206
2428,1,2423,-503.829098031187,-4096.110173895012,2020-08-08T11:33:57Z,45.47046667,7.68856667,1574.00,60.199
2429,1,2424,-502.829098031187,-4095.110173895012,2020-08-08T11:33:58Z,45.47038333,7.68853333,1576.00,60.193
2430,1,2425,-501.829098031187,-4094.110173895012,2020-08-08T11:33:59Z,45.47031667,7.68846667,1578.00,60.191
2431,1,2426,-500.829098031187,-4093.110173895012,2020-08-08T11:34:00Z,45.47026667,7.68836667,1580.00,60.192
2432,1,2427,-499.829098031187,-4092.110173895012,2020-08-08T11:34:01Z,45.47023333,7.68826667,1582.00,60.194
2433,1,2428,-498.829098031187,-4091.110173895012,2020-08-08T11:34:02Z,45.47018333,7.68815000,1584.00,60.196
2434,1,2429,-497.829098031187,-4090.110173895012,2020-08-08T11:34:03Z,45.47013333,7.68803333,1587.00,60.197
2435,1,2430,-496.829098031187,-4089.110173895012,2020-08-08T11:34:04Z,45.47013333,7.68793333,1589.00,60.202
2436,1,2431,-495.829098031187,-4088.110173895012,2020-08-08T11:34:05Z,45.47013333,7.68781667,1589.00,60.208
2437,1,2432,-494.829098031187,-4087.110173895012,2020-08-08T11:34:06Z,45.47015000,7.68770000,1590.00,60.216
2438,1,2433,-493.829098031187,-4086.110173895012,2020-08-08T11:34:07Z,45.47016667,7.68756667,1589.00,60.224
2439,1,2434,-492.829098031187,-4085.110173895012,2020-08-08T11:34:08Z,45.47020000,7.68743333,1590.00,60.233
2440,1,2435,-491.829098031187,-4084.110173895012,2020-08-08T11:34:09Z,45.47023333,7.68728333,1591.00,60.244
2441,1,2436,-490.829098031187,-4083.110173895012,2020-08-08T11:34:10Z,45.47030000,7.68715000,1592.00,60.256
2442,1,2437,-489.829098031187,-4082.110173895012,2020-08-08T11:34:11Z,45.47035000,7.68701667,1594.00,60.267
2443,1,2438,-488.829098031187,-4081.110173895012,2020-08-08T11:34:12Z,45.47041667,7.68688333,1595.00,60.28
2444,1,2439,-487.829098031187,-4080.110173895012,2020-08-08T11:34:13Z,45.47048333,7.68675000,1597.00,60.292
2445,1,2440,-486.829098031187,-4079.110173895012,2020-08-08T11:34:14Z,45.47055000,7.68663333,1599.00,60.304
2446,1,2441,-485.829098031187,-4078.110173895012,2020-08-08T11:34:15Z,45.47063333,7.68653333,1600.00,60.316
2447,1,2442,-484.829098031187,-4077.110173895012,2020-08-08T11:34:16Z,45.47071667,7.68646667,1603.00,60.326
2448,1,2443,-483.829098031187,-4076.110173895012,2020-08-08T11:34:17Z,45.47078333,7.68641667,1605.00,60.334
2449,1,2444,-482.829098031187,-4075.110173895012,2020-08-08T11:34:18Z,45.47086667,7.68636667,1606.00,60.344
2450,1,2445,-481.829098031187,-4074.110173895012,2020-08-08T11:34:19Z,45.47093333,7.68633333,1608.00,60.351
2451,1,2446,-480.829098031187,-4073.110173895012,2020-08-08T11:34:20Z,45.47101667,7.68628333,1610.00,60.361
2452,1,2447,-479.829098031187,-4072.110173895012,2020-08-08T11:34:21Z,45.47110000,7.68623333,1611.00,60.37
2453,1,2448,-478.829098031187,-4071.110173895012,2020-08-08T11:34:22Z,45.47118333,7.68618333,1614.00,60.38
2454,1,2449,-477.829098031187,-4070.110173895012,2020-08-08T11:34:23Z,45.47126667,7.68613333,1616.00,60.389
2455,1,2450,-476.829098031187,-4069.110173895012,2020-08-08T11:34:24Z,45.47133333,7.68611667,1618.00,60.396
2456,1,2451,-475.829098031187,-4068.110173895012,2020-08-08T11:34:25Z,45.47141667,7.68611667,1619.00,60.403
2457,1,2452,-474.829098031187,-4067.110173895012,2020-08-08T11:34:26Z,45.47148333,7.68615000,1622.00,60.407
2458,1,2453,-473.829098031187,-4066.110173895012,2020-08-08T11:34:27Z,45.47155000,7.68621667,1622.00,60.409
2459,1,2454,-472.829098031187,-4065.110173895012,2020-08-08T11:34:28Z,45.47160000,7.68631667,1624.00,60.408
2460,1,2455,-471.829098031187,-4064.110173895012,2020-08-08T11:34:29Z,45.47163333,7.68641667,1625.00,60.406
2461,1,2456,-470.829098031187,-4063.110173895012,2020-08-08T11:34:30Z,45.47163333,7.68651667,1626.00,60.401
2462,1,2457,-469.829098031187,-4062.110173895012,2020-08-08T11:34:31Z,45.47161667,7.68661667,1627.00,60.394
2463,1,2458,-468.829098031187,-4061.110173895012,2020-08-08T11:34:32Z,45.47158333,7.68670000,1628.00,60.387
2464,1,2459,-467.829098031187,-4060.110173895012,2020-08-08T11:34:33Z,45.47155000,7.68680000,1628.00,60.38
2465,1,2460,-466.829098031187,-4059.110173895012,2020-08-08T11:34:34Z,45.47148333,7.68686667,1629.00,60.37
2466,1,2461,-465.829098031187,-4058.110173895012,2020-08-08T11:34:35Z,45.47140000,7.68691667,1630.00,60.361
2467,1,2462,-464.829098031187,-4057.110173895012,2020-08-08T11:34:36Z,45.47131667,7.68695000,1631.00,60.352
2468,1,2463,-463.829098031187,-4056.110173895012,2020-08-08T11:34:37Z,45.47123333,7.68695000,1630.00,60.345
2469,1,2464,-462.829098031187,-4055.110173895012,2020-08-08T11:34:38Z,45.47113333,7.68693333,1631.00,60.338
2470,1,2465,-461.829098031187,-4054.110173895012,2020-08-08T11:34:39Z,45.47105000,7.68693333,1631.00,60.33
2471,1,2466,-460.829098031187,-4053.110173895012,2020-08-08T11:34:40Z,45.47095000,7.68691667,1632.00,60.323
2472,1,2467,-459.829098031187,-4052.110173895012,2020-08-08T11:34:41Z,45.47083333,7.68690000,1633.00,60.314
2473,1,2468,-458.829098031187,-4051.110173895012,2020-08-08T11:34:42Z,45.47075000,7.68688333,1633.00,60.308
2474,1,2469,-457.829098031187,-4050.110173895012,2020-08-08T11:34:43Z,45.47065000,7.68685000,1635.00,60.301
2475,1,2470,-456.829098031187,-4049.110173895012,2020-08-08T11:34:44Z,45.47056667,7.68676667,1636.00,60.298
2476,1,2471,-455.829098031187,-4048.110173895012,2020-08-08T11:34:45Z,45.47046667,7.68668333,1637.00,60.294
2477,1,2472,-454.829098031187,-4047.110173895012,2020-08-08T11:34:46Z,45.47040000,7.68658333,1639.00,60.293
2478,1,2473,-453.829098031187,-4046.110173895012,2020-08-08T11:34:47Z,45.47035000,7.68646667,1641.00,60.295
2479,1,2474,-452.829098031187,-4045.110173895012,2020-08-08T11:34:48Z,45.47031667,7.68635000,1643.00,60.298
2480,1,2475,-451.829098031187,-4044.110173895012,2020-08-08T11:34:49Z,45.47030000,7.68623333,1642.00,60.303
2481,1,2476,-450.829098031187,-4043.110173895012,2020-08-08T11:34:50Z,45.47031667,7.68611667,1642.00,60.31
2482,1,2477,-449.829098031187,-4042.110173895012,2020-08-08T11:34:51Z,45.47033333,7.68596667,1640.00,60.319
2483,1,2478,-448.829098031187,-4041.110173895012,2020-08-08T11:34:52Z,45.47036667,7.68581667,1641.00,60.33
2484,1,2479,-447.829098031187,-4040.110173895012,2020-08-08T11:34:53Z,45.47040000,7.68570000,1641.00,60.339
2485,1,2480,-446.829098031187,-4039.110173895012,2020-08-08T11:34:54Z,45.47045000,7.68560000,1644.00,60.348
2486,1,2481,-445.829098031187,-4038.110173895012,2020-08-08T11:34:55Z,45.47048333,7.68551667,1646.00,60.355
2487,1,2482,-444.829098031187,-4037.110173895012,2020-08-08T11:34:56Z,45.47053333,7.68546667,1647.00,60.362
2488,1,2483,-443.829098031187,-4036.110173895012,2020-08-08T11:34:57Z,45.47060000,7.68541667,1647.00,60.37
2489,1,2484,-442.829098031187,-4035.110173895012,2020-08-08T11:34:58Z,45.47068333,7.68540000,1648.00,60.378
2490,1,2485,-441.829098031187,-4034.110173895012,2020-08-08T11:34:59Z,45.47075000,7.68538333,1648.00,60.384
2491,1,2486,-440.829098031187,-4033.110173895012,2020-08-08T11:35:00Z,45.47083333,7.68538333,1649.00,60.391
2492,1,2487,-439.829098031187,-4032.110173895012,2020-08-08T11:35:01Z,45.47090000,7.68540000,1650.00,60.396
2493,1,2488,-438.829098031187,-4031.110173895012,2020-08-08T11:35:02Z,45.47096667,7.68541667,1651.00,60.401
2494,1,2489,-437.829098031187,-4030.110173895012,2020-08-08T11:35:03Z,45.47103333,7.68545000,1652.00,60.405
2495,1,2490,-436.829098031187,-4029.110173895012,2020-08-08T11:35:04Z,45.47111667,7.68550000,1653.00,60.409
2496,1,2491,-435.829098031187,-4028.110173895012,2020-08-08T11:35:05Z,45.47116667,7.68560000,1654.00,60.408
2497,1,2492,-434.829098031187,-4027.110173895012,2020-08-08T11:35:06Z,45.47118333,7.68573333,1656.00,60.403
2498,1,2493,-433.829098031187,-4026.110173895012,2020-08-08T11:35:07Z,45.47116667,7.68585000,1656.00,60.395
2499,1,2494,-432.829098031187,-4025.110173895012,2020-08-08T11:35:08Z,45.47111667,7.68596667,1658.00,60.385
2500,1,2495,-431.829098031187,-4024.110173895012,2020-08-08T11:35:09Z,45.47106667,7.68603333,1660.00,60.378
2501,1,2496,-430.829098031187,-4023.110173895012,2020-08-08T11:35:10Z,45.47100000,7.68606667,1662.00,60.37
2502,1,2497,-429.829098031187,-4022.110173895012,2020-08-08T11:35:11Z,45.47091667,7.68606667,1663.00,60.363
2503,1,2498,-428.829098031187,-4021.110173895012,2020-08-08T11:35:12Z,45.47083333,7.68603333,1665.00,60.358
2504,1,2499,-427.829098031187,-4020.110173895012,2020-08-08T11:35:13Z,45.47076667,7.68598333,1665.00,60.355
2505,1,2500,-426.829098031187,-4019.110173895012,2020-08-08T11:35:14Z,45.47070000,7.68591667,1665.00,60.353
2506,1,2501,-425.829098031187,-4018.110173895012,2020-08-08T11:35:15Z,45.47065000,7.68580000,1664.00,60.354
2507,1,2502,-424.829098031187,-4017.110173895012,2020-08-08T11:35:16Z,45.47061667,7.68568333,1664.00,60.358
2508,1,2503,-423.829098031187,-4016.110173895012,2020-08-08T11:35:17Z,45.47060000,7.68553333,1664.00,60.364
2509,1,2504,-422.829098031187,-4015.110173895012,2020-08-08T11:35:18Z,45.47061667,7.68541667,1665.00,60.371
2510,1,2505,-421.829098031187,-4014.110173895012,2020-08-08T11:35:19Z,45.47065000,7.68530000,1666.00,60.38
2511,1,2506,-420.829098031187,-4013.110173895012,2020-08-08T11:35:20Z,45.47070000,7.68523333,1667.00,60.388
2512,1,2507,-419.829098031187,-4012.110173895012,2020-08-08T11:35:21Z,45.47076667,7.68516667,1668.00,60.397
2513,1,2508,-418.829098031187,-4011.110173895012,2020-08-08T11:35:22Z,45.47083333,7.68513333,1669.00,60.404
2514,1,2509,-417.829098031187,-4010.110173895012,2020-08-08T11:35:23Z,45.47091667,7.68513333,1670.00,60.411
2515,1,2510,-416.829098031187,-4009.110173895012,2020-08-08T11:35:24Z,45.47100000,7.68513333,1672.00,60.418
2516,1,2511,-415.829098031187,-4008.110173895012,2020-08-08T11:35:25Z,45.47106667,7.68518333,1673.00,60.421
2517,1,2512,-414.829098031187,-4007.110173895012,2020-08-08T11:35:26Z,45.47111667,7.68526667,1674.00,60.421
2518,1,2513,-413.829098031187,-4006.110173895012,2020-08-08T11:35:27Z,45.47116667,7.68535000,1675.00,60.421
2519,1,2514,-412.829098031187,-4005.110173895012,2020-08-08T11:35:28Z,45.47120000,7.68546667,1676.00,60.418
2520,1,2515,-411.829098031187,-4004.110173895012,2020-08-08T11:35:29Z,45.47123333,7.68555000,1677.00,60.416
2521,1,2516,-410.829098031187,-4003.110173895012,2020-08-08T11:35:30Z,45.47128333,7.68563333,1678.00,60.416
2522,1,2517,-409.829098031187,-4002.110173895012,2020-08-08T11:35:31Z,45.47131667,7.68570000,1678.00,60.416
2523,1,2518,-408.829098031187,-4001.110173895012,2020-08-08T11:35:32Z,45.47135000,7.68578333,1679.00,60.414
2524,1,2519,-407.829098031187,-4000.110173895012,2020-08-08T11:35:33Z,45.47138333,7.68588333,1680.00,60.412
2525,1,2520,-406.829098031187,-3999.110173895012,2020-08-08T11:35:34Z,45.47140000,7.68600000,1681.00,60.407
2526,1,2521,-405.829098031187,-3998.110173895012,2020-08-08T11:35:35Z,45.47143333,7.68610000,1682.00,60.405
2527,1,2522,-404.829098031187,-3997.110173895012,2020-08-08T11:35:36Z,45.47145000,7.68618333,1683.00,60.402
2528,1,2523,-403.829098031187,-3996.110173895012,2020-08-08T11:35:37Z,45.47151667,7.68626667,1683.00,60.404
2529,1,2524,-402.829098031187,-3995.110173895012,2020-08-08T11:35:38Z,45.47156667,7.68631667,1682.00,60.405
2530,1,2525,-401.829098031187,-3994.110173895012,2020-08-08T11:35:39Z,45.47165000,7.68640000,1683.00,60.408
2531,1,2526,-400.829098031187,-3993.110173895012,2020-08-08T11:35:40Z,45.47170000,7.68648333,1682.00,60.408
2532,1,2527,-399.829098031187,-3992.110173895012,2020-08-08T11:35:41Z,45.47173333,7.68660000,1682.00,60.405
2533,1,2528,-398.829098031187,-3991.110173895012,2020-08-08T11:35:42Z,45.47176667,7.68673333,1682.00,60.401
2534,1,2529,-397.829098031187,-3990.110173895012,2020-08-08T11:35:43Z,45.47176667,7.68686667,1681.00,60.394
2535,1,2530,-396.829098031187,-3989.110173895012,2020-08-08T11:35:44Z,45.47175000,7.68700000,1681.00,60.386
2536,1,2531,-395.829098031187,-3988.110173895012,2020-08-08T11:35:45Z,45.47173333,7.68713333,1682.00,60.378
2537,1,2532,-394.829098031187,-3987.110173895012,2020-08-08T11:35:46Z,45.47171667,7.68723333,1683.00,60.372
2538,1,2533,-393.829098031187,-3986.110173895012,2020-08-08T11:35:47Z,45.47166667,7.68731667,1685.00,60.363
2539,1,2534,-392.829098031187,-3985.110173895012,2020-08-08T11:35:48Z,45.47161667,7.68740000,1687.00,60.355
2540,1,2535,-391.829098031187,-3984.110173895012,2020-08-08T11:35:49Z,45.47156667,7.68745000,1689.00,60.348
2541,1,2536,-390.829098031187,-3983.110173895012,2020-08-08T11:35:50Z,45.47151667,7.68750000,1691.00,60.341
2542,1,2537,-389.829098031187,-3982.110173895012,2020-08-08T11:35:51Z,45.47145000,7.68753333,1694.00,60.334
2543,1,2538,-388.829098031187,-3981.110173895012,2020-08-08T11:35:52Z,45.47140000,7.68756667,1697.00,60.328
2544,1,2539,-387.829098031187,-3980.110173895012,2020-08-08T11:35:53Z,45.47133333,7.68758333,1699.00,60.322
2545,1,2540,-386.829098031187,-3979.110173895012,2020-08-08T11:35:54Z,45.47126667,7.68756667,1701.00,60.317
2546,1,2541,-385.829098031187,-3978.110173895012,2020-08-08T11:35:55Z,45.47120000,7.68750000,1702.00,60.314
2547,1,2542,-384.829098031187,-3977.110173895012,2020-08-08T11:35:56Z,45.47115000,7.68738333,1703.00,60.316
2548,1,2543,-383.829098031187,-3976.110173895012,2020-08-08T11:35:57Z,45.47115000,7.68723333,1703.00,60.324
2549,1,2544,-382.829098031187,-3975.110173895012,2020-08-08T11:35:58Z,45.47118333,7.68708333,1703.00,60.334
2550,1,2545,-381.829098031187,-3974.110173895012,2020-08-08T11:35:59Z,45.47125000,7.68696667,1704.00,60.346
2551,1,2546,-380.829098031187,-3973.110173895012,2020-08-08T11:36:00Z,45.47135000,7.68688333,1705.00,60.358
2552,1,2547,-379.829098031187,-3972.110173895012,2020-08-08T11:36:01Z,45.47143333,7.68683333,1705.00,60.368
2553,1,2548,-378.829098031187,-3971.110173895012,2020-08-08T11:36:02Z,45.47153333,7.68681667,1705.00,60.377
2554,1,2549,-377.829098031187,-3970.110173895012,2020-08-08T11:36:03Z,45.47161667,7.68681667,1706.00,60.384
2555,1,2550,-376.829098031187,-3969.110173895012,2020-08-08T11:36:04Z,45.47170000,7.68681667,1707.00,60.391
2556,1,2551,-375.829098031187,-3968.110173895012,2020-08-08T11:36:05Z,45.47176667,7.68683333,1707.00,60.396
2557,1,2552,-374.829098031187,-3967.110173895012,2020-08-08T11:36:06Z,45.47183333,7.68685000,1706.00,60.401
2558,1,2553,-373.829098031187,-3966.110173895012,2020-08-08T11:36:07Z,45.47191667,7.68688333,1706.00,60.406
2559,1,2554,-372.829098031187,-3965.110173895012,2020-08-08T11:36:08Z,45.47200000,7.68693333,1706.00,60.411
2560,1,2555,-371.829098031187,-3964.110173895012,2020-08-08T11:36:09Z,45.47208333,7.68698333,1706.00,60.415
2561,1,2556,-370.829098031187,-3963.110173895012,2020-08-08T11:36:10Z,45.47215000,7.68706667,1705.00,60.417
2562,1,2557,-369.829098031187,-3962.110173895012,2020-08-08T11:36:11Z,45.47221667,7.68718333,1704.00,60.417
2563,1,2558,-368.829098031187,-3961.110173895012,2020-08-08T11:36:12Z,45.47226667,7.68730000,1703.00,60.415
2564,1,2559,-367.829098031187,-3960.110173895012,2020-08-08T11:36:13Z,45.47228333,7.68743333,1702.00,60.41
2565,1,2560,-366.829098031187,-3959.110173895012,2020-08-08T11:36:14Z,45.47230000,7.68756667,1703.00,60.405
2566,1,2561,-365.829098031187,-3958.110173895012,2020-08-08T11:36:15Z,45.47233333,7.68768333,1704.00,60.402
2567,1,2562,-364.829098031187,-3957.110173895012,2020-08-08T11:36:16Z,45.47235000,7.68781667,1704.00,60.396
2568,1,2563,-363.829098031187,-3956.110173895012,2020-08-08T11:36:17Z,45.47238333,7.68793333,1705.00,60.393
2569,1,2564,-362.829098031187,-3955.110173895012,2020-08-08T11:36:18Z,45.47241667,7.68805000,1706.00,60.39
2570,1,2565,-361.829098031187,-3954.110173895012,2020-08-08T11:36:19Z,45.47245000,7.68816667,1706.00,60.387
2571,1,2566,-360.829098031187,-3953.110173895012,2020-08-08T11:36:20Z,45.47250000,7.68828333,1707.00,60.386
2572,1,2567,-359.829098031187,-3952.110173895012,2020-08-08T11:36:21Z,45.47253333,7.68840000,1708.00,60.383
2573,1,2568,-358.829098031187,-3951.110173895012,2020-08-08T11:36:22Z,45.47256667,7.68851667,1710.00,60.38
2574,1,2569,-357.829098031187,-3950.110173895012,2020-08-08T11:36:23Z,45.47256667,7.68863333,1712.00,60.374
2575,1,2570,-356.829098031187,-3949.110173895012,2020-08-08T11:36:24Z,45.47253333,7.68873333,1713.00,60.366
2576,1,2571,-355.829098031187,-3948.110173895012,2020-08-08T11:36:25Z,45.47246667,7.68878333,1713.00,60.358
2577,1,2572,-354.829098031187,-3947.110173895012,2020-08-08T11:36:26Z,45.47240000,7.68880000,1712.00,60.351
2578,1,2573,-353.829098031187,-3946.110173895012,2020-08-08T11:36:27Z,45.47233333,7.68876667,1711.00,60.347
2579,1,2574,-352.829098031187,-3945.110173895012,2020-08-08T11:36:28Z,45.47228333,7.68866667,1711.00,60.348
2580,1,2575,-351.829098031187,-3944.110173895012,2020-08-08T11:36:29Z,45.47226667,7.68855000,1709.00,60.352
2581,1,2576,-350.829098031187,-3943.110173895012,2020-08-08T11:36:30Z,45.47230000,7.68843333,1709.00,60.361
2582,1,2577,-349.829098031187,-3942.110173895012,2020-08-08T11:36:31Z,45.47235000,7.68830000,1708.00,60.372
2583,1,2578,-348.829098031187,-3941.110173895012,2020-08-08T11:36:32Z,45.47243333,7.68818333,1708.00,60.385
2584,1,2579,-347.829098031187,-3940.110173895012,2020-08-08T11:36:33Z,45.47251667,7.68806667,1711.00,60.398
2585,1,2580,-346.829098031187,-3939.110173895012,2020-08-08T11:36:34Z,45.47258333,7.68800000,1713.00,60.407
2586,1,2581,-345.829098031187,-3938.110173895012,2020-08-08T11:36:35Z,45.47268333,7.68796667,1714.00,60.417
2587,1,2582,-344.829098031187,-3937.110173895012,2020-08-08T11:36:36Z,45.47278333,7.68798333,1714.00,60.425
2588,1,2583,-343.829098031187,-3936.110173895012,2020-08-08T11:36:37Z,45.47290000,7.68805000,1714.00,60.432
2589,1,2584,-342.829098031187,-3935.110173895012,2020-08-08T11:36:38Z,45.47298333,7.68820000,1713.00,60.431
2590,1,2585,-341.829098031187,-3934.110173895012,2020-08-08T11:36:39Z,45.47300000,7.68836667,1713.00,60.424
2591,1,2586,-340.829098031187,-3933.110173895012,2020-08-08T11:36:40Z,45.47298333,7.68851667,1713.00,60.415
2592,1,2587,-339.829098031187,-3932.110173895012,2020-08-08T11:36:41Z,45.47293333,7.68861667,1714.00,60.406
2593,1,2588,-338.829098031187,-3931.110173895012,2020-08-08T11:36:42Z,45.47288333,7.68868333,1715.00,60.399
2594,1,2589,-337.829098031187,-3930.110173895012,2020-08-08T11:36:43Z,45.47283333,7.68868333,1716.00,60.394
2595,1,2590,-336.829098031187,-3929.110173895012,2020-08-08T11:36:44Z,45.47278333,7.68868333,1717.00,60.39
2596,1,2591,-335.829098031187,-3928.110173895012,2020-08-08T11:36:45Z,45.47275000,7.68868333,1716.00,60.387
2597,1,2592,-334.829098031187,-3927.110173895012,2020-08-08T11:36:46Z,45.47270000,7.68868333,1715.00,60.383
2598,1,2593,-333.829098031187,-3926.110173895012,2020-08-08T11:36:47Z,45.47263333,7.68870000,1714.00,60.376
2599,1,2594,-332.829098031187,-3925.110173895012,2020-08-08T11:36:48Z,45.47256667,7.68870000,1712.00,60.371
2600,1,2595,-331.829098031187,-3924.110173895012,2020-08-08T11:36:49Z,45.47250000,7.68873333,1712.00,60.363
2601,1,2596,-330.829098031187,-3923.110173895012,2020-08-08T11:36:50Z,45.47241667,7.68875000,1711.00,60.355
2602,1,2597,-329.829098031187,-3922.110173895012,2020-08-08T11:36:51Z,45.47233333,7.68875000,1712.00,60.348
2603,1,2598,-328.829098031187,-3921.110173895012,2020-08-08T11:36:52Z,45.47228333,7.68875000,1713.00,60.344
2604,1,2599,-327.829098031187,-3920.110173895012,2020-08-08T11:36:53Z,45.47223333,7.68871667,1713.00,60.341
2605,1,2600,-326.829098031187,-3919.110173895012,2020-08-08T11:36:54Z,45.47216667,7.68870000,1714.00,60.336
2606,1,2601,-325.829098031187,-3918.110173895012,2020-08-08T11:36:55Z,45.47211667,7.68868333,1713.00,60.333
2607,1,2602,-324.829098031187,-3917.110173895012,2020-08-08T11:36:56Z,45.47206667,7.68865000,1713.00,60.33
2608,1,2603,-323.829098031187,-3916.110173895012,2020-08-08T11:36:57Z,45.47200000,7.68860000,1713.00,60.327
2609,1,2604,-322.829098031187,-3915.110173895012,2020-08-08T11:36:58Z,45.47193333,7.68853333,1713.00,60.325
2610,1,2605,-321.829098031187,-3914.110173895012,2020-08-08T11:36:59Z,45.47190000,7.68843333,1714.00,60.327
2611,1,2606,-320.829098031187,-3913.110173895012,2020-08-08T11:37:00Z,45.47186667,7.68833333,1715.00,60.329
2612,1,2607,-319.829098031187,-3912.110173895012,2020-08-08T11:37:01Z,45.47186667,7.68823333,1717.00,60.334
2613,1,2608,-318.829098031187,-3911.110173895012,2020-08-08T11:37:02Z,45.47186667,7.68811667,1719.00,60.34
2614,1,2609,-317.829098031187,-3910.110173895012,2020-08-08T11:37:03Z,45.47188333,7.68801667,1721.00,60.346
2615,1,2610,-316.829098031187,-3909.110173895012,2020-08-08T11:37:04Z,45.47191667,7.68791667,1722.00,60.354
2616,1,2611,-315.829098031187,-3908.110173895012,2020-08-08T11:37:05Z,45.47195000,7.68783333,1723.00,60.361
2617,1,2612,-314.829098031187,-3907.110173895012,2020-08-08T11:37:06Z,45.47198333,7.68773333,1724.00,60.369
2618,1,2613,-313.829098031187,-3906.110173895012,2020-08-08T11:37:07Z,45.47205000,7.68761667,1724.00,60.381
2619,1,2614,-312.829098031187,-3905.110173895012,2020-08-08T11:37:08Z,45.47213333,7.68751667,1725.00,60.393
2620,1,2615,-311.829098031187,-3904.110173895012,2020-08-08T11:37:09Z,45.47223333,7.68745000,1725.00,60.405
2621,1,2616,-310.829098031187,-3903.110173895012,2020-08-08T11:37:10Z,45.47233333,7.68745000,1727.00,60.413
2622,1,2617,-309.829098031187,-3902.110173895012,2020-08-08T11:37:11Z,45.47243333,7.68748333,1727.00,60.42
2623,1,2618,-308.829098031187,-3901.110173895012,2020-08-08T11:37:12Z,45.47251667,7.68756667,1725.00,60.423
2624,1,2619,-307.829098031187,-3900.110173895012,2020-08-08T11:37:13Z,45.47261667,7.68765000,1725.00,60.427
2625,1,2620,-306.829098031187,-3899.110173895012,2020-08-08T11:37:14Z,45.47270000,7.68775000,1725.00,60.429
2626,1,2621,-305.829098031187,-3898.110173895012,2020-08-08T11:37:15Z,45.47276667,7.68785000,1726.00,60.43
2627,1,2622,-304.829098031187,-3897.110173895012,2020-08-08T11:37:16Z,45.47281667,7.68796667,1728.00,60.429
2628,1,2623,-303.829098031187,-3896.110173895012,2020-08-08T11:37:17Z,45.47285000,7.68810000,1728.00,60.425
2629,1,2624,-302.829098031187,-3895.110173895012,2020-08-08T11:37:18Z,45.47285000,7.68823333,1730.00,60.418
2630,1,2625,-301.829098031187,-3894.110173895012,2020-08-08T11:37:19Z,45.47283333,7.68836667,1730.00,60.41
2631,1,2626,-300.829098031187,-3893.110173895012,2020-08-08T11:37:20Z,45.47281667,7.68848333,1732.00,60.403
2632,1,2627,-299.829098031187,-3892.110173895012,2020-08-08T11:37:21Z,45.47276667,7.68858333,1732.00,60.394
2633,1,2628,-298.829098031187,-3891.110173895012,2020-08-08T11:37:22Z,45.47271667,7.68866667,1733.00,60.385
2634,1,2629,-297.829098031187,-3890.110173895012,2020-08-08T11:37:23Z,45.47265000,7.68873333,1733.00,60.376
2635,1,2630,-296.829098031187,-3889.110173895012,2020-08-08T11:37:24Z,45.47260000,7.68878333,1734.00,60.369
2636,1,2631,-295.829098031187,-3888.110173895012,2020-08-08T11:37:25Z,45.47251667,7.68880000,1733.00,60.361
2637,1,2632,-294.829098031187,-3887.110173895012,2020-08-08T11:37:26Z,45.47245000,7.68881667,1733.00,60.355
2638,1,2633,-293.829098031187,-3886.110173895012,2020-08-08T11:37:27Z,45.47238333,7.68880000,1733.00,60.35
2639,1,2634,-292.829098031187,-3885.110173895012,2020-08-08T11:37:28Z,45.47231667,7.68876667,1733.00,60.346
2640,1,2635,-291.829098031187,-3884.110173895012,2020-08-08T11:37:29Z,45.47225000,7.68870000,1733.00,60.344
2641,1,2636,-290.829098031187,-3883.110173895012,2020-08-08T11:37:30Z,45.47220000,7.68865000,1734.00,60.342
2642,1,2637,-289.829098031187,-3882.110173895012,2020-08-08T11:37:31Z,45.47216667,7.68858333,1734.00,60.342
2643,1,2638,-288.829098031187,-3881.110173895012,2020-08-08T11:37:32Z,45.47213333,7.68851667,1735.00,60.343
2644,1,2639,-287.829098031187,-3880.110173895012,2020-08-08T11:37:33Z,45.47210000,7.68845000,1734.00,60.343
2645,1,2640,-286.829098031187,-3879.110173895012,2020-08-08T11:37:34Z,45.47205000,7.68836667,1732.00,60.343
2646,1,2641,-285.829098031187,-3878.110173895012,2020-08-08T11:37:35Z,45.47198333,7.68830000,1730.00,60.341
2647,1,2642,-284.829098031187,-3877.110173895012,2020-08-08T11:37:36Z,45.47188333,7.68826667,1728.00,60.334
2648,1,2643,-283.829098031187,-3876.110173895012,2020-08-08T11:37:37Z,45.47178333,7.68826667,1726.00,60.325
2649,1,2644,-282.829098031187,-3875.110173895012,2020-08-08T11:37:38Z,45.47170000,7.68830000,1726.00,60.317
2650,1,2645,-281.829098031187,-3874.110173895012,2020-08-08T11:37:39Z,45.47161667,7.68835000,1728.00,60.307
2651,1,2646,-280.829098031187,-3873.110173895012,2020-08-08T11:37:40Z,45.47155000,7.68840000,1728.00,60.299
2652,1,2647,-279.829098031187,-3872.110173895012,2020-08-08T11:37:41Z,45.47148333,7.68845000,1728.00,60.291
2653,1,2648,-278.829098031187,-3871.110173895012,2020-08-08T11:37:42Z,45.47140000,7.68851667,1727.00,60.28
2654,1,2649,-277.829098031187,-3870.110173895012,2020-08-08T11:37:43Z,45.47131667,7.68856667,1726.00,60.271
2655,1,2650,-276.829098031187,-3869.110173895012,2020-08-08T11:37:44Z,45.47121667,7.68863333,1726.00,60.259
2656,1,2651,-275.829098031187,-3868.110173895012,2020-08-08T11:37:45Z,45.47113333,7.68868333,1727.00,60.249
2657,1,2652,-274.829098031187,-3867.110173895012,2020-08-08T11:37:46Z,45.47105000,7.68873333,1728.00,60.24
2658,1,2653,-273.829098031187,-3866.110173895012,2020-08-08T11:37:47Z,45.47098333,7.68878333,1731.00,60.231
2659,1,2654,-272.829098031187,-3865.110173895012,2020-08-08T11:37:48Z,45.47095000,7.68881667,1733.00,60.227
2660,1,2655,-271.829098031187,-3864.110173895012,2020-08-08T11:37:49Z,45.47090000,7.68885000,1734.00,60.221
2661,1,2656,-270.829098031187,-3863.110173895012,2020-08-08T11:37:50Z,45.47081667,7.68888333,1732.00,60.212
2662,1,2657,-269.829098031187,-3862.110173895012,2020-08-08T11:37:51Z,45.47071667,7.68896667,1729.00,60.2
2663,1,2658,-268.829098031187,-3861.110173895012,2020-08-08T11:37:52Z,45.47061667,7.68905000,1728.00,60.187
2664,1,2659,-267.829098031187,-3860.110173895012,2020-08-08T11:37:53Z,45.47050000,7.68913333,1728.00,60.173
2665,1,2660,-266.829098031187,-3859.110173895012,2020-08-08T11:37:54Z,45.47041667,7.68921667,1728.00,60.161
2666,1,2661,-265.829098031187,-3858.110173895012,2020-08-08T11:37:55Z,45.47035000,7.68930000,1728.00,60.152
2667,1,2662,-264.829098031187,-3857.110173895012,2020-08-08T11:37:56Z,45.47028333,7.68938333,1726.00,60.142
2668,1,2663,-263.829098031187,-3856.110173895012,2020-08-08T11:37:57Z,45.47021667,7.68948333,1725.00,60.131
2669,1,2664,-262.829098031187,-3855.110173895012,2020-08-08T11:37:58Z,45.47015000,7.68956667,1723.00,60.121
2670,1,2665,-261.829098031187,-3854.110173895012,2020-08-08T11:37:59Z,45.47006667,7.68968333,1720.00,60.108
2671,1,2666,-260.829098031187,-3853.110173895012,2020-08-08T11:38:00Z,45.46996667,7.68978333,1717.00,60.095
2672,1,2667,-259.829098031187,-3852.110173895012,2020-08-08T11:38:01Z,45.46986667,7.68988333,1715.00,60.081
2673,1,2668,-258.829098031187,-3851.110173895012,2020-08-08T11:38:02Z,45.46975000,7.68995000,1714.00,60.068
2674,1,2669,-257.829098031187,-3850.110173895012,2020-08-08T11:38:03Z,45.46965000,7.69000000,1713.00,60.057
2675,1,2670,-256.829098031187,-3849.110173895012,2020-08-08T11:38:04Z,45.46956667,7.69006667,1713.00,60.047
2676,1,2671,-255.829098031187,-3848.110173895012,2020-08-08T11:38:05Z,45.46946667,7.69013333,1712.00,60.035
2677,1,2672,-254.829098031187,-3847.110173895012,2020-08-08T11:38:06Z,45.46938333,7.69018333,1711.00,60.025
2678,1,2673,-253.829098031187,-3846.110173895012,2020-08-08T11:38:07Z,45.46928333,7.69025000,1710.00,60.013
2679,1,2674,-252.829098031187,-3845.110173895012,2020-08-08T11:38:08Z,45.46916667,7.69033333,1709.00,59.999
2680,1,2675,-251.829098031187,-3844.110173895012,2020-08-08T11:38:09Z,45.46906667,7.69040000,1708.00,59.987
2681,1,2676,-250.829098031187,-3843.110173895012,2020-08-08T11:38:10Z,45.46896667,7.69043333,1706.00,59.977
2682,1,2677,-249.829098031187,-3842.110173895012,2020-08-08T11:38:11Z,45.46888333,7.69048333,1705.00,59.968
2683,1,2678,-248.829098031187,-3841.110173895012,2020-08-08T11:38:12Z,45.46878333,7.69050000,1703.00,59.958
2684,1,2679,-247.829098031187,-3840.110173895012,2020-08-08T11:38:13Z,45.46868333,7.69055000,1699.00,59.947
2685,1,2680,-246.829098031187,-3839.110173895012,2020-08-08T11:38:14Z,45.46856667,7.69058333,1697.00,59.936
2686,1,2681,-245.829098031187,-3838.110173895012,2020-08-08T11:38:15Z,45.46845000,7.69063333,1696.00,59.923
2687,1,2682,-244.829098031187,-3837.110173895012,2020-08-08T11:38:16Z,45.46835000,7.69066667,1695.00,59.913
2688,1,2683,-243.829098031187,-3836.110173895012,2020-08-08T11:38:17Z,45.46825000,7.69068333,1695.00,59.904
2689,1,2684,-242.829098031187,-3835.110173895012,2020-08-08T11:38:18Z,45.46816667,7.69070000,1694.00,59.896
2690,1,2685,-241.829098031187,-3834.110173895012,2020-08-08T11:38:19Z,45.46806667,7.69071667,1694.00,59.887
2691,1,2686,-240.829098031187,-3833.110173895012,2020-08-08T11:38:20Z,45.46796667,7.69073333,1692.00,59.877
2692,1,2687,-239.829098031187,-3832.110173895012,2020-08-08T11:38:21Z,45.46785000,7.69075000,1691.00,59.867
2693,1,2688,-238.829098031187,-3831.110173895012,2020-08-08T11:38:22Z,45.46775000,7.69078333,1692.00,59.856
2694,1,2689,-237.829098031187,-3830.110173895012,2020-08-08T11:38:23Z,45.46766667,7.69080000,1691.00,59.849
2695,1,2690,-236.829098031187,-3829.110173895012,2020-08-08T11:38:24Z,45.46758333,7.69081667,1692.00,59.841
2696,1,2691,-235.829098031187,-3828.110173895012,2020-08-08T11:38:25Z,45.46748333,7.69083333,1692.00,59.831
2697,1,2692,-234.829098031187,-3827.110173895012,2020-08-08T11:38:26Z,45.46740000,7.69085000,1692.00,59.824
2698,1,2693,-233.829098031187,-3826.110173895012,2020-08-08T11:38:27Z,45.46728333,7.69085000,1691.00,59.814
2699,1,2694,-232.829098031187,-3825.110173895012,2020-08-08T11:38:28Z,45.46718333,7.69085000,1691.00,59.805
2700,1,2695,-231.829098031187,-3824.110173895012,2020-08-08T11:38:29Z,45.46708333,7.69085000,1691.00,59.797
2701,1,2696,-230.829098031187,-3823.110173895012,2020-08-08T11:38:30Z,45.46700000,7.69083333,1690.00,59.791
2702,1,2697,-229.829098031187,-3822.110173895012,2020-08-08T11:38:31Z,45.46693333,7.69081667,1689.00,59.786
2703,1,2698,-228.829098031187,-3821.110173895012,2020-08-08T11:38:32Z,45.46685000,7.69080000,1688.00,59.78
2704,1,2699,-227.829098031187,-3820.110173895012,2020-08-08T11:38:33Z,45.46675000,7.69080000,1684.00,59.771
2705,1,2700,-226.829098031187,-3819.110173895012,2020-08-08T11:38:34Z,45.46665000,7.69081667,1681.00,59.762
2706,1,2701,-225.829098031187,-3818.110173895012,2020-08-08T11:38:35Z,45.46653333,7.69081667,1678.00,59.752
2707,1,2702,-224.829098031187,-3817.110173895012,2020-08-08T11:38:36Z,45.46643333,7.69081667,1677.00,59.744
2708,1,2703,-223.829098031187,-3816.110173895012,2020-08-08T11:38:37Z,45.46633333,7.69081667,1675.00,59.736
2709,1,2704,-222.829098031187,-3815.110173895012,2020-08-08T11:38:38Z,45.46623333,7.69083333,1673.00,59.726
2710,1,2705,-221.829098031187,-3814.110173895012,2020-08-08T11:38:39Z,45.46613333,7.69085000,1672.00,59.717
2711,1,2706,-220.829098031187,-3813.110173895012,2020-08-08T11:38:40Z,45.46603333,7.69086667,1671.00,59.708
2712,1,2707,-219.829098031187,-3812.110173895012,2020-08-08T11:38:41Z,45.46593333,7.69086667,1669.00,59.699
2713,1,2708,-218.829098031187,-3811.110173895012,2020-08-08T11:38:42Z,45.46583333,7.69086667,1668.00,59.691
2714,1,2709,-217.829098031187,-3810.110173895012,2020-08-08T11:38:43Z,45.46573333,7.69086667,1666.00,59.683
2715,1,2710,-216.829098031187,-3809.110173895012,2020-08-08T11:38:44Z,45.46563333,7.69088333,1666.00,59.673
2716,1,2711,-215.829098031187,-3808.110173895012,2020-08-08T11:38:45Z,45.46555000,7.69090000,1665.00,59.666
2717,1,2712,-214.829098031187,-3807.110173895012,2020-08-08T11:38:46Z,45.46546667,7.69093333,1664.00,59.657
2718,1,2713,-213.829098031187,-3806.110173895012,2020-08-08T11:38:47Z,45.46536667,7.69096667,1661.00,59.647
2719,1,2714,-212.829098031187,-3805.110173895012,2020-08-08T11:38:48Z,45.46528333,7.69100000,1658.00,59.638
2720,1,2715,-211.829098031187,-3804.110173895012,2020-08-08T11:38:49Z,45.46520000,7.69101667,1655.00,59.63
2721,1,2716,-210.829098031187,-3803.110173895012,2020-08-08T11:38:50Z,45.46510000,7.69103333,1653.00,59.621
2722,1,2717,-209.829098031187,-3802.110173895012,2020-08-08T11:38:51Z,45.46498333,7.69105000,1651.00,59.61
2723,1,2718,-208.829098031187,-3801.110173895012,2020-08-08T11:38:52Z,45.46488333,7.69106667,1649.00,59.601
2724,1,2719,-207.829098031187,-3800.110173895012,2020-08-08T11:38:53Z,45.46480000,7.69110000,1646.00,59.593
2725,1,2720,-206.829098031187,-3799.110173895012,2020-08-08T11:38:54Z,45.46470000,7.69113333,1645.00,59.583
2726,1,2721,-205.829098031187,-3798.110173895012,2020-08-08T11:38:55Z,45.46460000,7.69118333,1644.00,59.572
2727,1,2722,-204.829098031187,-3797.110173895012,2020-08-08T11:38:56Z,45.46450000,7.69125000,1642.00,59.56
2728,1,2723,-203.829098031187,-3796.110173895012,2020-08-08T11:38:57Z,45.46440000,7.69131667,1642.00,59.548
2729,1,2724,-202.829098031187,-3795.110173895012,2020-08-08T11:38:58Z,45.46430000,7.69136667,1641.00,59.537
2730,1,2725,-201.829098031187,-3794.110173895012,2020-08-08T11:38:59Z,45.46420000,7.69141667,1641.00,59.526
2731,1,2726,-200.829098031187,-3793.110173895012,2020-08-08T11:39:00Z,45.46410000,7.69145000,1642.00,59.516
2732,1,2727,-199.829098031187,-3792.110173895012,2020-08-08T11:39:01Z,45.46401667,7.69148333,1644.00,59.508
2733,1,2728,-198.829098031187,-3791.110173895012,2020-08-08T11:39:02Z,45.46393333,7.69150000,1646.00,59.5
2734,1,2729,-197.829098031187,-3790.110173895012,2020-08-08T11:39:03Z,45.46385000,7.69153333,1647.00,59.491
2735,1,2730,-196.829098031187,-3789.110173895012,2020-08-08T11:39:04Z,45.46378333,7.69156667,1648.00,59.484
2736,1,2731,-195.829098031187,-3788.110173895012,2020-08-08T11:39:05Z,45.46370000,7.69160000,1650.00,59.475
2737,1,2732,-194.829098031187,-3787.110173895012,2020-08-08T11:39:06Z,45.46361667,7.69165000,1651.00,59.466
2738,1,2733,-193.829098031187,-3786.110173895012,2020-08-08T11:39:07Z,45.46353333,7.69168333,1654.00,59.457
2739,1,2734,-192.829098031187,-3785.110173895012,2020-08-08T11:39:08Z,45.46345000,7.69171667,1656.00,59.448
2740,1,2735,-191.829098031187,-3784.110173895012,2020-08-08T11:39:09Z,45.46338333,7.69173333,1659.00,59.442
2741,1,2736,-190.829098031187,-3783.110173895012,2020-08-08T11:39:10Z,45.46331667,7.69173333,1660.00,59.436
2742,1,2737,-189.829098031187,-3782.110173895012,2020-08-08T11:39:11Z,45.46325000,7.69173333,1661.00,59.431
2743,1,2738,-188.829098031187,-3781.110173895012,2020-08-08T11:39:12Z,45.46316667,7.69173333,1660.00,59.424
2744,1,2739,-187.829098031187,-3780.110173895012,2020-08-08T11:39:13Z,45.46308333,7.69175000,1658.00,59.416
2745,1,2740,-186.829098031187,-3779.110173895012,2020-08-08T11:39:14Z,45.46298333,7.69178333,1658.00,59.406
2746,1,2741,-185.829098031187,-3778.110173895012,2020-08-08T11:39:15Z,45.46290000,7.69185000,1657.00,59.396
2747,1,2742,-184.829098031187,-3777.110173895012,2020-08-08T11:39:16Z,45.46281667,7.69191667,1658.00,59.385
2748,1,2743,-183.829098031187,-3776.110173895012,2020-08-08T11:39:17Z,45.46271667,7.69198333,1658.00,59.374
2749,1,2744,-182.829098031187,-3775.110173895012,2020-08-08T11:39:18Z,45.46261667,7.69205000,1660.00,59.362
2750,1,2745,-181.829098031187,-3774.110173895012,2020-08-08T11:39:19Z,45.46251667,7.69210000,1661.00,59.351
2751,1,2746,-180.829098031187,-3773.110173895012,2020-08-08T11:39:20Z,45.46241667,7.69213333,1662.00,59.341
2752,1,2747,-179.829098031187,-3772.110173895012,2020-08-08T11:39:21Z,45.46231667,7.69213333,1663.00,59.333
2753,1,2748,-178.829098031187,-3771.110173895012,2020-08-08T11:39:22Z,45.46220000,7.69208333,1663.00,59.326
2754,1,2749,-177.829098031187,-3770.110173895012,2020-08-08T11:39:23Z,45.46210000,7.69200000,1661.00,59.322
2755,1,2750,-176.829098031187,-3769.110173895012,2020-08-08T11:39:24Z,45.46201667,7.69186667,1660.00,59.322
2756,1,2751,-175.829098031187,-3768.110173895012,2020-08-08T11:39:25Z,45.46198333,7.69170000,1660.00,59.328
2757,1,2752,-174.829098031187,-3767.110173895012,2020-08-08T11:39:26Z,45.46200000,7.69153333,1659.00,59.338
2758,1,2753,-173.829098031187,-3766.110173895012,2020-08-08T11:39:27Z,45.46205000,7.69141667,1660.00,59.348
2759,1,2754,-172.829098031187,-3765.110173895012,2020-08-08T11:39:28Z,45.46210000,7.69133333,1661.00,59.356
2760,1,2755,-171.829098031187,-3764.110173895012,2020-08-08T11:39:29Z,45.46213333,7.69128333,1661.00,59.362
2761,1,2756,-170.829098031187,-3763.110173895012,2020-08-08T11:39:30Z,45.46218333,7.69123333,1660.00,59.369
2762,1,2757,-169.829098031187,-3762.110173895012,2020-08-08T11:39:31Z,45.46221667,7.69116667,1659.00,59.375
2763,1,2758,-168.829098031187,-3761.110173895012,2020-08-08T11:39:32Z,45.46228333,7.69110000,1657.00,59.384
2764,1,2759,-167.829098031187,-3760.110173895012,2020-08-08T11:39:33Z,45.46235000,7.69101667,1655.00,59.394
2765,1,2760,-166.829098031187,-3759.110173895012,2020-08-08T11:39:34Z,45.46241667,7.69093333,1653.00,59.403
2766,1,2761,-165.829098031187,-3758.110173895012,2020-08-08T11:39:35Z,45.46248333,7.69085000,1650.00,59.413
2767,1,2762,-164.829098031187,-3757.110173895012,2020-08-08T11:39:36Z,45.46255000,7.69076667,1649.00,59.423
2768,1,2763,-163.829098031187,-3756.110173895012,2020-08-08T11:39:37Z,45.46260000,7.69066667,1649.00,59.433
2769,1,2764,-162.829098031187,-3755.110173895012,2020-08-08T11:39:38Z,45.46265000,7.69058333,1649.00,59.441
2770,1,2765,-161.829098031187,-3754.110173895012,2020-08-08T11:39:39Z,45.46271667,7.69048333,1648.00,59.452
2771,1,2766,-160.829098031187,-3753.110173895012,2020-08-08T11:39:40Z,45.46276667,7.69041667,1646.00,59.459
2772,1,2767,-159.829098031187,-3752.110173895012,2020-08-08T11:39:41Z,45.46285000,7.69036667,1646.00,59.469
2773,1,2768,-158.829098031187,-3751.110173895012,2020-08-08T11:39:42Z,45.46291667,7.69031667,1646.00,59.477
2774,1,2769,-157.829098031187,-3750.110173895012,2020-08-08T11:39:43Z,45.46298333,7.69026667,1646.00,59.485
2775,1,2770,-156.829098031187,-3749.110173895012,2020-08-08T11:39:44Z,45.46303333,7.69025000,1645.00,59.49
2776,1,2771,-155.829098031187,-3748.110173895012,2020-08-08T11:39:45Z,45.46308333,7.69025000,1645.00,59.494
2777,1,2772,-154.829098031187,-3747.110173895012,2020-08-08T11:39:46Z,45.46313333,7.69026667,1644.00,59.497
2778,1,2773,-153.829098031187,-3746.110173895012,2020-08-08T11:39:47Z,45.46318333,7.69033333,1642.00,59.498
2779,1,2774,-152.829098031187,-3745.110173895012,2020-08-08T11:39:48Z,45.46325000,7.69040000,1641.00,59.5
2780,1,2775,-151.829098031187,-3744.110173895012,2020-08-08T11:39:49Z,45.46331667,7.69045000,1642.00,59.503
2781,1,2776,-150.829098031187,-3743.110173895012,2020-08-08T11:39:50Z,45.46338333,7.69051667,1643.00,59.505
2782,1,2777,-149.829098031187,-3742.110173895012,2020-08-08T11:39:51Z,45.46341667,7.69058333,1643.00,59.504
2783,1,2778,-148.829098031187,-3741.110173895012,2020-08-08T11:39:52Z,45.46343333,7.69065000,1643.00,59.502
2784,1,2779,-147.829098031187,-3740.110173895012,2020-08-08T11:39:53Z,45.46346667,7.69075000,1642.00,59.5
2785,1,2780,-146.829098031187,-3739.110173895012,2020-08-08T11:39:54Z,45.46350000,7.69085000,1641.00,59.497
2786,1,2781,-145.829098031187,-3738.110173895012,2020-08-08T11:39:55Z,45.46353333,7.69095000,1641.00,59.495
2787,1,2782,-144.829098031187,-3737.110173895012,2020-08-08T11:39:56Z,45.46356667,7.69103333,1641.00,59.493
2788,1,2783,-143.829098031187,-3736.110173895012,2020-08-08T11:39:57Z,45.46358333,7.69113333,1641.00,59.49
2789,1,2784,-142.829098031187,-3735.110173895012,2020-08-08T11:39:58Z,45.46360000,7.69125000,1642.00,59.485
2790,1,2785,-141.829098031187,-3734.110173895012,2020-08-08T11:39:59Z,45.46361667,7.69135000,1643.00,59.481
2791,1,2786,-140.829098031187,-3733.110173895012,2020-08-08T11:40:00Z,45.46363333,7.69145000,1644.00,59.477
2792,1,2787,-139.829098031187,-3732.110173895012,2020-08-08T11:40:01Z,45.46365000,7.69153333,1643.00,59.474
2793,1,2788,-138.829098031187,-3731.110173895012,2020-08-08T11:40:02Z,45.46366667,7.69163333,1644.00,59.471
2794,1,2789,-137.829098031187,-3730.110173895012,2020-08-08T11:40:03Z,45.46368333,7.69175000,1645.00,59.466
2795,1,2790,-136.829098031187,-3729.110173895012,2020-08-08T11:40:04Z,45.46368333,7.69186667,1645.00,59.46
2796,1,2791,-135.829098031187,-3728.110173895012,2020-08-08T11:40:05Z,45.46368333,7.69196667,1646.00,59.455
2797,1,2792,-134.829098031187,-3727.110173895012,2020-08-08T11:40:06Z,45.46368333,7.69205000,1647.00,59.45
2798,1,2793,-133.829098031187,-3726.110173895012,2020-08-08T11:40:07Z,45.46368333,7.69215000,1648.00,59.445
2799,1,2794,-132.829098031187,-3725.110173895012,2020-08-08T11:40:08Z,45.46366667,7.69223333,1649.00,59.44
2800,1,2795,-131.829098031187,-3724.110173895012,2020-08-08T11:40:09Z,45.46366667,7.69231667,1651.00,59.435
2801,1,2796,-130.829098031187,-3723.110173895012,2020-08-08T11:40:10Z,45.46365000,7.69241667,1653.00,59.429
2802,1,2797,-129.829098031187,-3722.110173895012,2020-08-08T11:40:11Z,45.46363333,7.69251667,1655.00,59.422
2803,1,2798,-128.829098031187,-3721.110173895012,2020-08-08T11:40:12Z,45.46361667,7.69260000,1656.00,59.417
2804,1,2799,-127.829098031187,-3720.110173895012,2020-08-08T11:40:13Z,45.46361667,7.69270000,1656.00,59.411
2805,1,2800,-126.829098031187,-3719.110173895012,2020-08-08T11:40:14Z,45.46360000,7.69281667,1655.00,59.404
2806,1,2801,-125.829098031187,-3718.110173895012,2020-08-08T11:40:15Z,45.46360000,7.69293333,1656.00,59.398
2807,1,2802,-124.829098031187,-3717.110173895012,2020-08-08T11:40:16Z,45.46356667,7.69305000,1657.00,59.389
2808,1,2803,-123.829098031187,-3716.110173895012,2020-08-08T11:40:17Z,45.46351667,7.69316667,1657.00,59.379
2809,1,2804,-122.829098031187,-3715.110173895012,2020-08-08T11:40:18Z,45.46345000,7.69325000,1658.00,59.369
2810,1,2805,-121.829098031187,-3714.110173895012,2020-08-08T11:40:19Z,45.46336667,7.69330000,1658.00,59.36
2811,1,2806,-120.829098031187,-3713.110173895012,2020-08-08T11:40:20Z,45.46326667,7.69331667,1661.00,59.35
2812,1,2807,-119.829098031187,-3712.110173895012,2020-08-08T11:40:21Z,45.46320000,7.69328333,1663.00,59.347
2813,1,2808,-118.829098031187,-3711.110173895012,2020-08-08T11:40:22Z,45.46315000,7.69323333,1665.00,59.345
2814,1,2809,-117.829098031187,-3710.110173895012,2020-08-08T11:40:23Z,45.46311667,7.69316667,1666.00,59.346
2815,1,2810,-116.829098031187,-3709.110173895012,2020-08-08T11:40:24Z,45.46308333,7.69310000,1665.00,59.346
2816,1,2811,-115.829098031187,-3708.110173895012,2020-08-08T11:40:25Z,45.46305000,7.69300000,1664.00,59.349
2817,1,2812,-114.829098031187,-3707.110173895012,2020-08-08T11:40:26Z,45.46303333,7.69286667,1662.00,59.354
2818,1,2813,-113.829098031187,-3706.110173895012,2020-08-08T11:40:27Z,45.46303333,7.69271667,1662.00,59.362
2819,1,2814,-112.829098031187,-3705.110173895012,2020-08-08T11:40:28Z,45.46308333,7.69258333,1661.00,59.373
2820,1,2815,-111.829098031187,-3704.110173895012,2020-08-08T11:40:29Z,45.46313333,7.69245000,1661.00,59.384
2821,1,2816,-110.829098031187,-3703.110173895012,2020-08-08T11:40:30Z,45.46321667,7.69235000,1661.00,59.396
2822,1,2817,-109.829098031187,-3702.110173895012,2020-08-08T11:40:31Z,45.46330000,7.69226667,1663.00,59.407
2823,1,2818,-108.829098031187,-3701.110173895012,2020-08-08T11:40:32Z,45.46338333,7.69221667,1664.00,59.417
2824,1,2819,-107.829098031187,-3700.110173895012,2020-08-08T11:40:33Z,45.46346667,7.69220000,1666.00,59.425
2825,1,2820,-106.829098031187,-3699.110173895012,2020-08-08T11:40:34Z,45.46355000,7.69218333,1666.00,59.432
2826,1,2821,-105.829098031187,-3698.110173895012,2020-08-08T11:40:35Z,45.46363333,7.69220000,1666.00,59.439
2827,1,2822,-104.829098031187,-3697.110173895012,2020-08-08T11:40:36Z,45.46371667,7.69221667,1667.00,59.445
2828,1,2823,-103.829098031187,-3696.110173895012,2020-08-08T11:40:37Z,45.46378333,7.69226667,1667.00,59.448
2829,1,2824,-102.829098031187,-3695.110173895012,2020-08-08T11:40:38Z,45.46385000,7.69235000,1668.00,59.449
2830,1,2825,-101.829098031187,-3694.110173895012,2020-08-08T11:40:39Z,45.46388333,7.69245000,1668.00,59.447
2831,1,2826,-100.829098031187,-3693.110173895012,2020-08-08T11:40:40Z,45.46391667,7.69255000,1668.00,59.444
2832,1,2827,-99.829098031187,-3692.110173895012,2020-08-08T11:40:41Z,45.46393333,7.69268333,1670.00,59.439
2833,1,2828,-98.829098031187,-3691.110173895012,2020-08-08T11:40:42Z,45.46393333,7.69280000,1671.00,59.433
2834,1,2829,-97.829098031187,-3690.110173895012,2020-08-08T11:40:43Z,45.46391667,7.69291667,1674.00,59.425
2835,1,2830,-96.829098031187,-3689.110173895012,2020-08-08T11:40:44Z,45.46390000,7.69303333,1676.00,59.418
2836,1,2831,-95.829098031187,-3688.110173895012,2020-08-08T11:40:45Z,45.46390000,7.69313333,1678.00,59.413
2837,1,2832,-94.829098031187,-3687.110173895012,2020-08-08T11:40:46Z,45.46388333,7.69323333,1680.00,59.406
2838,1,2833,-93.829098031187,-3686.110173895012,2020-08-08T11:40:47Z,45.46385000,7.69331667,1681.00,59.399
2839,1,2834,-92.829098031187,-3685.110173895012,2020-08-08T11:40:48Z,45.46380000,7.69341667,1683.00,59.39
2840,1,2835,-91.829098031187,-3684.110173895012,2020-08-08T11:40:49Z,45.46375000,7.69348333,1684.00,59.382
2841,1,2836,-90.829098031187,-3683.110173895012,2020-08-08T11:40:50Z,45.46371667,7.69356667,1685.00,59.375
2842,1,2837,-89.829098031187,-3682.110173895012,2020-08-08T11:40:51Z,45.46365000,7.69363333,1684.00,59.366
2843,1,2838,-88.829098031187,-3681.110173895012,2020-08-08T11:40:52Z,45.46360000,7.69370000,1683.00,59.359
2844,1,2839,-87.829098031187,-3680.110173895012,2020-08-08T11:40:53Z,45.46351667,7.69378333,1681.00,59.347
2845,1,2840,-86.829098031187,-3679.110173895012,2020-08-08T11:40:54Z,45.46343333,7.69388333,1680.00,59.335
2846,1,2841,-85.829098031187,-3678.110173895012,2020-08-08T11:40:55Z,45.46335000,7.69400000,1680.00,59.322
2847,1,2842,-84.829098031187,-3677.110173895012,2020-08-08T11:40:56Z,45.46326667,7.69408333,1683.00,59.311
2848,1,2843,-83.829098031187,-3676.110173895012,2020-08-08T11:40:57Z,45.46320000,7.69413333,1685.00,59.303
2849,1,2844,-82.829098031187,-3675.110173895012,2020-08-08T11:40:58Z,45.46315000,7.69413333,1687.00,59.299
2850,1,2845,-81.829098031187,-3674.110173895012,2020-08-08T11:40:59Z,45.46308333,7.69411667,1688.00,59.294
2851,1,2846,-80.829098031187,-3673.110173895012,2020-08-08T11:41:00Z,45.46301667,7.69408333,1688.00,59.29
2852,1,2847,-79.829098031187,-3672.110173895012,2020-08-08T11:41:01Z,45.46293333,7.69403333,1687.00,59.286
2853,1,2848,-78.829098031187,-3671.110173895012,2020-08-08T11:41:02Z,45.46286667,7.69395000,1687.00,59.284
2854,1,2849,-77.829098031187,-3670.110173895012,2020-08-08T11:41:03Z,45.46283333,7.69385000,1686.00,59.287
2855,1,2850,-76.829098031187,-3669.110173895012,2020-08-08T11:41:04Z,45.46285000,7.69371667,1684.00,59.295
2856,1,2851,-75.829098031187,-3668.110173895012,2020-08-08T11:41:05Z,45.46288333,7.69358333,1683.00,59.305
2857,1,2852,-74.829098031187,-3667.110173895012,2020-08-08T11:41:06Z,45.46293333,7.69346667,1683.00,59.315
2858,1,2853,-73.829098031187,-3666.110173895012,2020-08-08T11:41:07Z,45.46300000,7.69336667,1682.00,59.326
2859,1,2854,-72.829098031187,-3665.110173895012,2020-08-08T11:41:08Z,45.46306667,7.69328333,1682.00,59.335
2860,1,2855,-71.829098031187,-3664.110173895012,2020-08-08T11:41:09Z,45.46313333,7.69323333,1681.00,59.344
2861,1,2856,-70.829098031187,-3663.110173895012,2020-08-08T11:41:10Z,45.46321667,7.69316667,1680.00,59.354
2862,1,2857,-69.829098031187,-3662.110173895012,2020-08-08T11:41:11Z,45.46330000,7.69308333,1678.00,59.365
2863,1,2858,-68.829098031187,-3661.110173895012,2020-08-08T11:41:12Z,45.46338333,7.69298333,1676.00,59.377
2864,1,2859,-67.829098031187,-3660.110173895012,2020-08-08T11:41:13Z,45.46345000,7.69285000,1674.00,59.39
2865,1,2860,-66.829098031187,-3659.110173895012,2020-08-08T11:41:14Z,45.46353333,7.69271667,1673.00,59.404
2866,1,2861,-65.829098031187,-3658.110173895012,2020-08-08T11:41:15Z,45.46360000,7.69258333,1673.00,59.416
2867,1,2862,-64.829098031187,-3657.110173895012,2020-08-08T11:41:16Z,45.46368333,7.69246667,1673.00,59.429
2868,1,2863,-63.829098031187,-3656.110173895012,2020-08-08T11:41:17Z,45.46375000,7.69236667,1673.00,59.44
2869,1,2864,-62.829098031187,-3655.110173895012,2020-08-08T11:41:18Z,45.46381667,7.69226667,1673.00,59.45
2870,1,2865,-61.829098031187,-3654.110173895012,2020-08-08T11:41:19Z,45.46386667,7.69218333,1673.00,59.459
2871,1,2866,-60.829098031187,-3653.110173895012,2020-08-08T11:41:20Z,45.46393333,7.69210000,1674.00,59.469
2872,1,2867,-59.829098031187,-3652.110173895012,2020-08-08T11:41:21Z,45.46401667,7.69205000,1674.00,59.478
2873,1,2868,-58.829098031187,-3651.110173895012,2020-08-08T11:41:22Z,45.46411667,7.69198333,1673.00,59.49
2874,1,2869,-57.829098031187,-3650.110173895012,2020-08-08T11:41:23Z,45.46420000,7.69191667,1673.00,59.5
2875,1,2870,-56.829098031187,-3649.110173895012,2020-08-08T11:41:24Z,45.46428333,7.69186667,1673.00,59.51
2876,1,2871,-55.829098031187,-3648.110173895012,2020-08-08T11:41:25Z,45.46436667,7.69186667,1673.00,59.517
2877,1,2872,-54.829098031187,-3647.110173895012,2020-08-08T11:41:26Z,45.46443333,7.69188333,1671.00,59.522
2878,1,2873,-53.829098031187,-3646.110173895012,2020-08-08T11:41:27Z,45.46451667,7.69193333,1670.00,59.526
2879,1,2874,-52.829098031187,-3645.110173895012,2020-08-08T11:41:28Z,45.46458333,7.69203333,1669.00,59.526
2880,1,2875,-51.829098031187,-3644.110173895012,2020-08-08T11:41:29Z,45.46465000,7.69215000,1668.00,59.526
2881,1,2876,-50.829098031187,-3643.110173895012,2020-08-08T11:41:30Z,45.46470000,7.69226667,1667.00,59.524
2882,1,2877,-49.829098031187,-3642.110173895012,2020-08-08T11:41:31Z,45.46473333,7.69236667,1668.00,59.522
2883,1,2878,-48.829098031187,-3641.110173895012,2020-08-08T11:41:32Z,45.46475000,7.69248333,1669.00,59.517
2884,1,2879,-47.829098031187,-3640.110173895012,2020-08-08T11:41:33Z,45.46476667,7.69260000,1668.00,59.513
2885,1,2880,-46.829098031187,-3639.110173895012,2020-08-08T11:41:34Z,45.46476667,7.69271667,1668.00,59.507
2886,1,2881,-45.829098031187,-3638.110173895012,2020-08-08T11:41:35Z,45.46476667,7.69283333,1668.00,59.501
2887,1,2882,-44.829098031187,-3637.110173895012,2020-08-08T11:41:36Z,45.46475000,7.69296667,1669.00,59.493
2888,1,2883,-43.829098031187,-3636.110173895012,2020-08-08T11:41:37Z,45.46475000,7.69310000,1670.00,59.486
2889,1,2884,-42.829098031187,-3635.110173895012,2020-08-08T11:41:38Z,45.46473333,7.69321667,1670.00,59.478
2890,1,2885,-41.829098031187,-3634.110173895012,2020-08-08T11:41:39Z,45.46470000,7.69331667,1670.00,59.471
2891,1,2886,-40.829098031187,-3633.110173895012,2020-08-08T11:41:40Z,45.46463333,7.69341667,1669.00,59.46
2892,1,2887,-39.829098031187,-3632.110173895012,2020-08-08T11:41:41Z,45.46455000,7.69348333,1670.00,59.449
2893,1,2888,-38.829098031187,-3631.110173895012,2020-08-08T11:41:42Z,45.46445000,7.69353333,1671.00,59.438
2894,1,2889,-37.829098031187,-3630.110173895012,2020-08-08T11:41:43Z,45.46436667,7.69351667,1671.00,59.432
2895,1,2890,-36.829098031187,-3629.110173895012,2020-08-08T11:41:44Z,45.46428333,7.69346667,1671.00,59.428
2896,1,2891,-35.829098031187,-3628.110173895012,2020-08-08T11:41:45Z,45.46421667,7.69338333,1671.00,59.427
2897,1,2892,-34.829098031187,-3627.110173895012,2020-08-08T11:41:46Z,45.46416667,7.69325000,1670.00,59.429
2898,1,2893,-33.829098031187,-3626.110173895012,2020-08-08T11:41:47Z,45.46413333,7.69311667,1671.00,59.433
2899,1,2894,-32.829098031187,-3625.110173895012,2020-08-08T11:41:48Z,45.46413333,7.69298333,1671.00,59.44
2900,1,2895,-31.829098031187,-3624.110173895012,2020-08-08T11:41:49Z,45.46418333,7.69286667,1671.00,59.45
2901,1,2896,-30.829098031187,-3623.110173895012,2020-08-08T11:41:50Z,45.46425000,7.69276667,1670.00,59.461
2902,1,2897,-29.829098031187,-3622.110173895012,2020-08-08T11:41:51Z,45.46435000,7.69271667,1670.00,59.472
2903,1,2898,-28.829098031187,-3621.110173895012,2020-08-08T11:41:52Z,45.46445000,7.69271667,1669.00,59.48
2904,1,2899,-27.829098031187,-3620.110173895012,2020-08-08T11:41:53Z,45.46453333,7.69276667,1669.00,59.485
2905,1,2900,-26.829098031187,-3619.110173895012,2020-08-08T11:41:54Z,45.46461667,7.69285000,1668.00,59.487
2906,1,2901,-25.829098031187,-3618.110173895012,2020-08-08T11:41:55Z,45.46470000,7.69295000,1669.00,59.489
2907,1,2902,-24.829098031187,-3617.110173895012,2020-08-08T11:41:56Z,45.46475000,7.69306667,1669.00,59.488
2908,1,2903,-23.829098031187,-3616.110173895012,2020-08-08T11:41:57Z,45.46476667,7.69320000,1670.00,59.482
2909,1,2904,-22.829098031187,-3615.110173895012,2020-08-08T11:41:58Z,45.46478333,7.69331667,1670.00,59.478
2910,1,2905,-21.829098031187,-3614.110173895012,2020-08-08T11:41:59Z,45.46480000,7.69343333,1670.00,59.473
2911,1,2906,-20.829098031187,-3613.110173895012,2020-08-08T11:42:00Z,45.46478333,7.69355000,1671.00,59.466
2912,1,2907,-19.829098031187,-3612.110173895012,2020-08-08T11:42:01Z,45.46476667,7.69366667,1670.00,59.458
2913,1,2908,-18.829098031187,-3611.110173895012,2020-08-08T11:42:02Z,45.46475000,7.69380000,1669.00,59.45
2914,1,2909,-17.829098031187,-3610.110173895012,2020-08-08T11:42:03Z,45.46471667,7.69391667,1669.00,59.441
2915,1,2910,-16.829098031187,-3609.110173895012,2020-08-08T11:42:04Z,45.46468333,7.69403333,1668.00,59.433
2916,1,2911,-15.829098031187,-3608.110173895012,2020-08-08T11:42:05Z,45.46465000,7.69416667,1667.00,59.423
2917,1,2912,-14.829098031187,-3607.110173895012,2020-08-08T11:42:06Z,45.46461667,7.69428333,1666.00,59.414
2918,1,2913,-13.829098031187,-3606.110173895012,2020-08-08T11:42:07Z,45.46456667,7.69441667,1667.00,59.403
2919,1,2914,-12.829098031187,-3605.110173895012,2020-08-08T11:42:08Z,45.46453333,7.69455000,1667.00,59.394
2920,1,2915,-11.829098031187,-3604.110173895012,2020-08-08T11:42:09Z,45.46448333,7.69468333,1668.00,59.383
2921,1,2916,-10.829098031187,-3603.110173895012,2020-08-08T11:42:10Z,45.46443333,7.69480000,1668.00,59.373
2922,1,2917,-9.829098031187,-3602.110173895012,2020-08-08T11:42:11Z,45.46438333,7.69491667,1669.00,59.362
2923,1,2918,-8.829098031187,-3601.110173895012,2020-08-08T11:42:12Z,45.46431667,7.69500000,1670.00,59.353
2924,1,2919,-7.829098031187,-3600.110173895012,2020-08-08T11:42:13Z,45.46425000,7.69506667,1670.00,59.344
2925,1,2920,-6.829098031187,-3599.110173895012,2020-08-08T11:42:14Z,45.46416667,7.69510000,1669.00,59.335
2926,1,2921,-5.829098031187,-3598.110173895012,2020-08-08T11:42:15Z,45.46410000,7.69510000,1669.00,59.329
2927,1,2922,-4.829098031187,-3597.110173895012,2020-08-08T11:42:16Z,45.46401667,7.69505000,1668.00,59.325
2928,1,2923,-3.829098031187,-3596.110173895012,2020-08-08T11:42:17Z,45.46395000,7.69496667,1667.00,59.323
2929,1,2924,-2.829098031187,-3595.110173895012,2020-08-08T11:42:18Z,45.46391667,7.69483333,1666.00,59.327
2930,1,2925,-1.829098031187,-3594.110173895012,2020-08-08T11:42:19Z,45.46390000,7.69468333,1666.00,59.334
2931,1,2926,-0.829098031187,-3593.110173895012,2020-08-08T11:42:20Z,45.46390000,7.69456667,1667.00,59.34
2932,1,2927,0.170901968813,-3592.110173895012,2020-08-08T11:42:21Z,45.46391667,7.69446667,1668.00,59.346
2933,1,2928,1.170901968813,-3591.110173895012,2020-08-08T11:42:22Z,45.46393333,7.69436667,1669.00,59.353
2934,1,2929,2.170901968813,-3590.110173895012,2020-08-08T11:42:23Z,45.46396667,7.69428333,1669.00,59.36
2935,1,2930,3.170901968813,-3589.110173895012,2020-08-08T11:42:24Z,45.46400000,7.69418333,1669.00,59.367
2936,1,2931,4.170901968813,-3588.110173895012,2020-08-08T11:42:25Z,45.46403333,7.69410000,1669.00,59.375
2937,1,2932,5.170901968813,-3587.110173895012,2020-08-08T11:42:26Z,45.46410000,7.69403333,1670.00,59.384
2938,1,2933,6.170901968813,-3586.110173895012,2020-08-08T11:42:27Z,45.46416667,7.69398333,1669.00,59.392
2939,1,2934,7.170901968813,-3585.110173895012,2020-08-08T11:42:28Z,45.46426667,7.69398333,1668.00,59.4
2940,1,2935,8.170901968813,-3584.110173895012,2020-08-08T11:42:29Z,45.46436667,7.69403333,1668.00,59.406
2941,1,2936,9.170901968813,-3583.110173895012,2020-08-08T11:42:30Z,45.46445000,7.69408333,1667.00,59.41
2942,1,2937,10.170901968813,-3582.110173895012,2020-08-08T11:42:31Z,45.46453333,7.69413333,1668.00,59.415
2943,1,2938,11.170901968813,-3581.110173895012,2020-08-08T11:42:32Z,45.46461667,7.69418333,1666.00,59.419
2944,1,2939,12.170901968813,-3580.110173895012,2020-08-08T11:42:33Z,45.46468333,7.69425000,1665.00,59.422
2945,1,2940,13.170901968813,-3579.110173895012,2020-08-08T11:42:34Z,45.46475000,7.69430000,1663.00,59.425
2946,1,2941,14.170901968813,-3578.110173895012,2020-08-08T11:42:35Z,45.46485000,7.69438333,1661.00,59.429
2947,1,2942,15.170901968813,-3577.110173895012,2020-08-08T11:42:36Z,45.46495000,7.69445000,1660.00,59.434
2948,1,2943,16.170901968813,-3576.110173895012,2020-08-08T11:42:37Z,45.46505000,7.69453333,1660.00,59.438
2949,1,2944,17.170901968813,-3575.110173895012,2020-08-08T11:42:38Z,45.46513333,7.69458333,1660.00,59.443
2950,1,2945,18.170901968813,-3574.110173895012,2020-08-08T11:42:39Z,45.46521667,7.69465000,1661.00,59.446
2951,1,2946,19.170901968813,-3573.110173895012,2020-08-08T11:42:40Z,45.46530000,7.69470000,1661.00,59.451
2952,1,2947,20.170901968813,-3572.110173895012,2020-08-08T11:42:41Z,45.46536667,7.69476667,1660.00,59.453
2953,1,2948,21.170901968813,-3571.110173895012,2020-08-08T11:42:42Z,45.46545000,7.69483333,1659.00,59.457
2954,1,2949,22.170901968813,-3570.110173895012,2020-08-08T11:42:43Z,45.46551667,7.69490000,1658.00,59.459
2955,1,2950,23.170901968813,-3569.110173895012,2020-08-08T11:42:44Z,45.46558333,7.69500000,1657.00,59.46
2956,1,2951,24.170901968813,-3568.110173895012,2020-08-08T11:42:45Z,45.46565000,7.69508333,1655.00,59.461
2957,1,2952,25.170901968813,-3567.110173895012,2020-08-08T11:42:46Z,45.46573333,7.69518333,1653.00,59.463
2958,1,2953,26.170901968813,-3566.110173895012,2020-08-08T11:42:47Z,45.46581667,7.69528333,1653.00,59.465
2959,1,2954,27.170901968813,-3565.110173895012,2020-08-08T11:42:48Z,45.46588333,7.69538333,1651.00,59.466
2960,1,2955,28.170901968813,-3564.110173895012,2020-08-08T11:42:49Z,45.46596667,7.69548333,1650.00,59.468
2961,1,2956,29.170901968813,-3563.110173895012,2020-08-08T11:42:50Z,45.46603333,7.69558333,1650.00,59.469
2962,1,2957,30.170901968813,-3562.110173895012,2020-08-08T11:42:51Z,45.46608333,7.69566667,1650.00,59.469
2963,1,2958,31.170901968813,-3561.110173895012,2020-08-08T11:42:52Z,45.46613333,7.69576667,1649.00,59.468
2964,1,2959,32.170901968813,-3560.110173895012,2020-08-08T11:42:53Z,45.46618333,7.69588333,1648.00,59.467
2965,1,2960,33.170901968813,-3559.110173895012,2020-08-08T11:42:54Z,45.46620000,7.69601667,1646.00,59.461
2966,1,2961,34.170901968813,-3558.110173895012,2020-08-08T11:42:55Z,45.46620000,7.69616667,1645.00,59.454
2967,1,2962,35.170901968813,-3557.110173895012,2020-08-08T11:42:56Z,45.46616667,7.69631667,1644.00,59.444
2968,1,2963,36.170901968813,-3556.110173895012,2020-08-08T11:42:57Z,45.46610000,7.69643333,1644.00,59.432
2969,1,2964,37.170901968813,-3555.110173895012,2020-08-08T11:42:58Z,45.46603333,7.69651667,1643.00,59.422
2970,1,2965,38.170901968813,-3554.110173895012,2020-08-08T11:42:59Z,45.46595000,7.69656667,1642.00,59.413
2971,1,2966,39.170901968813,-3553.110173895012,2020-08-08T11:43:00Z,45.46585000,7.69660000,1641.00,59.402
2972,1,2967,40.170901968813,-3552.110173895012,2020-08-08T11:43:01Z,45.46576667,7.69661667,1641.00,59.395
2973,1,2968,41.170901968813,-3551.110173895012,2020-08-08T11:43:02Z,45.46566667,7.69661667,1639.00,59.386
2974,1,2969,42.170901968813,-3550.110173895012,2020-08-08T11:43:03Z,45.46558333,7.69661667,1640.00,59.379
2975,1,2970,43.170901968813,-3549.110173895012,2020-08-08T11:43:04Z,45.46551667,7.69660000,1640.00,59.374
2976,1,2971,44.170901968813,-3548.110173895012,2020-08-08T11:43:05Z,45.46545000,7.69658333,1640.00,59.369
2977,1,2972,45.170901968813,-3547.110173895012,2020-08-08T11:43:06Z,45.46538333,7.69658333,1639.00,59.363
2978,1,2973,46.170901968813,-3546.110173895012,2020-08-08T11:43:07Z,45.46531667,7.69660000,1638.00,59.357
2979,1,2974,47.170901968813,-3545.110173895012,2020-08-08T11:43:08Z,45.46525000,7.69660000,1636.00,59.351
2980,1,2975,48.170901968813,-3544.110173895012,2020-08-08T11:43:09Z,45.46516667,7.69660000,1635.00,59.344
2981,1,2976,49.170901968813,-3543.110173895012,2020-08-08T11:43:10Z,45.46506667,7.69656667,1634.00,59.337
2982,1,2977,50.170901968813,-3542.110173895012,2020-08-08T11:43:11Z,45.46498333,7.69655000,1633.00,59.331
2983,1,2978,51.170901968813,-3541.110173895012,2020-08-08T11:43:12Z,45.46491667,7.69655000,1633.00,59.325
2984,1,2979,52.170901968813,-3540.110173895012,2020-08-08T11:43:13Z,45.46483333,7.69655000,1632.00,59.318
2985,1,2980,53.170901968813,-3539.110173895012,2020-08-08T11:43:14Z,45.46476667,7.69658333,1631.00,59.311
2986,1,2981,54.170901968813,-3538.110173895012,2020-08-08T11:43:15Z,45.46468333,7.69663333,1629.00,59.301
2987,1,2982,55.170901968813,-3537.110173895012,2020-08-08T11:43:16Z,45.46458333,7.69668333,1627.00,59.29
2988,1,2983,56.170901968813,-3536.110173895012,2020-08-08T11:43:17Z,45.46448333,7.69671667,1625.00,59.28
2989,1,2984,57.170901968813,-3535.110173895012,2020-08-08T11:43:18Z,45.46438333,7.69675000,1623.00,59.27
2990,1,2985,58.170901968813,-3534.110173895012,2020-08-08T11:43:19Z,45.46428333,7.69676667,1622.00,59.261
2991,1,2986,59.170901968813,-3533.110173895012,2020-08-08T11:43:20Z,45.46420000,7.69678333,1622.00,59.253
2992,1,2987,60.170901968813,-3532.110173895012,2020-08-08T11:43:21Z,45.46411667,7.69678333,1620.00,59.246
2993,1,2988,61.170901968813,-3531.110173895012,2020-08-08T11:43:22Z,45.46401667,7.69681667,1618.00,59.235
2994,1,2989,62.170901968813,-3530.110173895012,2020-08-08T11:43:23Z,45.46391667,7.69686667,1616.00,59.224
2995,1,2990,63.170901968813,-3529.110173895012,2020-08-08T11:43:24Z,45.46381667,7.69693333,1614.00,59.213
2996,1,2991,64.170901968813,-3528.110173895012,2020-08-08T11:43:25Z,45.46373333,7.69700000,1613.00,59.202
2997,1,2992,65.170901968813,-3527.110173895012,2020-08-08T11:43:26Z,45.46363333,7.69705000,1611.00,59.191
2998,1,2993,66.170901968813,-3526.110173895012,2020-08-08T11:43:27Z,45.46353333,7.69711667,1610.00,59.179
2999,1,2994,67.170901968813,-3525.110173895012,2020-08-08T11:43:28Z,45.46343333,7.69718333,1608.00,59.167
3000,1,2995,68.170901968813,-3524.110173895012,2020-08-08T11:43:29Z,45.46333333,7.69725000,1606.00,59.156
3001,1,2996,69.170901968813,-3523.110173895012,2020-08-08T11:43:30Z,45.46323333,7.69733333,1604.00,59.143
3002,1,2997,70.170901968813,-3522.110173895012,2020-08-08T11:43:31Z,45.46313333,7.69740000,1602.00,59.131
3003,1,2998,71.170901968813,-3521.110173895012,2020-08-08T11:43:32Z,45.46305000,7.69746667,1601.00,59.121
3004,1,2999,72.170901968813,-3520.110173895012,2020-08-08T11:43:33Z,45.46295000,7.69753333,1599.00,59.109
3005,1,3000,73.170901968813,-3519.110173895012,2020-08-08T11:43:34Z,45.46286667,7.69760000,1598.00,59.098
3006,1,3001,74.170901968813,-3518.110173895012,2020-08-08T11:43:35Z,45.46276667,7.69766667,1594.00,59.087
3007,1,3002,75.170901968813,-3517.110173895012,2020-08-08T11:43:36Z,45.46266667,7.69776667,1591.00,59.073
3008,1,3003,76.170901968813,-3516.110173895012,2020-08-08T11:43:37Z,45.46255000,7.69788333,1589.00,59.057
3009,1,3004,77.170901968813,-3515.110173895012,2020-08-08T11:43:38Z,45.46246667,7.69801667,1588.00,59.043
3010,1,3005,78.170901968813,-3514.110173895012,2020-08-08T11:43:39Z,45.46236667,7.69813333,1587.00,59.029
3011,1,3006,79.170901968813,-3513.110173895012,2020-08-08T11:43:40Z,45.46230000,7.69821667,1586.00,59.019
3012,1,3007,80.170901968813,-3512.110173895012,2020-08-08T11:43:41Z,45.46221667,7.69828333,1585.00,59.009
3013,1,3008,81.170901968813,-3511.110173895012,2020-08-08T11:43:42Z,45.46213333,7.69835000,1584.00,58.998
3014,1,3009,82.170901968813,-3510.110173895012,2020-08-08T11:43:43Z,45.46203333,7.69843333,1581.00,58.986
3015,1,3010,83.170901968813,-3509.110173895012,2020-08-08T11:43:44Z,45.46193333,7.69853333,1578.00,58.972
3016,1,3011,84.170901968813,-3508.110173895012,2020-08-08T11:43:45Z,45.46183333,7.69863333,1575.00,58.959
3017,1,3012,85.170901968813,-3507.110173895012,2020-08-08T11:43:46Z,45.46171667,7.69871667,1573.00,58.945
3018,1,3013,86.170901968813,-3506.110173895012,2020-08-08T11:43:47Z,45.46161667,7.69880000,1572.00,58.932
3019,1,3014,87.170901968813,-3505.110173895012,2020-08-08T11:43:48Z,45.46150000,7.69886667,1571.00,58.919
3020,1,3015,88.170901968813,-3504.110173895012,2020-08-08T11:43:49Z,45.46140000,7.69893333,1570.00,58.907
3021,1,3016,89.170901968813,-3503.110173895012,2020-08-08T11:43:50Z,45.46131667,7.69900000,1569.00,58.896
3022,1,3017,90.170901968813,-3502.110173895012,2020-08-08T11:43:51Z,45.46120000,7.69905000,1567.00,58.884
3023,1,3018,91.170901968813,-3501.110173895012,2020-08-08T11:43:52Z,45.46110000,7.69910000,1565.00,58.873
3024,1,3019,92.170901968813,-3500.110173895012,2020-08-08T11:43:53Z,45.46098333,7.69913333,1563.00,58.861
3025,1,3020,93.170901968813,-3499.110173895012,2020-08-08T11:43:54Z,45.46086667,7.69915000,1561.00,58.851
3026,1,3021,94.170901968813,-3498.110173895012,2020-08-08T11:43:55Z,45.46075000,7.69915000,1560.00,58.841
3027,1,3022,95.170901968813,-3497.110173895012,2020-08-08T11:43:56Z,45.46063333,7.69915000,1558.00,58.831
3028,1,3023,96.170901968813,-3496.110173895012,2020-08-08T11:43:57Z,45.46053333,7.69913333,1557.00,58.823
3029,1,3024,97.170901968813,-3495.110173895012,2020-08-08T11:43:58Z,45.46041667,7.69910000,1556.00,58.815
3030,1,3025,98.170901968813,-3494.110173895012,2020-08-08T11:43:59Z,45.46031667,7.69906667,1554.00,58.809
3031,1,3026,99.170901968813,-3493.110173895012,2020-08-08T11:44:00Z,45.46023333,7.69905000,1553.00,58.802
3032,1,3027,100.170901968813,-3492.110173895012,2020-08-08T11:44:01Z,45.46013333,7.69901667,1553.00,58.796
3033,1,3028,101.170901968813,-3491.110173895012,2020-08-08T11:44:02Z,45.46005000,7.69900000,1551.00,58.79
3034,1,3029,102.170901968813,-3490.110173895012,2020-08-08T11:44:03Z,45.45995000,7.69896667,1550.00,58.783
3035,1,3030,103.170901968813,-3489.110173895012,2020-08-08T11:44:04Z,45.45985000,7.69893333,1548.00,58.776
3036,1,3031,104.170901968813,-3488.110173895012,2020-08-08T11:44:05Z,45.45975000,7.69890000,1547.00,58.769
3037,1,3032,105.170901968813,-3487.110173895012,2020-08-08T11:44:06Z,45.45965000,7.69886667,1548.00,58.763
3038,1,3033,106.170901968813,-3486.110173895012,2020-08-08T11:44:07Z,45.45958333,7.69885000,1549.00,58.758
3039,1,3034,107.170901968813,-3485.110173895012,2020-08-08T11:44:08Z,45.45951667,7.69883333,1552.00,58.753
3040,1,3035,108.170901968813,-3484.110173895012,2020-08-08T11:44:09Z,45.45948333,7.69883333,1552.00,58.75
3041,1,3036,109.170901968813,-3483.110173895012,2020-08-08T11:44:10Z,45.45943333,7.69883333,1552.00,58.746
3042,1,3037,110.170901968813,-3482.110173895012,2020-08-08T11:44:11Z,45.45938333,7.69885000,1553.00,58.741
3043,1,3038,111.170901968813,-3481.110173895012,2020-08-08T11:44:12Z,45.45930000,7.69885000,1552.00,58.734
3044,1,3039,112.170901968813,-3480.110173895012,2020-08-08T11:44:13Z,45.45921667,7.69883333,1551.00,58.728
3045,1,3040,113.170901968813,-3479.110173895012,2020-08-08T11:44:14Z,45.45913333,7.69881667,1551.00,58.722
3046,1,3041,114.170901968813,-3478.110173895012,2020-08-08T11:44:15Z,45.45903333,7.69881667,1553.00,58.714
3047,1,3042,115.170901968813,-3477.110173895012,2020-08-08T11:44:16Z,45.45895000,7.69883333,1554.00,58.706
3048,1,3043,116.170901968813,-3476.110173895012,2020-08-08T11:44:17Z,45.45888333,7.69883333,1557.00,58.7
3049,1,3044,117.170901968813,-3475.110173895012,2020-08-08T11:44:18Z,45.45881667,7.69883333,1559.00,58.695
3050,1,3045,118.170901968813,-3474.110173895012,2020-08-08T11:44:19Z,45.45875000,7.69883333,1561.00,58.689
3051,1,3046,119.170901968813,-3473.110173895012,2020-08-08T11:44:20Z,45.45868333,7.69885000,1562.00,58.683
3052,1,3047,120.170901968813,-3472.110173895012,2020-08-08T11:44:21Z,45.45861667,7.69885000,1563.00,58.677
3053,1,3048,121.170901968813,-3471.110173895012,2020-08-08T11:44:22Z,45.45855000,7.69885000,1562.00,58.672
3054,1,3049,122.170901968813,-3470.110173895012,2020-08-08T11:44:23Z,45.45846667,7.69885000,1561.00,58.665
3055,1,3050,123.170901968813,-3469.110173895012,2020-08-08T11:44:24Z,45.45838333,7.69885000,1559.00,58.658
3056,1,3051,124.170901968813,-3468.110173895012,2020-08-08T11:44:25Z,45.45826667,7.69885000,1557.00,58.648
3057,1,3052,125.170901968813,-3467.110173895012,2020-08-08T11:44:26Z,45.45815000,7.69883333,1555.00,58.639
3058,1,3053,126.170901968813,-3466.110173895012,2020-08-08T11:44:27Z,45.45805000,7.69883333,1554.00,58.631
3059,1,3054,127.170901968813,-3465.110173895012,2020-08-08T11:44:28Z,45.45795000,7.69883333,1554.00,58.622
3060,1,3055,128.170901968813,-3464.110173895012,2020-08-08T11:44:29Z,45.45786667,7.69885000,1553.00,58.615
3061,1,3056,129.170901968813,-3463.110173895012,2020-08-08T11:44:30Z,45.45778333,7.69886667,1550.00,58.607
3062,1,3057,130.170901968813,-3462.110173895012,2020-08-08T11:44:31Z,45.45768333,7.69888333,1548.00,58.598
3063,1,3058,131.170901968813,-3461.110173895012,2020-08-08T11:44:32Z,45.45756667,7.69886667,1546.00,58.589
3064,1,3059,132.170901968813,-3460.110173895012,2020-08-08T11:44:33Z,45.45745000,7.69883333,1543.00,58.581
3065,1,3060,133.170901968813,-3459.110173895012,2020-08-08T11:44:34Z,45.45733333,7.69880000,1542.00,58.573
3066,1,3061,134.170901968813,-3458.110173895012,2020-08-08T11:44:35Z,45.45723333,7.69875000,1540.00,58.567
3067,1,3062,135.170901968813,-3457.110173895012,2020-08-08T11:44:36Z,45.45713333,7.69871667,1539.00,58.561
3068,1,3063,136.170901968813,-3456.110173895012,2020-08-08T11:44:37Z,45.45703333,7.69868333,1538.00,58.554
3069,1,3064,137.170901968813,-3455.110173895012,2020-08-08T11:44:38Z,45.45693333,7.69868333,1536.00,58.546
3070,1,3065,138.170901968813,-3454.110173895012,2020-08-08T11:44:39Z,45.45683333,7.69866667,1534.00,58.538
3071,1,3066,139.170901968813,-3453.110173895012,2020-08-08T11:44:40Z,45.45671667,7.69863333,1532.00,58.531
3072,1,3067,140.170901968813,-3452.110173895012,2020-08-08T11:44:41Z,45.45660000,7.69860000,1531.00,58.523
3073,1,3068,141.170901968813,-3451.110173895012,2020-08-08T11:44:42Z,45.45650000,7.69856667,1529.00,58.516
3074,1,3069,142.170901968813,-3450.110173895012,2020-08-08T11:44:43Z,45.45638333,7.69855000,1527.00,58.507
3075,1,3070,143.170901968813,-3449.110173895012,2020-08-08T11:44:44Z,45.45628333,7.69853333,1525.00,58.5
3076,1,3071,144.170901968813,-3448.110173895012,2020-08-08T11:44:45Z,45.45618333,7.69851667,1524.00,58.493
3077,1,3072,145.170901968813,-3447.110173895012,2020-08-08T11:44:46Z,45.45608333,7.69851667,1522.00,58.484
3078,1,3073,146.170901968813,-3446.110173895012,2020-08-08T11:44:47Z,45.45596667,7.69851667,1520.00,58.475
3079,1,3074,147.170901968813,-3445.110173895012,2020-08-08T11:44:48Z,45.45585000,7.69853333,1519.00,58.464
3080,1,3075,148.170901968813,-3444.110173895012,2020-08-08T11:44:49Z,45.45573333,7.69855000,1517.00,58.454
3081,1,3076,149.170901968813,-3443.110173895012,2020-08-08T11:44:50Z,45.45561667,7.69856667,1516.00,58.443
3082,1,3077,150.170901968813,-3442.110173895012,2020-08-08T11:44:51Z,45.45550000,7.69856667,1514.00,58.434
3083,1,3078,151.170901968813,-3441.110173895012,2020-08-08T11:44:52Z,45.45540000,7.69858333,1514.00,58.425
3084,1,3079,152.170901968813,-3440.110173895012,2020-08-08T11:44:53Z,45.45528333,7.69861667,1514.00,58.413
3085,1,3080,153.170901968813,-3439.110173895012,2020-08-08T11:44:54Z,45.45516667,7.69865000,1513.00,58.402
3086,1,3081,154.170901968813,-3438.110173895012,2020-08-08T11:44:55Z,45.45506667,7.69868333,1513.00,58.392
3087,1,3082,155.170901968813,-3437.110173895012,2020-08-08T11:44:56Z,45.45496667,7.69871667,1513.00,58.382
3088,1,3083,156.170901968813,-3436.110173895012,2020-08-08T11:44:57Z,45.45486667,7.69875000,1512.00,58.372
3089,1,3084,157.170901968813,-3435.110173895012,2020-08-08T11:44:58Z,45.45476667,7.69878333,1510.00,58.362
3090,1,3085,158.170901968813,-3434.110173895012,2020-08-08T11:44:59Z,45.45466667,7.69881667,1508.00,58.352
3091,1,3086,159.170901968813,-3433.110173895012,2020-08-08T11:45:00Z,45.45456667,7.69881667,1506.00,58.344
3092,1,3087,160.170901968813,-3432.110173895012,2020-08-08T11:45:01Z,45.45445000,7.69885000,1505.00,58.333
3093,1,3088,161.170901968813,-3431.110173895012,2020-08-08T11:45:02Z,45.45435000,7.69886667,1504.00,58.324
3094,1,3089,162.170901968813,-3430.110173895012,2020-08-08T11:45:03Z,45.45423333,7.69891667,1504.00,58.312
3095,1,3090,163.170901968813,-3429.110173895012,2020-08-08T11:45:04Z,45.45415000,7.69895000,1505.00,58.303
3096,1,3091,164.170901968813,-3428.110173895012,2020-08-08T11:45:05Z,45.45405000,7.69896667,1504.00,58.294
3097,1,3092,165.170901968813,-3427.110173895012,2020-08-08T11:45:06Z,45.45396667,7.69896667,1504.00,58.287
3098,1,3093,166.170901968813,-3426.110173895012,2020-08-08T11:45:07Z,45.45388333,7.69896667,1503.00,58.28
3099,1,3094,167.170901968813,-3425.110173895012,2020-08-08T11:45:08Z,45.45378333,7.69896667,1501.00,58.272
3100,1,3095,168.170901968813,-3424.110173895012,2020-08-08T11:45:09Z,45.45368333,7.69896667,1500.00,58.264
3101,1,3096,169.170901968813,-3423.110173895012,2020-08-08T11:45:10Z,45.45356667,7.69898333,1497.00,58.254
3102,1,3097,170.170901968813,-3422.110173895012,2020-08-08T11:45:11Z,45.45345000,7.69900000,1495.00,58.243
3103,1,3098,171.170901968813,-3421.110173895012,2020-08-08T11:45:12Z,45.45333333,7.69901667,1493.00,58.233
3104,1,3099,172.170901968813,-3420.110173895012,2020-08-08T11:45:13Z,45.45321667,7.69903333,1493.00,58.223
3105,1,3100,173.170901968813,-3419.110173895012,2020-08-08T11:45:14Z,45.45311667,7.69905000,1492.00,58.214
3106,1,3101,174.170901968813,-3418.110173895012,2020-08-08T11:45:15Z,45.45300000,7.69905000,1490.00,58.204
3107,1,3102,175.170901968813,-3417.110173895012,2020-08-08T11:45:16Z,45.45288333,7.69905000,1489.00,58.195
3108,1,3103,176.170901968813,-3416.110173895012,2020-08-08T11:45:17Z,45.45278333,7.69905000,1488.00,58.187
3109,1,3104,177.170901968813,-3415.110173895012,2020-08-08T11:45:18Z,45.45268333,7.69906667,1487.00,58.178
3110,1,3105,178.170901968813,-3414.110173895012,2020-08-08T11:45:19Z,45.45258333,7.69906667,1487.00,58.17
3111,1,3106,179.170901968813,-3413.110173895012,2020-08-08T11:45:20Z,45.45246667,7.69908333,1487.00,58.159
3112,1,3107,180.170901968813,-3412.110173895012,2020-08-08T11:45:21Z,45.45236667,7.69908333,1487.00,58.151
3113,1,3108,181.170901968813,-3411.110173895012,2020-08-08T11:45:22Z,45.45225000,7.69910000,1487.00,58.141
3114,1,3109,182.170901968813,-3410.110173895012,2020-08-08T11:45:23Z,45.45213333,7.69910000,1486.00,58.131
3115,1,3110,183.170901968813,-3409.110173895012,2020-08-08T11:45:24Z,45.45201667,7.69911667,1488.00,58.121
3116,1,3111,184.170901968813,-3408.110173895012,2020-08-08T11:45:25Z,45.45191667,7.69911667,1490.00,58.113
3117,1,3112,185.170901968813,-3407.110173895012,2020-08-08T11:45:26Z,45.45180000,7.69911667,1492.00,58.104
3118,1,3113,186.170901968813,-3406.110173895012,2020-08-08T11:45:27Z,45.45171667,7.69910000,1494.00,58.098
3119,1,3114,187.170901968813,-3405.110173895012,2020-08-08T11:45:28Z,45.45163333,7.69911667,1497.00,58.09
3120,1,3115,188.170901968813,-3404.110173895012,2020-08-08T11:45:29Z,45.45153333,7.69911667,1498.00,58.082
3121,1,3116,189.170901968813,-3403.110173895012,2020-08-08T11:45:30Z,45.45143333,7.69911667,1500.00,58.074
3122,1,3117,190.170901968813,-3402.110173895012,2020-08-08T11:45:31Z,45.45133333,7.69910000,1501.00,58.067
3123,1,3118,191.170901968813,-3401.110173895012,2020-08-08T11:45:32Z,45.45123333,7.69910000,1504.00,58.059
3124,1,3119,192.170901968813,-3400.110173895012,2020-08-08T11:45:33Z,45.45113333,7.69911667,1505.00,58.05
3125,1,3120,193.170901968813,-3399.110173895012,2020-08-08T11:45:34Z,45.45103333,7.69913333,1505.00,58.041
3126,1,3121,194.170901968813,-3398.110173895012,2020-08-08T11:45:35Z,45.45093333,7.69915000,1507.00,58.032
3127,1,3122,195.170901968813,-3397.110173895012,2020-08-08T11:45:36Z,45.45083333,7.69916667,1507.00,58.023
3128,1,3123,196.170901968813,-3396.110173895012,2020-08-08T11:45:37Z,45.45071667,7.69918333,1508.00,58.013
3129,1,3124,197.170901968813,-3395.110173895012,2020-08-08T11:45:38Z,45.45060000,7.69920000,1510.00,58.003
3130,1,3125,198.170901968813,-3394.110173895012,2020-08-08T11:45:39Z,45.45046667,7.69923333,1511.00,57.99
3131,1,3126,199.170901968813,-3393.110173895012,2020-08-08T11:45:40Z,45.45036667,7.69926667,1514.00,57.98
3132,1,3127,200.170901968813,-3392.110173895012,2020-08-08T11:45:41Z,45.45026667,7.69926667,1515.00,57.972
3133,1,3128,201.170901968813,-3391.110173895012,2020-08-08T11:45:42Z,45.45015000,7.69925000,1515.00,57.964
3134,1,3129,202.170901968813,-3390.110173895012,2020-08-08T11:45:43Z,45.45005000,7.69923333,1514.00,57.957
3135,1,3130,203.170901968813,-3389.110173895012,2020-08-08T11:45:44Z,45.44993333,7.69925000,1513.00,57.947
3136,1,3131,204.170901968813,-3388.110173895012,2020-08-08T11:45:45Z,45.44980000,7.69931667,1512.00,57.932
3137,2,1,205.170901968813,-3387.110173895012,2020-08-08T11:45:46Z,45.44968333,7.69938333,1511.00,57.919
3138,2,2,206.170901968813,-3386.110173895012,2020-08-08T11:45:47Z,45.44958333,7.69943333,1512.00,57.909
3139,2,3,207.170901968813,-3385.110173895012,2020-08-08T11:45:48Z,45.44950000,7.69948333,1511.00,57.899
3140,2,4,208.170901968813,-3384.110173895012,2020-08-08T11:45:49Z,45.44941667,7.69951667,1510.00,57.891
3141,2,5,209.170901968813,-3383.110173895012,2020-08-08T11:45:50Z,45.44931667,7.69956667,1508.00,57.88
3142,2,6,210.170901968813,-3382.110173895012,2020-08-08T11:45:51Z,45.44921667,7.69965000,1505.00,57.868
3143,2,7,211.170901968813,-3381.110173895012,2020-08-08T11:45:52Z,45.44910000,7.69975000,1503.00,57.853
3144,2,8,212.170901968813,-3380.110173895012,2020-08-08T11:45:53Z,45.44898333,7.69985000,1501.00,57.838
3145,2,9,213.170901968813,-3379.110173895012,2020-08-08T11:45:54Z,45.44888333,7.69991667,1500.00,57.827
3146,2,10,214.170901968813,-3378.110173895012,2020-08-08T11:45:55Z,45.44878333,7.70000000,1500.00,57.814
3147,2,11,215.170901968813,-3377.110173895012,2020-08-08T11:45:56Z,45.44868333,7.70006667,1500.00,57.803
3148,2,12,216.170901968813,-3376.110173895012,2020-08-08T11:45:57Z,45.44858333,7.70013333,1498.00,57.791
3149,2,13,217.170901968813,-3375.110173895012,2020-08-08T11:45:58Z,45.44848333,7.70023333,1495.00,57.778
3150,2,14,218.170901968813,-3374.110173895012,2020-08-08T11:45:59Z,45.44838333,7.70033333,1492.00,57.764
3151,2,15,219.170901968813,-3373.110173895012,2020-08-08T11:46:00Z,45.44826667,7.70043333,1487.00,57.749
3152,2,16,220.170901968813,-3372.110173895012,2020-08-08T11:46:01Z,45.44813333,7.70055000,1482.00,57.732
3153,2,17,221.170901968813,-3371.110173895012,2020-08-08T11:46:02Z,45.44801667,7.70066667,1478.00,57.717
3154,2,18,222.170901968813,-3370.110173895012,2020-08-08T11:46:03Z,45.44790000,7.70076667,1474.00,57.702
3155,2,19,223.170901968813,-3369.110173895012,2020-08-08T11:46:04Z,45.44778333,7.70086667,1471.00,57.687
3156,2,20,224.170901968813,-3368.110173895012,2020-08-08T11:46:05Z,45.44768333,7.70096667,1468.00,57.674
3157,2,21,225.170901968813,-3367.110173895012,2020-08-08T11:46:06Z,45.44756667,7.70108333,1465.00,57.658
3158,2,22,226.170901968813,-3366.110173895012,2020-08-08T11:46:07Z,45.44743333,7.70118333,1463.00,57.642
3159,2,23,227.170901968813,-3365.110173895012,2020-08-08T11:46:08Z,45.44731667,7.70130000,1461.00,57.627
3160,2,24,228.170901968813,-3364.110173895012,2020-08-08T11:46:09Z,45.44718333,7.70138333,1459.00,57.612
3161,2,25,229.170901968813,-3363.110173895012,2020-08-08T11:46:10Z,45.44706667,7.70146667,1458.00,57.598
3162,2,26,230.170901968813,-3362.110173895012,2020-08-08T11:46:11Z,45.44695000,7.70155000,1457.00,57.584
3163,2,27,231.170901968813,-3361.110173895012,2020-08-08T11:46:12Z,45.44681667,7.70163333,1455.00,57.569
3164,2,28,232.170901968813,-3360.110173895012,2020-08-08T11:46:13Z,45.44670000,7.70173333,1453.00,57.554
3165,2,29,233.170901968813,-3359.110173895012,2020-08-08T11:46:14Z,45.44656667,7.70183333,1451.00,57.538
3166,2,30,234.170901968813,-3358.110173895012,2020-08-08T11:46:15Z,45.44646667,7.70195000,1450.00,57.524
3167,2,31,235.170901968813,-3357.110173895012,2020-08-08T11:46:16Z,45.44636667,7.70206667,1450.00,57.509
3168,2,32,236.170901968813,-3356.110173895012,2020-08-08T11:46:17Z,45.44628333,7.70218333,1450.00,57.496
3169,2,33,237.170901968813,-3355.110173895012,2020-08-08T11:46:18Z,45.44620000,7.70228333,1449.00,57.484
3170,2,34,238.170901968813,-3354.110173895012,2020-08-08T11:46:19Z,45.44611667,7.70236667,1450.00,57.473
3171,2,35,239.170901968813,-3353.110173895012,2020-08-08T11:46:20Z,45.44603333,7.70243333,1449.00,57.463
3172,2,36,240.170901968813,-3352.110173895012,2020-08-08T11:46:21Z,45.44593333,7.70253333,1447.00,57.45
3173,2,37,241.170901968813,-3351.110173895012,2020-08-08T11:46:22Z,45.44585000,7.70263333,1446.00,57.438
3174,2,38,242.170901968813,-3350.110173895012,2020-08-08T11:46:23Z,45.44576667,7.70275000,1445.00,57.425
3175,2,39,243.170901968813,-3349.110173895012,2020-08-08T11:46:24Z,45.44568333,7.70285000,1445.00,57.412
3176,2,40,244.170901968813,-3348.110173895012,2020-08-08T11:46:25Z,45.44561667,7.70295000,1444.00,57.402
3177,2,41,245.170901968813,-3347.110173895012,2020-08-08T11:46:26Z,45.44551667,7.70301667,1442.00,57.39
3178,2,42,246.170901968813,-3346.110173895012,2020-08-08T11:46:27Z,45.44543333,7.70310000,1440.00,57.379
3179,2,43,247.170901968813,-3345.110173895012,2020-08-08T11:46:28Z,45.44531667,7.70320000,1439.00,57.364
3180,2,44,248.170901968813,-3344.110173895012,2020-08-08T11:46:29Z,45.44521667,7.70330000,1437.00,57.351
3181,2,45,249.170901968813,-3343.110173895012,2020-08-08T11:46:30Z,45.44510000,7.70341667,1437.00,57.335
3182,2,46,250.170901968813,-3342.110173895012,2020-08-08T11:46:31Z,45.44498333,7.70351667,1437.00,57.321
3183,2,47,251.170901968813,-3341.110173895012,2020-08-08T11:46:32Z,45.44488333,7.70361667,1439.00,57.307
3184,2,48,252.170901968813,-3340.110173895012,2020-08-08T11:46:33Z,45.44480000,7.70371667,1441.00,57.295
3185,2,49,253.170901968813,-3339.110173895012,2020-08-08T11:46:34Z,45.44471667,7.70381667,1442.00,57.283
3186,2,50,254.170901968813,-3338.110173895012,2020-08-08T11:46:35Z,45.44463333,7.70391667,1442.00,57.271
3187,2,51,255.170901968813,-3337.110173895012,2020-08-08T11:46:36Z,45.44455000,7.70405000,1441.00,57.257
3188,2,52,256.170901968813,-3336.110173895012,2020-08-08T11:46:37Z,45.44446667,7.70418333,1440.00,57.243
3189,2,53,257.170901968813,-3335.110173895012,2020-08-08T11:46:38Z,45.44436667,7.70433333,1438.00,57.227
3190,2,54,258.170901968813,-3334.110173895012,2020-08-08T11:46:39Z,45.44426667,7.70446667,1438.00,57.212
3191,2,55,259.170901968813,-3333.110173895012,2020-08-08T11:46:40Z,45.44418333,7.70458333,1438.00,57.199
3192,2,56,260.170901968813,-3332.110173895012,2020-08-08T11:46:41Z,45.44410000,7.70468333,1440.00,57.187
3193,2,57,261.170901968813,-3331.110173895012,2020-08-08T11:46:42Z,45.44405000,7.70476667,1441.00,57.178
3194,2,58,262.170901968813,-3330.110173895012,2020-08-08T11:46:43Z,45.44398333,7.70486667,1441.00,57.167
3195,2,59,263.170901968813,-3329.110173895012,2020-08-08T11:46:44Z,45.44393333,7.70496667,1440.00,57.158
3196,2,60,264.170901968813,-3328.110173895012,2020-08-08T11:46:45Z,45.44385000,7.70508333,1437.00,57.145
3197,2,61,265.170901968813,-3327.110173895012,2020-08-08T11:46:46Z,45.44376667,7.70521667,1435.00,57.131
3198,2,62,266.170901968813,-3326.110173895012,2020-08-08T11:46:47Z,45.44366667,7.70535000,1433.00,57.116
3199,2,63,267.170901968813,-3325.110173895012,2020-08-08T11:46:48Z,45.44356667,7.70546667,1432.00,57.102
3200,2,64,268.170901968813,-3324.110173895012,2020-08-08T11:46:49Z,45.44348333,7.70556667,1431.00,57.09
3201,2,65,269.170901968813,-3323.110173895012,2020-08-08T11:46:50Z,45.44340000,7.70565000,1431.00,57.078
3202,2,66,270.170901968813,-3322.110173895012,2020-08-08T11:46:51Z,45.44331667,7.70573333,1429.00,57.067
3203,2,67,271.170901968813,-3321.110173895012,2020-08-08T11:46:52Z,45.44323333,7.70583333,1425.00,57.055
3204,2,68,272.170901968813,-3320.110173895012,2020-08-08T11:46:53Z,45.44313333,7.70595000,1421.00,57.041
3205,2,69,273.170901968813,-3319.110173895012,2020-08-08T11:46:54Z,45.44303333,7.70606667,1417.00,57.027
3206,2,70,274.170901968813,-3318.110173895012,2020-08-08T11:46:55Z,45.44291667,7.70616667,1413.00,57.012
3207,2,71,275.170901968813,-3317.110173895012,2020-08-08T11:46:56Z,45.44280000,7.70628333,1411.00,56.996
3208,2,72,276.170901968813,-3316.110173895012,2020-08-08T11:46:57Z,45.44270000,7.70638333,1409.00,56.983
3209,2,73,277.170901968813,-3315.110173895012,2020-08-08T11:46:58Z,45.44260000,7.70648333,1408.00,56.969
3210,2,74,278.170901968813,-3314.110173895012,2020-08-08T11:46:59Z,45.44248333,7.70655000,1406.00,56.957
3211,2,75,279.170901968813,-3313.110173895012,2020-08-08T11:47:00Z,45.44236667,7.70663333,1403.00,56.943
3212,2,76,280.170901968813,-3312.110173895012,2020-08-08T11:47:01Z,45.44225000,7.70671667,1402.00,56.929
3213,2,77,281.170901968813,-3311.110173895012,2020-08-08T11:47:02Z,45.44213333,7.70680000,1400.00,56.915
3214,2,78,282.170901968813,-3310.110173895012,2020-08-08T11:47:03Z,45.44203333,7.70691667,1399.00,56.901
3215,2,79,283.170901968813,-3309.110173895012,2020-08-08T11:47:04Z,45.44193333,7.70701667,1397.00,56.888
3216,2,80,284.170901968813,-3308.110173895012,2020-08-08T11:47:05Z,45.44183333,7.70711667,1397.00,56.874
3217,2,81,285.170901968813,-3307.110173895012,2020-08-08T11:47:06Z,45.44171667,7.70720000,1395.00,56.86
3218,2,82,286.170901968813,-3306.110173895012,2020-08-08T11:47:07Z,45.44161667,7.70731667,1394.00,56.846
3219,2,83,287.170901968813,-3305.110173895012,2020-08-08T11:47:08Z,45.44151667,7.70743333,1393.00,56.832
3220,2,84,288.170901968813,-3304.110173895012,2020-08-08T11:47:09Z,45.44141667,7.70756667,1393.00,56.817
3221,2,85,289.170901968813,-3303.110173895012,2020-08-08T11:47:10Z,45.44133333,7.70768333,1393.00,56.804
3222,2,86,290.170901968813,-3302.110173895012,2020-08-08T11:47:11Z,45.44123333,7.70780000,1392.00,56.789
3223,2,87,291.170901968813,-3301.110173895012,2020-08-08T11:47:12Z,45.44115000,7.70790000,1391.00,56.777
3224,2,88,292.170901968813,-3300.110173895012,2020-08-08T11:47:13Z,45.44105000,7.70800000,1390.00,56.764
3225,2,89,293.170901968813,-3299.110173895012,2020-08-08T11:47:14Z,45.44096667,7.70811667,1389.00,56.751
3226,2,90,294.170901968813,-3298.110173895012,2020-08-08T11:47:15Z,45.44088333,7.70823333,1387.00,56.738
3227,2,91,295.170901968813,-3297.110173895012,2020-08-08T11:47:16Z,45.44078333,7.70836667,1386.00,56.723
3228,2,92,296.170901968813,-3296.110173895012,2020-08-08T11:47:17Z,45.44068333,7.70848333,1386.00,56.708
3229,2,93,297.170901968813,-3295.110173895012,2020-08-08T11:47:18Z,45.44058333,7.70860000,1385.00,56.694
3230,2,94,298.170901968813,-3294.110173895012,2020-08-08T11:47:19Z,45.44046667,7.70870000,1385.00,56.679
3231,2,95,299.170901968813,-3293.110173895012,2020-08-08T11:47:20Z,45.44036667,7.70880000,1386.00,56.666
3232,2,96,300.170901968813,-3292.110173895012,2020-08-08T11:47:21Z,45.44028333,7.70890000,1386.00,56.654
3233,2,97,301.170901968813,-3291.110173895012,2020-08-08T11:47:22Z,45.44018333,7.70900000,1385.00,56.641
3234,2,98,302.170901968813,-3290.110173895012,2020-08-08T11:47:23Z,45.44008333,7.70911667,1382.00,56.626
3235,2,99,303.170901968813,-3289.110173895012,2020-08-08T11:47:24Z,45.43998333,7.70921667,1378.00,56.613
3236,2,100,304.170901968813,-3288.110173895012,2020-08-08T11:47:25Z,45.43986667,7.70933333,1374.00,56.597
3237,2,101,305.170901968813,-3287.110173895012,2020-08-08T11:47:26Z,45.43973333,7.70946667,1370.00,56.58
3238,2,102,306.170901968813,-3286.110173895012,2020-08-08T11:47:27Z,45.43961667,7.70960000,1368.00,56.563
3239,2,103,307.170901968813,-3285.110173895012,2020-08-08T11:47:28Z,45.43950000,7.70975000,1367.00,56.546
3240,2,104,308.170901968813,-3284.110173895012,2020-08-08T11:47:29Z,45.43940000,7.70988333,1366.00,56.53
3241,2,105,309.170901968813,-3283.110173895012,2020-08-08T11:47:30Z,45.43931667,7.71001667,1366.00,56.516
3242,2,106,310.170901968813,-3282.110173895012,2020-08-08T11:47:31Z,45.43923333,7.71015000,1365.00,56.503
3243,2,107,311.170901968813,-3281.110173895012,2020-08-08T11:47:32Z,45.43913333,7.71026667,1363.00,56.488
3244,2,108,312.170901968813,-3280.110173895012,2020-08-08T11:47:33Z,45.43903333,7.71038333,1361.00,56.474
3245,2,109,313.170901968813,-3279.110173895012,2020-08-08T11:47:34Z,45.43893333,7.71053333,1359.00,56.458
3246,2,110,314.170901968813,-3278.110173895012,2020-08-08T11:47:35Z,45.43883333,7.71066667,1357.00,56.443
3247,2,111,315.170901968813,-3277.110173895012,2020-08-08T11:47:36Z,45.43873333,7.71081667,1355.00,56.426
3248,2,112,316.170901968813,-3276.110173895012,2020-08-08T11:47:37Z,45.43863333,7.71096667,1354.00,56.41
3249,2,113,317.170901968813,-3275.110173895012,2020-08-08T11:47:38Z,45.43853333,7.71111667,1353.00,56.394
3250,2,114,318.170901968813,-3274.110173895012,2020-08-08T11:47:39Z,45.43843333,7.71126667,1351.00,56.378
3251,2,115,319.170901968813,-3273.110173895012,2020-08-08T11:47:40Z,45.43835000,7.71140000,1349.00,56.364
3252,2,116,320.170901968813,-3272.110173895012,2020-08-08T11:47:41Z,45.43825000,7.71153333,1348.00,56.349
3253,2,117,321.170901968813,-3271.110173895012,2020-08-08T11:47:42Z,45.43815000,7.71166667,1347.00,56.334
3254,2,118,322.170901968813,-3270.110173895012,2020-08-08T11:47:43Z,45.43805000,7.71178333,1345.00,56.319
3255,2,119,323.170901968813,-3269.110173895012,2020-08-08T11:47:44Z,45.43795000,7.71191667,1343.00,56.304
3256,2,120,324.170901968813,-3268.110173895012,2020-08-08T11:47:45Z,45.43785000,7.71203333,1342.00,56.29
3257,2,121,325.170901968813,-3267.110173895012,2020-08-08T11:47:46Z,45.43775000,7.71216667,1341.00,56.275
3258,2,122,326.170901968813,-3266.110173895012,2020-08-08T11:47:47Z,45.43765000,7.71231667,1339.00,56.258
3259,2,123,327.170901968813,-3265.110173895012,2020-08-08T11:47:48Z,45.43756667,7.71246667,1337.00,56.244
3260,2,124,328.170901968813,-3264.110173895012,2020-08-08T11:47:49Z,45.43746667,7.71261667,1334.00,56.228
3261,2,125,329.170901968813,-3263.110173895012,2020-08-08T11:47:50Z,45.43735000,7.71276667,1333.00,56.21
3262,2,126,330.170901968813,-3262.110173895012,2020-08-08T11:47:51Z,45.43725000,7.71290000,1331.00,56.195
3263,2,127,331.170901968813,-3261.110173895012,2020-08-08T11:47:52Z,45.43715000,7.71303333,1330.00,56.18
3264,2,128,332.170901968813,-3260.110173895012,2020-08-08T11:47:53Z,45.43705000,7.71315000,1331.00,56.165
3265,2,129,333.170901968813,-3259.110173895012,2020-08-08T11:47:54Z,45.43698333,7.71326667,1330.00,56.154
3266,2,130,334.170901968813,-3258.110173895012,2020-08-08T11:47:55Z,45.43690000,7.71338333,1329.00,56.141
3267,2,131,335.170901968813,-3257.110173895012,2020-08-08T11:47:56Z,45.43681667,7.71350000,1327.00,56.128
3268,2,132,336.170901968813,-3256.110173895012,2020-08-08T11:47:57Z,45.43673333,7.71361667,1325.00,56.115
3269,2,133,337.170901968813,-3255.110173895012,2020-08-08T11:47:58Z,45.43663333,7.71375000,1323.00,56.099
3270,2,134,338.170901968813,-3254.110173895012,2020-08-08T11:47:59Z,45.43651667,7.71386667,1322.00,56.084
3271,2,135,339.170901968813,-3253.110173895012,2020-08-08T11:48:00Z,45.43643333,7.71400000,1321.00,56.07
3272,2,136,340.170901968813,-3252.110173895012,2020-08-08T11:48:01Z,45.43633333,7.71411667,1321.00,56.056
3273,2,137,341.170901968813,-3251.110173895012,2020-08-08T11:48:02Z,45.43626667,7.71423333,1322.00,56.044
3274,2,138,342.170901968813,-3250.110173895012,2020-08-08T11:48:03Z,45.43618333,7.71435000,1321.00,56.031
3275,2,139,343.170901968813,-3249.110173895012,2020-08-08T11:48:04Z,45.43608333,7.71445000,1320.00,56.018
3276,2,140,344.170901968813,-3248.110173895012,2020-08-08T11:48:05Z,45.43600000,7.71456667,1319.00,56.005
3277,2,141,345.170901968813,-3247.110173895012,2020-08-08T11:48:06Z,45.43590000,7.71468333,1318.00,55.99
3278,2,142,346.170901968813,-3246.110173895012,2020-08-08T11:48:07Z,45.43581667,7.71478333,1318.00,55.978
3279,2,143,347.170901968813,-3245.110173895012,2020-08-08T11:48:08Z,45.43571667,7.71491667,1317.00,55.963
3280,2,144,348.170901968813,-3244.110173895012,2020-08-08T11:48:09Z,45.43561667,7.71503333,1316.00,55.949
3281,2,145,349.170901968813,-3243.110173895012,2020-08-08T11:48:10Z,45.43551667,7.71515000,1316.00,55.934
3282,2,146,350.170901968813,-3242.110173895012,2020-08-08T11:48:11Z,45.43541667,7.71526667,1316.00,55.92
3283,2,147,351.170901968813,-3241.110173895012,2020-08-08T11:48:12Z,45.43533333,7.71538333,1314.00,55.907
3284,2,148,352.170901968813,-3240.110173895012,2020-08-08T11:48:13Z,45.43525000,7.71550000,1313.00,55.894
3285,2,149,353.170901968813,-3239.110173895012,2020-08-08T11:48:14Z,45.43515000,7.71560000,1312.00,55.881
3286,2,150,354.170901968813,-3238.110173895012,2020-08-08T11:48:15Z,45.43506667,7.71571667,1310.00,55.868
3287,2,151,355.170901968813,-3237.110173895012,2020-08-08T11:48:16Z,45.43496667,7.71581667,1310.00,55.855
3288,2,152,356.170901968813,-3236.110173895012,2020-08-08T11:48:17Z,45.43486667,7.71593333,1309.00,55.84
3289,2,153,357.170901968813,-3235.110173895012,2020-08-08T11:48:18Z,45.43478333,7.71603333,1309.00,55.828
3290,2,154,358.170901968813,-3234.110173895012,2020-08-08T11:48:19Z,45.43470000,7.71615000,1309.00,55.815
3291,2,155,359.170901968813,-3233.110173895012,2020-08-08T11:48:20Z,45.43461667,7.71625000,1308.00,55.803
3292,2,156,360.170901968813,-3232.110173895012,2020-08-08T11:48:21Z,45.43453333,7.71633333,1306.00,55.792
3293,2,157,361.170901968813,-3231.110173895012,2020-08-08T11:48:22Z,45.43443333,7.71643333,1305.00,55.779
3294,2,158,362.170901968813,-3230.110173895012,2020-08-08T11:48:23Z,45.43433333,7.71653333,1303.00,55.765
3295,2,159,363.170901968813,-3229.110173895012,2020-08-08T11:48:24Z,45.43423333,7.71663333,1301.00,55.752
3296,2,160,364.170901968813,-3228.110173895012,2020-08-08T11:48:25Z,45.43415000,7.71673333,1300.00,55.74
3297,2,161,365.170901968813,-3227.110173895012,2020-08-08T11:48:26Z,45.43405000,7.71683333,1299.00,55.726
3298,2,162,366.170901968813,-3226.110173895012,2020-08-08T11:48:27Z,45.43396667,7.71693333,1298.00,55.714
3299,2,163,367.170901968813,-3225.110173895012,2020-08-08T11:48:28Z,45.43388333,7.71703333,1296.00,55.702
3300,2,164,368.170901968813,-3224.110173895012,2020-08-08T11:48:29Z,45.43378333,7.71713333,1294.00,55.689
3301,2,165,369.170901968813,-3223.110173895012,2020-08-08T11:48:30Z,45.43370000,7.71723333,1292.00,55.677
3302,2,166,370.170901968813,-3222.110173895012,2020-08-08T11:48:31Z,45.43360000,7.71733333,1291.00,55.664
3303,2,167,371.170901968813,-3221.110173895012,2020-08-08T11:48:32Z,45.43350000,7.71743333,1289.00,55.65
3304,2,168,372.170901968813,-3220.110173895012,2020-08-08T11:48:33Z,45.43340000,7.71753333,1287.00,55.637
3305,2,169,373.170901968813,-3219.110173895012,2020-08-08T11:48:34Z,45.43331667,7.71761667,1286.00,55.626
3306,2,170,374.170901968813,-3218.110173895012,2020-08-08T11:48:35Z,45.43321667,7.71771667,1284.00,55.612
3307,2,171,375.170901968813,-3217.110173895012,2020-08-08T11:48:36Z,45.43313333,7.71780000,1282.00,55.601
3308,2,172,376.170901968813,-3216.110173895012,2020-08-08T11:48:37Z,45.43305000,7.71791667,1279.00,55.588
3309,2,173,377.170901968813,-3215.110173895012,2020-08-08T11:48:38Z,45.43295000,7.71803333,1276.00,55.574
3310,2,174,378.170901968813,-3214.110173895012,2020-08-08T11:48:39Z,45.43285000,7.71813333,1275.00,55.561
3311,2,175,379.170901968813,-3213.110173895012,2020-08-08T11:48:40Z,45.43275000,7.71823333,1273.00,55.547
3312,2,176,380.170901968813,-3212.110173895012,2020-08-08T11:48:41Z,45.43266667,7.71831667,1272.00,55.536
3313,2,177,381.170901968813,-3211.110173895012,2020-08-08T11:48:42Z,45.43256667,7.71840000,1272.00,55.524
3314,2,178,382.170901968813,-3210.110173895012,2020-08-08T11:48:43Z,45.43248333,7.71848333,1270.00,55.513
3315,2,179,383.170901968813,-3209.110173895012,2020-08-08T11:48:44Z,45.43241667,7.71856667,1268.00,55.503
3316,2,180,384.170901968813,-3208.110173895012,2020-08-08T11:48:45Z,45.43233333,7.71866667,1266.00,55.491
3317,2,181,385.170901968813,-3207.110173895012,2020-08-08T11:48:46Z,45.43223333,7.71876667,1265.00,55.477
3318,2,182,386.170901968813,-3206.110173895012,2020-08-08T11:48:47Z,45.43213333,7.71885000,1264.00,55.465
3319,2,183,387.170901968813,-3205.110173895012,2020-08-08T11:48:48Z,45.43201667,7.71891667,1263.00,55.452
3320,2,184,388.170901968813,-3204.110173895012,2020-08-08T11:48:49Z,45.43193333,7.71898333,1263.00,55.442
3321,2,185,389.170901968813,-3203.110173895012,2020-08-08T11:48:50Z,45.43185000,7.71906667,1262.00,55.431
3322,2,186,390.170901968813,-3202.110173895012,2020-08-08T11:48:51Z,45.43175000,7.71915000,1261.00,55.418
3323,2,187,391.170901968813,-3201.110173895012,2020-08-08T11:48:52Z,45.43166667,7.71923333,1260.00,55.407
3324,2,188,392.170901968813,-3200.110173895012,2020-08-08T11:48:53Z,45.43156667,7.71931667,1259.00,55.395
3325,2,189,393.170901968813,-3199.110173895012,2020-08-08T11:48:54Z,45.43146667,7.71938333,1258.00,55.383
3326,2,190,394.170901968813,-3198.110173895012,2020-08-08T11:48:55Z,45.43138333,7.71946667,1256.00,55.372
3327,2,191,395.170901968813,-3197.110173895012,2020-08-08T11:48:56Z,45.43130000,7.71955000,1255.00,55.361
3328,2,192,396.170901968813,-3196.110173895012,2020-08-08T11:48:57Z,45.43120000,7.71963333,1253.00,55.349
3329,2,193,397.170901968813,-3195.110173895012,2020-08-08T11:48:58Z,45.43111667,7.71970000,1251.00,55.338
3330,2,194,398.170901968813,-3194.110173895012,2020-08-08T11:48:59Z,45.43101667,7.71976667,1249.00,55.327
3331,2,195,399.170901968813,-3193.110173895012,2020-08-08T11:49:00Z,45.43090000,7.71980000,1247.00,55.316
3332,2,196,400.170901968813,-3192.110173895012,2020-08-08T11:49:01Z,45.43078333,7.71985000,1245.00,55.304
3333,2,197,401.170901968813,-3191.110173895012,2020-08-08T11:49:02Z,45.43068333,7.71991667,1245.00,55.293
3334,2,198,402.170901968813,-3190.110173895012,2020-08-08T11:49:03Z,45.43060000,7.71998333,1244.00,55.282
3335,2,199,403.170901968813,-3189.110173895012,2020-08-08T11:49:04Z,45.43051667,7.72006667,1243.00,55.271
3336,2,200,404.170901968813,-3188.110173895012,2020-08-08T11:49:05Z,45.43043333,7.72015000,1241.00,55.26
3337,2,201,405.170901968813,-3187.110173895012,2020-08-08T11:49:06Z,45.43035000,7.72025000,1240.00,55.248
3338,2,202,406.170901968813,-3186.110173895012,2020-08-08T11:49:07Z,45.43026667,7.72035000,1238.00,55.236
3339,2,203,407.170901968813,-3185.110173895012,2020-08-08T11:49:08Z,45.43020000,7.72048333,1237.00,55.223
3340,2,204,408.170901968813,-3184.110173895012,2020-08-08T11:49:09Z,45.43013333,7.72063333,1235.00,55.21
3341,2,205,409.170901968813,-3183.110173895012,2020-08-08T11:49:10Z,45.43008333,7.72076667,1235.00,55.199
3342,2,206,410.170901968813,-3182.110173895012,2020-08-08T11:49:11Z,45.43003333,7.72088333,1235.00,55.188
3343,2,207,411.170901968813,-3181.110173895012,2020-08-08T11:49:12Z,45.42996667,7.72100000,1234.00,55.176
3344,2,208,412.170901968813,-3180.110173895012,2020-08-08T11:49:13Z,45.42988333,7.72110000,1233.00,55.164
3345,2,209,413.170901968813,-3179.110173895012,2020-08-08T11:49:14Z,45.42981667,7.72120000,1231.00,55.154
3346,2,210,414.170901968813,-3178.110173895012,2020-08-08T11:49:15Z,45.42973333,7.72131667,1228.00,55.141
3347,2,211,415.170901968813,-3177.110173895012,2020-08-08T11:49:16Z,45.42965000,7.72146667,1226.00,55.126
3348,2,212,416.170901968813,-3176.110173895012,2020-08-08T11:49:17Z,45.42958333,7.72160000,1224.00,55.113
3349,2,213,417.170901968813,-3175.110173895012,2020-08-08T11:49:18Z,45.42950000,7.72171667,1224.00,55.1
3350,2,214,418.170901968813,-3174.110173895012,2020-08-08T11:49:19Z,45.42943333,7.72183333,1224.00,55.089
3351,2,215,419.170901968813,-3173.110173895012,2020-08-08T11:49:20Z,45.42936667,7.72191667,1224.00,55.079
3352,2,216,420.170901968813,-3172.110173895012,2020-08-08T11:49:21Z,45.42928333,7.72201667,1223.00,55.067
3353,2,217,421.170901968813,-3171.110173895012,2020-08-08T11:49:22Z,45.42921667,7.72213333,1221.00,55.055
3354,2,218,422.170901968813,-3170.110173895012,2020-08-08T11:49:23Z,45.42915000,7.72226667,1218.00,55.042
3355,2,219,423.170901968813,-3169.110173895012,2020-08-08T11:49:24Z,45.42908333,7.72240000,1216.00,55.03
3356,2,220,424.170901968813,-3168.110173895012,2020-08-08T11:49:25Z,45.42901667,7.72255000,1214.00,55.016
3357,2,221,425.170901968813,-3167.110173895012,2020-08-08T11:49:26Z,45.42896667,7.72268333,1213.00,55.005
3358,2,222,426.170901968813,-3166.110173895012,2020-08-08T11:49:27Z,45.42891667,7.72280000,1212.00,54.994
3359,2,223,427.170901968813,-3165.110173895012,2020-08-08T11:49:28Z,45.42886667,7.72291667,1212.00,54.984
3360,2,224,428.170901968813,-3164.110173895012,2020-08-08T11:49:29Z,45.42880000,7.72301667,1210.00,54.973
3361,2,225,429.170901968813,-3163.110173895012,2020-08-08T11:49:30Z,45.42875000,7.72311667,1210.00,54.964
3362,2,226,430.170901968813,-3162.110173895012,2020-08-08T11:49:31Z,45.42870000,7.72323333,1208.00,54.953
3363,2,227,431.170901968813,-3161.110173895012,2020-08-08T11:49:32Z,45.42866667,7.72335000,1206.00,54.944
3364,2,228,432.170901968813,-3160.110173895012,2020-08-08T11:49:33Z,45.42861667,7.72346667,1204.00,54.934
3365,2,229,433.170901968813,-3159.110173895012,2020-08-08T11:49:34Z,45.42856667,7.72360000,1203.00,54.923
3366,2,230,434.170901968813,-3158.110173895012,2020-08-08T11:49:35Z,45.42851667,7.72371667,1202.00,54.912
3367,2,231,435.170901968813,-3157.110173895012,2020-08-08T11:49:36Z,45.42845000,7.72381667,1201.00,54.901
3368,2,232,436.170901968813,-3156.110173895012,2020-08-08T11:49:37Z,45.42840000,7.72388333,1200.00,54.894
3369,2,233,437.170901968813,-3155.110173895012,2020-08-08T11:49:38Z,45.42833333,7.72396667,1199.00,54.884
3370,2,234,438.170901968813,-3154.110173895012,2020-08-08T11:49:39Z,45.42828333,7.72405000,1196.00,54.875
3371,2,235,439.170901968813,-3153.110173895012,2020-08-08T11:49:40Z,45.42821667,7.72413333,1194.00,54.866
3372,2,236,440.170901968813,-3152.110173895012,2020-08-08T11:49:41Z,45.42815000,7.72423333,1191.00,54.855
3373,2,237,441.170901968813,-3151.110173895012,2020-08-08T11:49:42Z,45.42806667,7.72433333,1188.00,54.843
3374,2,238,442.170901968813,-3150.110173895012,2020-08-08T11:49:43Z,45.42800000,7.72445000,1186.00,54.831
3375,2,239,443.170901968813,-3149.110173895012,2020-08-08T11:49:44Z,45.42793333,7.72456667,1185.00,54.819
3376,2,240,444.170901968813,-3148.110173895012,2020-08-08T11:49:45Z,45.42785000,7.72466667,1184.00,54.807
3377,2,241,445.170901968813,-3147.110173895012,2020-08-08T11:49:46Z,45.42778333,7.72476667,1184.00,54.797
3378,2,242,446.170901968813,-3146.110173895012,2020-08-08T11:49:47Z,45.42770000,7.72485000,1182.00,54.786
3379,2,243,447.170901968813,-3145.110173895012,2020-08-08T11:49:48Z,45.42761667,7.72495000,1181.00,54.773
3380,2,244,448.170901968813,-3144.110173895012,2020-08-08T11:49:49Z,45.42753333,7.72506667,1181.00,54.76
3381,2,245,449.170901968813,-3143.110173895012,2020-08-08T11:49:50Z,45.42745000,7.72520000,1180.00,54.747
3382,2,246,450.170901968813,-3142.110173895012,2020-08-08T11:49:51Z,45.42736667,7.72533333,1179.00,54.733
3383,2,247,451.170901968813,-3141.110173895012,2020-08-08T11:49:52Z,45.42730000,7.72545000,1180.00,54.721
3384,2,248,452.170901968813,-3140.110173895012,2020-08-08T11:49:53Z,45.42723333,7.72556667,1180.00,54.709
3385,2,249,453.170901968813,-3139.110173895012,2020-08-08T11:49:54Z,45.42716667,7.72568333,1179.00,54.698
3386,2,250,454.170901968813,-3138.110173895012,2020-08-08T11:49:55Z,45.42710000,7.72578333,1178.00,54.687
3387,2,251,455.170901968813,-3137.110173895012,2020-08-08T11:49:56Z,45.42701667,7.72590000,1176.00,54.674
3388,2,252,456.170901968813,-3136.110173895012,2020-08-08T11:49:57Z,45.42693333,7.72601667,1174.00,54.661
3389,2,253,457.170901968813,-3135.110173895012,2020-08-08T11:49:58Z,45.42686667,7.72615000,1172.00,54.648
3390,2,254,458.170901968813,-3134.110173895012,2020-08-08T11:49:59Z,45.42678333,7.72628333,1171.00,54.634
3391,2,255,459.170901968813,-3133.110173895012,2020-08-08T11:50:00Z,45.42671667,7.72645000,1170.00,54.62
3392,2,256,460.170901968813,-3132.110173895012,2020-08-08T11:50:01Z,45.42665000,7.72658333,1169.00,54.607
3393,2,257,461.170901968813,-3131.110173895012,2020-08-08T11:50:02Z,45.42658333,7.72673333,1169.00,54.594
3394,2,258,462.170901968813,-3130.110173895012,2020-08-08T11:50:03Z,45.42651667,7.72686667,1168.00,54.581
3395,2,259,463.170901968813,-3129.110173895012,2020-08-08T11:50:04Z,45.42643333,7.72698333,1167.00,54.568
3396,2,260,464.170901968813,-3128.110173895012,2020-08-08T11:50:05Z,45.42635000,7.72711667,1166.00,54.554
3397,2,261,465.170901968813,-3127.110173895012,2020-08-08T11:50:06Z,45.42628333,7.72726667,1167.00,54.54
3398,2,262,466.170901968813,-3126.110173895012,2020-08-08T11:50:07Z,45.42625000,7.72738333,1168.00,54.531
3399,2,263,467.170901968813,-3125.110173895012,2020-08-08T11:50:08Z,45.42621667,7.72750000,1169.00,54.522
3400,2,264,468.170901968813,-3124.110173895012,2020-08-08T11:50:09Z,45.42618333,7.72758333,1170.00,54.515
3401,2,265,469.170901968813,-3123.110173895012,2020-08-08T11:50:10Z,45.42613333,7.72768333,1170.00,54.506
3402,2,266,470.170901968813,-3122.110173895012,2020-08-08T11:50:11Z,45.42608333,7.72780000,1169.00,54.495
3403,2,267,471.170901968813,-3121.110173895012,2020-08-08T11:50:12Z,45.42601667,7.72790000,1168.00,54.484
3404,2,268,472.170901968813,-3120.110173895012,2020-08-08T11:50:13Z,45.42596667,7.72801667,1168.00,54.474
3405,2,269,473.170901968813,-3119.110173895012,2020-08-08T11:50:14Z,45.42591667,7.72813333,1169.00,54.464
3406,2,270,474.170901968813,-3118.110173895012,2020-08-08T11:50:15Z,45.42586667,7.72823333,1169.00,54.454
3407,2,271,475.170901968813,-3117.110173895012,2020-08-08T11:50:16Z,45.42581667,7.72833333,1169.00,54.445
3408,2,272,476.170901968813,-3116.110173895012,2020-08-08T11:50:17Z,45.42575000,7.72843333,1168.00,54.434
3409,2,273,477.170901968813,-3115.110173895012,2020-08-08T11:50:18Z,45.42568333,7.72851667,1167.00,54.424
3410,2,274,478.170901968813,-3114.110173895012,2020-08-08T11:50:19Z,45.42560000,7.72860000,1167.00,54.413
3411,2,275,479.170901968813,-3113.110173895012,2020-08-08T11:50:20Z,45.42551667,7.72866667,1166.00,54.403
3412,2,276,480.170901968813,-3112.110173895012,2020-08-08T11:50:21Z,45.42545000,7.72875000,1166.00,54.393
3413,2,277,481.170901968813,-3111.110173895012,2020-08-08T11:50:22Z,45.42538333,7.72883333,1165.00,54.383
3414,2,278,482.170901968813,-3110.110173895012,2020-08-08T11:50:23Z,45.42531667,7.72893333,1164.00,54.372
3415,2,279,483.170901968813,-3109.110173895012,2020-08-08T11:50:24Z,45.42525000,7.72903333,1163.00,54.362
3416,2,280,484.170901968813,-3108.110173895012,2020-08-08T11:50:25Z,45.42516667,7.72913333,1162.00,54.35
3417,2,281,485.170901968813,-3107.110173895012,2020-08-08T11:50:26Z,45.42510000,7.72921667,1162.00,54.34
3418,2,282,486.170901968813,-3106.110173895012,2020-08-08T11:50:27Z,45.42501667,7.72930000,1162.00,54.329
3419,2,283,487.170901968813,-3105.110173895012,2020-08-08T11:50:28Z,45.42493333,7.72938333,1163.00,54.317
3420,2,284,488.170901968813,-3104.110173895012,2020-08-08T11:50:29Z,45.42486667,7.72946667,1163.00,54.308
3421,2,285,489.170901968813,-3103.110173895012,2020-08-08T11:50:30Z,45.42478333,7.72955000,1163.00,54.296
3422,2,286,490.170901968813,-3102.110173895012,2020-08-08T11:50:31Z,45.42470000,7.72960000,1164.00,54.287
3423,2,287,491.170901968813,-3101.110173895012,2020-08-08T11:50:32Z,45.42461667,7.72966667,1165.00,54.277
3424,2,288,492.170901968813,-3100.110173895012,2020-08-08T11:50:33Z,45.42453333,7.72971667,1166.00,54.268
3425,2,289,493.170901968813,-3099.110173895012,2020-08-08T11:50:34Z,45.42446667,7.72975000,1166.00,54.261
3426,2,290,494.170901968813,-3098.110173895012,2020-08-08T11:50:35Z,45.42440000,7.72980000,1167.00,54.253
3427,2,291,495.170901968813,-3097.110173895012,2020-08-08T11:50:36Z,45.42433333,7.72986667,1168.00,54.244
3428,2,292,496.170901968813,-3096.110173895012,2020-08-08T11:50:37Z,45.42426667,7.72993333,1168.00,54.235
3429,2,293,497.170901968813,-3095.110173895012,2020-08-08T11:50:38Z,45.42420000,7.72998333,1169.00,54.227
3430,2,294,498.170901968813,-3094.110173895012,2020-08-08T11:50:39Z,45.42413333,7.73001667,1169.00,54.22
3431,2,295,499.170901968813,-3093.110173895012,2020-08-08T11:50:40Z,45.42406667,7.73001667,1170.00,54.215
3432,2,296,500.170901968813,-3092.110173895012,2020-08-08T11:50:41Z,45.42400000,7.73003333,1169.00,54.209
3433,2,297,501.170901968813,-3091.110173895012,2020-08-08T11:50:42Z,45.42393333,7.73003333,1169.00,54.203
3434,2,298,502.170901968813,-3090.110173895012,2020-08-08T11:50:43Z,45.42385000,7.73006667,1168.00,54.195
3435,2,299,503.170901968813,-3089.110173895012,2020-08-08T11:50:44Z,45.42378333,7.73011667,1166.00,54.187
3436,2,300,504.170901968813,-3088.110173895012,2020-08-08T11:50:45Z,45.42371667,7.73018333,1164.00,54.178
3437,2,301,505.170901968813,-3087.110173895012,2020-08-08T11:50:46Z,45.42365000,7.73028333,1162.00,54.167
3438,2,302,506.170901968813,-3086.110173895012,2020-08-08T11:50:47Z,45.42360000,7.73038333,1159.00,54.158
3439,2,303,507.170901968813,-3085.110173895012,2020-08-08T11:50:48Z,45.42355000,7.73050000,1157.00,54.148
3440,2,304,508.170901968813,-3084.110173895012,2020-08-08T11:50:49Z,45.42348333,7.73060000,1153.00,54.137
3441,2,305,509.170901968813,-3083.110173895012,2020-08-08T11:50:50Z,45.42340000,7.73070000,1152.00,54.125
3442,2,306,510.170901968813,-3082.110173895012,2020-08-08T11:50:51Z,45.42333333,7.73078333,1150.00,54.115
3443,2,307,511.170901968813,-3081.110173895012,2020-08-08T11:50:52Z,45.42326667,7.73086667,1149.00,54.105
3444,2,308,512.170901968813,-3080.110173895012,2020-08-08T11:50:53Z,45.42320000,7.73098333,1147.00,54.093
3445,2,309,513.170901968813,-3079.110173895012,2020-08-08T11:50:54Z,45.42316667,7.73110000,1145.00,54.084
3446,2,310,514.170901968813,-3078.110173895012,2020-08-08T11:50:55Z,45.42311667,7.73121667,1143.00,54.074
3447,2,311,515.170901968813,-3077.110173895012,2020-08-08T11:50:56Z,45.42305000,7.73131667,1141.00,54.063
3448,2,312,516.170901968813,-3076.110173895012,2020-08-08T11:50:57Z,45.42298333,7.73141667,1139.00,54.052
3449,2,313,517.170901968813,-3075.110173895012,2020-08-08T11:50:58Z,45.42291667,7.73151667,1136.00,54.042
3450,2,314,518.170901968813,-3074.110173895012,2020-08-08T11:50:59Z,45.42286667,7.73163333,1133.00,54.031
3451,2,315,519.170901968813,-3073.110173895012,2020-08-08T11:51:00Z,45.42280000,7.73173333,1129.00,54.02
3452,2,316,520.170901968813,-3072.110173895012,2020-08-08T11:51:01Z,45.42273333,7.73183333,1127.00,54.01
3453,2,317,521.170901968813,-3071.110173895012,2020-08-08T11:51:02Z,45.42266667,7.73193333,1125.00,53.999
3454,2,318,522.170901968813,-3070.110173895012,2020-08-08T11:51:03Z,45.42258333,7.73201667,1121.00,53.988
3455,2,319,523.170901968813,-3069.110173895012,2020-08-08T11:51:04Z,45.42251667,7.73210000,1119.00,53.978
3456,2,320,524.170901968813,-3068.110173895012,2020-08-08T11:51:05Z,45.42243333,7.73218333,1117.00,53.967
3457,2,321,525.170901968813,-3067.110173895012,2020-08-08T11:51:06Z,45.42235000,7.73228333,1115.00,53.955
3458,2,322,526.170901968813,-3066.110173895012,2020-08-08T11:51:07Z,45.42226667,7.73235000,1115.00,53.945
3459,2,323,527.170901968813,-3065.110173895012,2020-08-08T11:51:08Z,45.42218333,7.73241667,1114.00,53.934
3460,2,324,528.170901968813,-3064.110173895012,2020-08-08T11:51:09Z,45.42211667,7.73246667,1113.00,53.926
3461,2,325,529.170901968813,-3063.110173895012,2020-08-08T11:51:10Z,45.42203333,7.73251667,1113.00,53.917
3462,2,326,530.170901968813,-3062.110173895012,2020-08-08T11:51:11Z,45.42195000,7.73256667,1112.00,53.908
3463,2,327,531.170901968813,-3061.110173895012,2020-08-08T11:51:12Z,45.42188333,7.73263333,1112.00,53.899
3464,2,328,532.170901968813,-3060.110173895012,2020-08-08T11:51:13Z,45.42180000,7.73270000,1112.00,53.889
3465,2,329,533.170901968813,-3059.110173895012,2020-08-08T11:51:14Z,45.42173333,7.73278333,1111.00,53.879
3466,2,330,534.170901968813,-3058.110173895012,2020-08-08T11:51:15Z,45.42165000,7.73288333,1111.00,53.867
3467,2,331,535.170901968813,-3057.110173895012,2020-08-08T11:51:16Z,45.42156667,7.73298333,1110.00,53.855
3468,2,332,536.170901968813,-3056.110173895012,2020-08-08T11:51:17Z,45.42148333,7.73308333,1109.00,53.843
3469,2,333,537.170901968813,-3055.110173895012,2020-08-08T11:51:18Z,45.42140000,7.73318333,1109.00,53.831
3470,2,334,538.170901968813,-3054.110173895012,2020-08-08T11:51:19Z,45.42131667,7.73328333,1109.00,53.819
3471,2,335,539.170901968813,-3053.110173895012,2020-08-08T11:51:20Z,45.42125000,7.73338333,1110.00,53.808
3472,2,336,540.170901968813,-3052.110173895012,2020-08-08T11:51:21Z,45.42118333,7.73348333,1109.00,53.797
3473,2,337,541.170901968813,-3051.110173895012,2020-08-08T11:51:22Z,45.42110000,7.73358333,1109.00,53.785
3474,2,338,542.170901968813,-3050.110173895012,2020-08-08T11:51:23Z,45.42103333,7.73368333,1108.00,53.774
3475,2,339,543.170901968813,-3049.110173895012,2020-08-08T11:51:24Z,45.42095000,7.73378333,1107.00,53.762
3476,2,340,544.170901968813,-3048.110173895012,2020-08-08T11:51:25Z,45.42086667,7.73388333,1106.00,53.75
3477,2,341,545.170901968813,-3047.110173895012,2020-08-08T11:51:26Z,45.42078333,7.73398333,1105.00,53.738
3478,2,342,546.170901968813,-3046.110173895012,2020-08-08T11:51:27Z,45.42070000,7.73406667,1104.00,53.727
3479,2,343,547.170901968813,-3045.110173895012,2020-08-08T11:51:28Z,45.42063333,7.73416667,1102.00,53.716
3480,2,344,548.170901968813,-3044.110173895012,2020-08-08T11:51:29Z,45.42055000,7.73425000,1100.00,53.705
3481,2,345,549.170901968813,-3043.110173895012,2020-08-08T11:51:30Z,45.42046667,7.73435000,1100.00,53.693
3482,2,346,550.170901968813,-3042.110173895012,2020-08-08T11:51:31Z,45.42038333,7.73445000,1098.00,53.681
3483,2,347,551.170901968813,-3041.110173895012,2020-08-08T11:51:32Z,45.42030000,7.73455000,1098.00,53.669
3484,2,348,552.170901968813,-3040.110173895012,2020-08-08T11:51:33Z,45.42021667,7.73465000,1097.00,53.657
3485,2,349,553.170901968813,-3039.110173895012,2020-08-08T11:51:34Z,45.42015000,7.73471667,1097.00,53.648
3486,2,350,554.170901968813,-3038.110173895012,2020-08-08T11:51:35Z,45.42006667,7.73478333,1096.00,53.638
3487,2,351,555.170901968813,-3037.110173895012,2020-08-08T11:51:36Z,45.41998333,7.73483333,1095.00,53.629
3488,2,352,556.170901968813,-3036.110173895012,2020-08-08T11:51:37Z,45.41990000,7.73490000,1094.00,53.618
3489,2,353,557.170901968813,-3035.110173895012,2020-08-08T11:51:38Z,45.41981667,7.73496667,1094.00,53.608
3490,2,354,558.170901968813,-3034.110173895012,2020-08-08T11:51:39Z,45.41973333,7.73501667,1094.00,53.599
3491,2,355,559.170901968813,-3033.110173895012,2020-08-08T11:51:40Z,45.41965000,7.73506667,1093.00,53.59
3492,2,356,560.170901968813,-3032.110173895012,2020-08-08T11:51:41Z,45.41956667,7.73511667,1093.00,53.58
3493,2,357,561.170901968813,-3031.110173895012,2020-08-08T11:51:42Z,45.41948333,7.73516667,1092.00,53.571
3494,2,358,562.170901968813,-3030.110173895012,2020-08-08T11:51:43Z,45.41940000,7.73521667,1090.00,53.562
3495,2,359,563.170901968813,-3029.110173895012,2020-08-08T11:51:44Z,45.41931667,7.73528333,1088.00,53.552
3496,2,360,564.170901968813,-3028.110173895012,2020-08-08T11:51:45Z,45.41923333,7.73535000,1086.00,53.542
3497,2,361,565.170901968813,-3027.110173895012,2020-08-08T11:51:46Z,45.41915000,7.73540000,1084.00,53.532
3498,2,362,566.170901968813,-3026.110173895012,2020-08-08T11:51:47Z,45.41906667,7.73546667,1083.00,53.522
3499,2,363,567.170901968813,-3025.110173895012,2020-08-08T11:51:48Z,45.41898333,7.73551667,1082.00,53.513
3500,2,364,568.170901968813,-3024.110173895012,2020-08-08T11:51:49Z,45.41890000,7.73558333,1080.00,53.503
3501,2,365,569.170901968813,-3023.110173895012,2020-08-08T11:51:50Z,45.41881667,7.73566667,1078.00,53.492
3502,2,366,570.170901968813,-3022.110173895012,2020-08-08T11:51:51Z,45.41873333,7.73573333,1077.00,53.482
3503,2,367,571.170901968813,-3021.110173895012,2020-08-08T11:51:52Z,45.41866667,7.73581667,1076.00,53.472
3504,2,368,572.170901968813,-3020.110173895012,2020-08-08T11:51:53Z,45.41860000,7.73591667,1076.00,53.461
3505,2,369,573.170901968813,-3019.110173895012,2020-08-08T11:51:54Z,45.41853333,7.73600000,1074.00,53.451
3506,2,370,574.170901968813,-3018.110173895012,2020-08-08T11:51:55Z,45.41846667,7.73608333,1073.00,53.441
3507,2,371,575.170901968813,-3017.110173895012,2020-08-08T11:51:56Z,45.41840000,7.73616667,1071.00,53.432
3508,2,372,576.170901968813,-3016.110173895012,2020-08-08T11:51:57Z,45.41833333,7.73626667,1069.00,53.421
3509,2,373,577.170901968813,-3015.110173895012,2020-08-08T11:51:58Z,45.41826667,7.73635000,1066.00,53.411
3510,2,374,578.170901968813,-3014.110173895012,2020-08-08T11:51:59Z,45.41818333,7.73645000,1065.00,53.399
3511,2,375,579.170901968813,-3013.110173895012,2020-08-08T11:52:00Z,45.41811667,7.73655000,1064.00,53.388
3512,2,376,580.170901968813,-3012.110173895012,2020-08-08T11:52:01Z,45.41803333,7.73663333,1062.00,53.377
3513,2,377,581.170901968813,-3011.110173895012,2020-08-08T11:52:02Z,45.41795000,7.73673333,1061.00,53.365
3514,2,378,582.170901968813,-3010.110173895012,2020-08-08T11:52:03Z,45.41788333,7.73681667,1059.00,53.355
3515,2,379,583.170901968813,-3009.110173895012,2020-08-08T11:52:04Z,45.41781667,7.73691667,1057.00,53.344
3516,2,380,584.170901968813,-3008.110173895012,2020-08-08T11:52:05Z,45.41775000,7.73701667,1054.00,53.334
3517,2,381,585.170901968813,-3007.110173895012,2020-08-08T11:52:06Z,45.41768333,7.73713333,1053.00,53.322
3518,2,382,586.170901968813,-3006.110173895012,2020-08-08T11:52:07Z,45.41760000,7.73725000,1050.00,53.309
3519,2,383,587.170901968813,-3005.110173895012,2020-08-08T11:52:08Z,45.41750000,7.73735000,1048.00,53.296
3520,2,384,588.170901968813,-3004.110173895012,2020-08-08T11:52:09Z,45.41741667,7.73745000,1046.00,53.284
3521,2,385,589.170901968813,-3003.110173895012,2020-08-08T11:52:10Z,45.41731667,7.73753333,1045.00,53.271
3522,2,386,590.170901968813,-3002.110173895012,2020-08-08T11:52:11Z,45.41723333,7.73763333,1044.00,53.259
3523,2,387,591.170901968813,-3001.110173895012,2020-08-08T11:52:12Z,45.41715000,7.73770000,1044.00,53.249
3524,2,388,592.170901968813,-3000.110173895012,2020-08-08T11:52:13Z,45.41706667,7.73778333,1042.00,53.238
3525,2,389,593.170901968813,-2999.110173895012,2020-08-08T11:52:14Z,45.41696667,7.73783333,1040.00,53.227
3526,2,390,594.170901968813,-2998.110173895012,2020-08-08T11:52:15Z,45.41686667,7.73788333,1038.00,53.217
3527,2,391,595.170901968813,-2997.110173895012,2020-08-08T11:52:16Z,45.41678333,7.73793333,1036.00,53.208
3528,2,392,596.170901968813,-2996.110173895012,2020-08-08T11:52:17Z,45.41668333,7.73801667,1035.00,53.195
3529,2,393,597.170901968813,-2995.110173895012,2020-08-08T11:52:18Z,45.41660000,7.73808333,1033.00,53.185
3530,2,394,598.170901968813,-2994.110173895012,2020-08-08T11:52:19Z,45.41651667,7.73815000,1031.00,53.175
3531,2,395,599.170901968813,-2993.110173895012,2020-08-08T11:52:20Z,45.41643333,7.73821667,1030.00,53.165
3532,2,396,600.170901968813,-2992.110173895012,2020-08-08T11:52:21Z,45.41635000,7.73828333,1029.00,53.155
3533,2,397,601.170901968813,-2991.110173895012,2020-08-08T11:52:22Z,45.41626667,7.73835000,1028.00,53.145
3534,2,398,602.170901968813,-2990.110173895012,2020-08-08T11:52:23Z,45.41620000,7.73843333,1026.00,53.135
3535,2,399,603.170901968813,-2989.110173895012,2020-08-08T11:52:24Z,45.41611667,7.73850000,1025.00,53.125
3536,2,400,604.170901968813,-2988.110173895012,2020-08-08T11:52:25Z,45.41605000,7.73856667,1024.00,53.116
3537,2,401,605.170901968813,-2987.110173895012,2020-08-08T11:52:26Z,45.41598333,7.73863333,1022.00,53.107
3538,2,402,606.170901968813,-2986.110173895012,2020-08-08T11:52:27Z,45.41590000,7.73870000,1021.00,53.097
3539,2,403,607.170901968813,-2985.110173895012,2020-08-08T11:52:28Z,45.41583333,7.73876667,1020.00,53.088
3540,2,404,608.170901968813,-2984.110173895012,2020-08-08T11:52:29Z,45.41575000,7.73883333,1018.00,53.078
3541,2,405,609.170901968813,-2983.110173895012,2020-08-08T11:52:30Z,45.41568333,7.73888333,1017.00,53.07
3542,2,406,610.170901968813,-2982.110173895012,2020-08-08T11:52:31Z,45.41560000,7.73895000,1015.00,53.06
3543,2,407,611.170901968813,-2981.110173895012,2020-08-08T11:52:32Z,45.41551667,7.73900000,1014.00,53.05
3544,2,408,612.170901968813,-2980.110173895012,2020-08-08T11:52:33Z,45.41543333,7.73906667,1013.00,53.04
3545,2,409,613.170901968813,-2979.110173895012,2020-08-08T11:52:34Z,45.41536667,7.73911667,1012.00,53.032
3546,2,410,614.170901968813,-2978.110173895012,2020-08-08T11:52:35Z,45.41528333,7.73916667,1011.00,53.023
3547,2,411,615.170901968813,-2977.110173895012,2020-08-08T11:52:36Z,45.41521667,7.73921667,1009.00,53.015
3548,2,412,616.170901968813,-2976.110173895012,2020-08-08T11:52:37Z,45.41513333,7.73926667,1008.00,53.006
3549,2,413,617.170901968813,-2975.110173895012,2020-08-08T11:52:38Z,45.41506667,7.73931667,1007.00,52.998
3550,2,414,618.170901968813,-2974.110173895012,2020-08-08T11:52:39Z,45.41498333,7.73936667,1006.00,52.989
3551,2,415,619.170901968813,-2973.110173895012,2020-08-08T11:52:40Z,45.41491667,7.73940000,1004.00,52.982
3552,2,416,620.170901968813,-2972.110173895012,2020-08-08T11:52:41Z,45.41483333,7.73943333,1004.00,52.974
3553,2,417,621.170901968813,-2971.110173895012,2020-08-08T11:52:42Z,45.41476667,7.73948333,1003.00,52.966
3554,2,418,622.170901968813,-2970.110173895012,2020-08-08T11:52:43Z,45.41470000,7.73953333,1002.00,52.958
3555,2,419,623.170901968813,-2969.110173895012,2020-08-08T11:52:44Z,45.41463333,7.73958333,1001.00,52.95
3556,2,420,624.170901968813,-2968.110173895012,2020-08-08T11:52:45Z,45.41456667,7.73963333,999.00,52.942
3557,2,421,625.170901968813,-2967.110173895012,2020-08-08T11:52:46Z,45.41450000,7.73970000,998.00,52.933
3558,2,422,626.170901968813,-2966.110173895012,2020-08-08T11:52:47Z,45.41443333,7.73976667,997.00,52.925
3559,2,423,627.170901968813,-2965.110173895012,2020-08-08T11:52:48Z,45.41438333,7.73985000,995.00,52.916
3560,2,424,628.170901968813,-2964.110173895012,2020-08-08T11:52:49Z,45.41433333,7.73993333,995.00,52.907
3561,2,425,629.170901968813,-2963.110173895012,2020-08-08T11:52:50Z,45.41428333,7.74003333,992.00,52.898
3562,2,426,630.170901968813,-2962.110173895012,2020-08-08T11:52:51Z,45.41423333,7.74013333,992.00,52.888
3563,2,427,631.170901968813,-2961.110173895012,2020-08-08T11:52:52Z,45.41418333,7.74023333,991.00,52.879
3564,2,428,632.170901968813,-2960.110173895012,2020-08-08T11:52:53Z,45.41415000,7.74035000,992.00,52.87
3565,2,429,633.170901968813,-2959.110173895012,2020-08-08T11:52:54Z,45.41413333,7.74045000,991.00,52.863
3566,2,430,634.170901968813,-2958.110173895012,2020-08-08T11:52:55Z,45.41410000,7.74058333,993.00,52.853
3567,2,431,635.170901968813,-2957.110173895012,2020-08-08T11:52:56Z,45.41408333,7.74071667,996.00,52.844
3568,2,432,636.170901968813,-2956.110173895012,2020-08-08T11:52:57Z,45.41408333,7.74081667,1000.00,52.838
3569,2,433,637.170901968813,-2955.110173895012,2020-08-08T11:52:58Z,45.41410000,7.74091667,1003.00,52.834
3570,2,434,638.170901968813,-2954.110173895012,2020-08-08T11:52:59Z,45.41408333,7.74098333,1006.00,52.829
3571,2,435,639.170901968813,-2953.110173895012,2020-08-08T11:53:00Z,45.41406667,7.74106667,1008.00,52.823
3572,2,436,640.170901968813,-2952.110173895012,2020-08-08T11:53:01Z,45.41403333,7.74115000,1010.00,52.815
3573,2,437,641.170901968813,-2951.110173895012,2020-08-08T11:53:02Z,45.41398333,7.74123333,1012.00,52.807
3574,2,438,642.170901968813,-2950.110173895012,2020-08-08T11:53:03Z,45.41393333,7.74133333,1014.00,52.797
3575,2,439,643.170901968813,-2949.110173895012,2020-08-08T11:53:04Z,45.41391667,7.74143333,1017.00,52.79
3576,2,440,644.170901968813,-2948.110173895012,2020-08-08T11:53:05Z,45.41391667,7.74153333,1019.00,52.785
3577,2,441,645.170901968813,-2947.110173895012,2020-08-08T11:53:06Z,45.41391667,7.74163333,1021.00,52.779
3578,2,442,646.170901968813,-2946.110173895012,2020-08-08T11:53:07Z,45.41390000,7.74173333,1022.00,52.772
3579,2,443,647.170901968813,-2945.110173895012,2020-08-08T11:53:08Z,45.41386667,7.74181667,1023.00,52.765
3580,2,444,648.170901968813,-2944.110173895012,2020-08-08T11:53:09Z,45.41380000,7.74185000,1023.00,52.758
3581,2,445,649.170901968813,-2943.110173895012,2020-08-08T11:53:10Z,45.41371667,7.74186667,1024.00,52.75
3582,2,446,650.170901968813,-2942.110173895012,2020-08-08T11:53:11Z,45.41363333,7.74183333,1025.00,52.746
3583,2,447,651.170901968813,-2941.110173895012,2020-08-08T11:53:12Z,45.41356667,7.74180000,1028.00,52.743
3584,2,448,652.170901968813,-2940.110173895012,2020-08-08T11:53:13Z,45.41351667,7.74176667,1031.00,52.741
3585,2,449,653.170901968813,-2939.110173895012,2020-08-08T11:53:14Z,45.41348333,7.74171667,1033.00,52.741
3586,2,450,654.170901968813,-2938.110173895012,2020-08-08T11:53:15Z,45.41345000,7.74165000,1034.00,52.742
3587,2,451,655.170901968813,-2937.110173895012,2020-08-08T11:53:16Z,45.41343333,7.74155000,1036.00,52.747
3588,2,452,656.170901968813,-2936.110173895012,2020-08-08T11:53:17Z,45.41341667,7.74145000,1038.00,52.751
3589,2,453,657.170901968813,-2935.110173895012,2020-08-08T11:53:18Z,45.41340000,7.74135000,1041.00,52.756
3590,2,454,658.170901968813,-2934.110173895012,2020-08-08T11:53:19Z,45.41340000,7.74125000,1043.00,52.762
3591,2,455,659.170901968813,-2933.110173895012,2020-08-08T11:53:20Z,45.41341667,7.74113333,1046.00,52.77
3592,2,456,660.170901968813,-2932.110173895012,2020-08-08T11:53:21Z,45.41346667,7.74103333,1047.00,52.779
3593,2,457,661.170901968813,-2931.110173895012,2020-08-08T11:53:22Z,45.41356667,7.74093333,1048.00,52.792
3594,2,458,662.170901968813,-2930.110173895012,2020-08-08T11:53:23Z,45.41368333,7.74088333,1051.00,52.804
3595,2,459,663.170901968813,-2929.110173895012,2020-08-08T11:53:24Z,45.41380000,7.74088333,1053.00,52.813
3596,2,460,664.170901968813,-2928.110173895012,2020-08-08T11:53:25Z,45.41388333,7.74091667,1057.00,52.817
3597,2,461,665.170901968813,-2927.110173895012,2020-08-08T11:53:26Z,45.41396667,7.74095000,1059.00,52.822
3598,2,462,666.170901968813,-2926.110173895012,2020-08-08T11:53:27Z,45.41403333,7.74100000,1062.00,52.824
3599,2,463,667.170901968813,-2925.110173895012,2020-08-08T11:53:28Z,45.41411667,7.74106667,1063.00,52.826
3600,2,464,668.170901968813,-2924.110173895012,2020-08-08T11:53:29Z,45.41420000,7.74115000,1064.00,52.828
3601,2,465,669.170901968813,-2923.110173895012,2020-08-08T11:53:30Z,45.41426667,7.74126667,1065.00,52.826
3602,2,466,670.170901968813,-2922.110173895012,2020-08-08T11:53:31Z,45.41433333,7.74138333,1067.00,52.825
3603,2,467,671.170901968813,-2921.110173895012,2020-08-08T11:53:32Z,45.41436667,7.74151667,1068.00,52.82
3604,2,468,672.170901968813,-2920.110173895012,2020-08-08T11:53:33Z,45.41433333,7.74165000,1070.00,52.81
3605,2,469,673.170901968813,-2919.110173895012,2020-08-08T11:53:34Z,45.41428333,7.74173333,1071.00,52.801
3606,2,470,674.170901968813,-2918.110173895012,2020-08-08T11:53:35Z,45.41421667,7.74180000,1071.00,52.792
3607,2,471,675.170901968813,-2917.110173895012,2020-08-08T11:53:36Z,45.41415000,7.74183333,1073.00,52.785
3608,2,472,676.170901968813,-2916.110173895012,2020-08-08T11:53:37Z,45.41410000,7.74186667,1075.00,52.78
3609,2,473,677.170901968813,-2915.110173895012,2020-08-08T11:53:38Z,45.41405000,7.74190000,1076.00,52.774
3610,2,474,678.170901968813,-2914.110173895012,2020-08-08T11:53:39Z,45.41400000,7.74195000,1076.00,52.767
3611,2,475,679.170901968813,-2913.110173895012,2020-08-08T11:53:40Z,45.41393333,7.74198333,1077.00,52.76
3612,2,476,680.170901968813,-2912.110173895012,2020-08-08T11:53:41Z,45.41388333,7.74201667,1079.00,52.755
3613,2,477,681.170901968813,-2911.110173895012,2020-08-08T11:53:42Z,45.41381667,7.74200000,1079.00,52.75
3614,2,478,682.170901968813,-2910.110173895012,2020-08-08T11:53:43Z,45.41375000,7.74195000,1080.00,52.748
3615,2,479,683.170901968813,-2909.110173895012,2020-08-08T11:53:44Z,45.41370000,7.74186667,1082.00,52.749
3616,2,480,684.170901968813,-2908.110173895012,2020-08-08T11:53:45Z,45.41366667,7.74175000,1084.00,52.753
3617,2,481,685.170901968813,-2907.110173895012,2020-08-08T11:53:46Z,45.41366667,7.74163333,1087.00,52.76
3618,2,482,686.170901968813,-2906.110173895012,2020-08-08T11:53:47Z,45.41368333,7.74153333,1090.00,52.767
3619,2,483,687.170901968813,-2905.110173895012,2020-08-08T11:53:48Z,45.41373333,7.74143333,1091.00,52.776
3620,2,484,688.170901968813,-2904.110173895012,2020-08-08T11:53:49Z,45.41378333,7.74135000,1093.00,52.785
3621,2,485,689.170901968813,-2903.110173895012,2020-08-08T11:53:50Z,45.41383333,7.74126667,1095.00,52.793
3622,2,486,690.170901968813,-2902.110173895012,2020-08-08T11:53:51Z,45.41391667,7.74121667,1097.00,52.803
3623,2,487,691.170901968813,-2901.110173895012,2020-08-08T11:53:52Z,45.41401667,7.74120000,1097.00,52.811
3624,2,488,692.170901968813,-2900.110173895012,2020-08-08T11:53:53Z,45.41413333,7.74125000,1099.00,52.817
3625,2,489,693.170901968813,-2899.110173895012,2020-08-08T11:53:54Z,45.41421667,7.74133333,1102.00,52.819
3626,2,490,694.170901968813,-2898.110173895012,2020-08-08T11:53:55Z,45.41428333,7.74143333,1103.00,52.818
3627,2,491,695.170901968813,-2897.110173895012,2020-08-08T11:53:56Z,45.41431667,7.74155000,1106.00,52.814
3628,2,492,696.170901968813,-2896.110173895012,2020-08-08T11:53:57Z,45.41433333,7.74166667,1107.00,52.809
3629,2,493,697.170901968813,-2895.110173895012,2020-08-08T11:53:58Z,45.41431667,7.74178333,1109.00,52.801
3630,2,494,698.170901968813,-2894.110173895012,2020-08-08T11:53:59Z,45.41428333,7.74190000,1110.00,52.792
3631,2,495,699.170901968813,-2893.110173895012,2020-08-08T11:54:00Z,45.41423333,7.74200000,1111.00,52.782
3632,2,496,700.170901968813,-2892.110173895012,2020-08-08T11:54:01Z,45.41416667,7.74208333,1113.00,52.772
3633,2,497,701.170901968813,-2891.110173895012,2020-08-08T11:54:02Z,45.41408333,7.74215000,1115.00,52.762
3634,2,498,702.170901968813,-2890.110173895012,2020-08-08T11:54:03Z,45.41401667,7.74221667,1118.00,52.753
3635,2,499,703.170901968813,-2889.110173895012,2020-08-08T11:54:04Z,45.41393333,7.74226667,1121.00,52.744
3636,2,500,704.170901968813,-2888.110173895012,2020-08-08T11:54:05Z,45.41388333,7.74226667,1124.00,52.74
3637,2,501,705.170901968813,-2887.110173895012,2020-08-08T11:54:06Z,45.41381667,7.74221667,1126.00,52.738
3638,2,502,706.170901968813,-2886.110173895012,2020-08-08T11:54:07Z,45.41378333,7.74213333,1127.00,52.74
3639,2,503,707.170901968813,-2885.110173895012,2020-08-08T11:54:08Z,45.41378333,7.74203333,1129.00,52.746
3640,2,504,708.170901968813,-2884.110173895012,2020-08-08T11:54:09Z,45.41381667,7.74193333,1130.00,52.754
3641,2,505,709.170901968813,-2883.110173895012,2020-08-08T11:54:10Z,45.41390000,7.74185000,1131.00,52.765
3642,2,506,710.170901968813,-2882.110173895012,2020-08-08T11:54:11Z,45.41398333,7.74180000,1132.00,52.774
3643,2,507,711.170901968813,-2881.110173895012,2020-08-08T11:54:12Z,45.41408333,7.74176667,1134.00,52.784
3644,2,508,712.170901968813,-2880.110173895012,2020-08-08T11:54:13Z,45.41416667,7.74176667,1136.00,52.79
3645,2,509,713.170901968813,-2879.110173895012,2020-08-08T11:54:14Z,45.41425000,7.74178333,1138.00,52.796
3646,2,510,714.170901968813,-2878.110173895012,2020-08-08T11:54:15Z,45.41433333,7.74186667,1139.00,52.797
3647,2,511,715.170901968813,-2877.110173895012,2020-08-08T11:54:16Z,45.41440000,7.74198333,1140.00,52.796
3648,2,512,716.170901968813,-2876.110173895012,2020-08-08T11:54:17Z,45.41440000,7.74215000,1141.00,52.787
3649,2,513,717.170901968813,-2875.110173895012,2020-08-08T11:54:18Z,45.41436667,7.74228333,1141.00,52.777
3650,2,514,718.170901968813,-2874.110173895012,2020-08-08T11:54:19Z,45.41430000,7.74238333,1143.00,52.766
3651,2,515,719.170901968813,-2873.110173895012,2020-08-08T11:54:20Z,45.41420000,7.74240000,1145.00,52.757
3652,2,516,720.170901968813,-2872.110173895012,2020-08-08T11:54:21Z,45.41415000,7.74235000,1147.00,52.756
3653,2,517,721.170901968813,-2871.110173895012,2020-08-08T11:54:22Z,45.41411667,7.74226667,1150.00,52.758
3654,2,518,722.170901968813,-2870.110173895012,2020-08-08T11:54:23Z,45.41413333,7.74218333,1151.00,52.764
3655,2,519,723.170901968813,-2869.110173895012,2020-08-08T11:54:24Z,45.41416667,7.74210000,1152.00,52.771
3656,2,520,724.170901968813,-2868.110173895012,2020-08-08T11:54:25Z,45.41423333,7.74201667,1152.00,52.781
3657,2,521,725.170901968813,-2867.110173895012,2020-08-08T11:54:26Z,45.41431667,7.74196667,1152.00,52.791
3658,2,522,726.170901968813,-2866.110173895012,2020-08-08T11:54:27Z,45.41441667,7.74196667,1153.00,52.798
3659,2,523,727.170901968813,-2865.110173895012,2020-08-08T11:54:28Z,45.41453333,7.74203333,1153.00,52.803
3660,2,524,728.170901968813,-2864.110173895012,2020-08-08T11:54:29Z,45.41461667,7.74215000,1153.00,52.803
3661,2,525,729.170901968813,-2863.110173895012,2020-08-08T11:54:30Z,45.41466667,7.74231667,1154.00,52.798
3662,2,526,730.170901968813,-2862.110173895012,2020-08-08T11:54:31Z,45.41466667,7.74248333,1156.00,52.788
3663,2,527,731.170901968813,-2861.110173895012,2020-08-08T11:54:32Z,45.41463333,7.74261667,1156.00,52.778
3664,2,528,732.170901968813,-2860.110173895012,2020-08-08T11:54:33Z,45.41458333,7.74273333,1157.00,52.768
3665,2,529,733.170901968813,-2859.110173895012,2020-08-08T11:54:34Z,45.41451667,7.74281667,1158.00,52.758
3666,2,530,734.170901968813,-2858.110173895012,2020-08-08T11:54:35Z,45.41445000,7.74290000,1160.00,52.748
3667,2,531,735.170901968813,-2857.110173895012,2020-08-08T11:54:36Z,45.41438333,7.74293333,1161.00,52.741
3668,2,532,736.170901968813,-2856.110173895012,2020-08-08T11:54:37Z,45.41431667,7.74293333,1162.00,52.736
3669,2,533,737.170901968813,-2855.110173895012,2020-08-08T11:54:38Z,45.41425000,7.74293333,1163.00,52.731
3670,2,534,738.170901968813,-2854.110173895012,2020-08-08T11:54:39Z,45.41420000,7.74290000,1165.00,52.729
3671,2,535,739.170901968813,-2853.110173895012,2020-08-08T11:54:40Z,45.41416667,7.74285000,1166.00,52.729
3672,2,536,740.170901968813,-2852.110173895012,2020-08-08T11:54:41Z,45.41415000,7.74278333,1164.00,52.732
3673,2,537,741.170901968813,-2851.110173895012,2020-08-08T11:54:42Z,45.41413333,7.74270000,1164.00,52.735
3674,2,538,742.170901968813,-2850.110173895012,2020-08-08T11:54:43Z,45.41411667,7.74261667,1163.00,52.738
3675,2,539,743.170901968813,-2849.110173895012,2020-08-08T11:54:44Z,45.41406667,7.74255000,1162.00,52.738
3676,2,540,744.170901968813,-2848.110173895012,2020-08-08T11:54:45Z,45.41401667,7.74248333,1163.00,52.738
3677,2,541,745.170901968813,-2847.110173895012,2020-08-08T11:54:46Z,45.41395000,7.74245000,1162.00,52.735
3678,2,542,746.170901968813,-2846.110173895012,2020-08-08T11:54:47Z,45.41388333,7.74241667,1163.00,52.732
3679,2,543,747.170901968813,-2845.110173895012,2020-08-08T11:54:48Z,45.41380000,7.74236667,1164.00,52.728
3680,2,544,748.170901968813,-2844.110173895012,2020-08-08T11:54:49Z,45.41373333,7.74231667,1165.00,52.726
3681,2,545,749.170901968813,-2843.110173895012,2020-08-08T11:54:50Z,45.41366667,7.74225000,1166.00,52.725
3682,2,546,750.170901968813,-2842.110173895012,2020-08-08T11:54:51Z,45.41360000,7.74218333,1167.00,52.723
3683,2,547,751.170901968813,-2841.110173895012,2020-08-08T11:54:52Z,45.41353333,7.74213333,1167.00,52.721
3684,2,548,752.170901968813,-2840.110173895012,2020-08-08T11:54:53Z,45.41345000,7.74208333,1167.00,52.718
3685,2,549,753.170901968813,-2839.110173895012,2020-08-08T11:54:54Z,45.41336667,7.74203333,1169.00,52.714
3686,2,550,754.170901968813,-2838.110173895012,2020-08-08T11:54:55Z,45.41330000,7.74196667,1170.00,52.713
3687,2,551,755.170901968813,-2837.110173895012,2020-08-08T11:54:56Z,45.41323333,7.74190000,1171.00,52.712
3688,2,552,756.170901968813,-2836.110173895012,2020-08-08T11:54:57Z,45.41318333,7.74181667,1171.00,52.713
3689,2,553,757.170901968813,-2835.110173895012,2020-08-08T11:54:58Z,45.41311667,7.74175000,1172.00,52.712
3690,2,554,758.170901968813,-2834.110173895012,2020-08-08T11:54:59Z,45.41305000,7.74168333,1173.00,52.71
3691,2,555,759.170901968813,-2833.110173895012,2020-08-08T11:55:00Z,45.41298333,7.74165000,1174.00,52.707
3692,2,556,760.170901968813,-2832.110173895012,2020-08-08T11:55:01Z,45.41288333,7.74163333,1175.00,52.701
3693,2,557,761.170901968813,-2831.110173895012,2020-08-08T11:55:02Z,45.41278333,7.74163333,1177.00,52.693
3694,2,558,762.170901968813,-2830.110173895012,2020-08-08T11:55:03Z,45.41268333,7.74161667,1179.00,52.687
3695,2,559,763.170901968813,-2829.110173895012,2020-08-08T11:55:04Z,45.41258333,7.74158333,1182.00,52.681
3696,2,560,764.170901968813,-2828.110173895012,2020-08-08T11:55:05Z,45.41251667,7.74153333,1185.00,52.679
3697,2,561,765.170901968813,-2827.110173895012,2020-08-08T11:55:06Z,45.41246667,7.74146667,1186.00,52.679
3698,2,562,766.170901968813,-2826.110173895012,2020-08-08T11:55:07Z,45.41243333,7.74136667,1188.00,52.682
3699,2,563,767.170901968813,-2825.110173895012,2020-08-08T11:55:08Z,45.41238333,7.74125000,1190.00,52.685
3700,2,564,768.170901968813,-2824.110173895012,2020-08-08T11:55:09Z,45.41235000,7.74113333,1192.00,52.69
3701,2,565,769.170901968813,-2823.110173895012,2020-08-08T11:55:10Z,45.41231667,7.74103333,1194.00,52.693
3702,2,566,770.170901968813,-2822.110173895012,2020-08-08T11:55:11Z,45.41231667,7.74093333,1197.00,52.699
3703,2,567,771.170901968813,-2821.110173895012,2020-08-08T11:55:12Z,45.41231667,7.74085000,1199.00,52.704
3704,2,568,772.170901968813,-2820.110173895012,2020-08-08T11:55:13Z,45.41235000,7.74076667,1199.00,52.711
3705,2,569,773.170901968813,-2819.110173895012,2020-08-08T11:55:14Z,45.41241667,7.74070000,1200.00,52.72
3706,2,570,774.170901968813,-2818.110173895012,2020-08-08T11:55:15Z,45.41250000,7.74066667,1200.00,52.728
3707,2,571,775.170901968813,-2817.110173895012,2020-08-08T11:55:16Z,45.41261667,7.74068333,1200.00,52.736
3708,2,572,776.170901968813,-2816.110173895012,2020-08-08T11:55:17Z,45.41271667,7.74076667,1201.00,52.738
3709,2,573,777.170901968813,-2815.110173895012,2020-08-08T11:55:18Z,45.41280000,7.74088333,1202.00,52.738
3710,2,574,778.170901968813,-2814.110173895012,2020-08-08T11:55:19Z,45.41286667,7.74096667,1203.00,52.738
3711,2,575,779.170901968813,-2813.110173895012,2020-08-08T11:55:20Z,45.41295000,7.74101667,1205.00,52.741
3712,2,576,780.170901968813,-2812.110173895012,2020-08-08T11:55:21Z,45.41305000,7.74100000,1206.00,52.75
3713,2,577,781.170901968813,-2811.110173895012,2020-08-08T11:55:22Z,45.41313333,7.74095000,1206.00,52.759
3714,2,578,782.170901968813,-2810.110173895012,2020-08-08T11:55:23Z,45.41321667,7.74088333,1207.00,52.769
3715,2,579,783.170901968813,-2809.110173895012,2020-08-08T11:55:24Z,45.41328333,7.74080000,1207.00,52.779
3716,2,580,784.170901968813,-2808.110173895012,2020-08-08T11:55:25Z,45.41331667,7.74068333,1208.00,52.788
3717,2,581,785.170901968813,-2807.110173895012,2020-08-08T11:55:26Z,45.41331667,7.74058333,1208.00,52.794
3718,2,582,786.170901968813,-2806.110173895012,2020-08-08T11:55:27Z,45.41326667,7.74046667,1208.00,52.797
3719,2,583,787.170901968813,-2805.110173895012,2020-08-08T11:55:28Z,45.41320000,7.74036667,1208.00,52.797
3720,2,584,788.170901968813,-2804.110173895012,2020-08-08T11:55:29Z,45.41311667,7.74030000,1208.00,52.795
3721,2,585,789.170901968813,-2803.110173895012,2020-08-08T11:55:30Z,45.41303333,7.74026667,1209.00,52.791
3722,2,586,790.170901968813,-2802.110173895012,2020-08-08T11:55:31Z,45.41295000,7.74028333,1210.00,52.784
3723,2,587,791.170901968813,-2801.110173895012,2020-08-08T11:55:32Z,45.41288333,7.74030000,1212.00,52.778
3724,2,588,792.170901968813,-2800.110173895012,2020-08-08T11:55:33Z,45.41281667,7.74033333,1213.00,52.771
3725,2,589,793.170901968813,-2799.110173895012,2020-08-08T11:55:34Z,45.41275000,7.74035000,1214.00,52.765
3726,2,590,794.170901968813,-2798.110173895012,2020-08-08T11:55:35Z,45.41266667,7.74035000,1214.00,52.759
3727,2,591,795.170901968813,-2797.110173895012,2020-08-08T11:55:36Z,45.41260000,7.74033333,1214.00,52.755
3728,2,592,796.170901968813,-2796.110173895012,2020-08-08T11:55:37Z,45.41251667,7.74033333,1215.00,52.748
3729,2,593,797.170901968813,-2795.110173895012,2020-08-08T11:55:38Z,45.41241667,7.74033333,1216.00,52.741
3730,2,594,798.170901968813,-2794.110173895012,2020-08-08T11:55:39Z,45.41233333,7.74036667,1219.00,52.733
3731,2,595,799.170901968813,-2793.110173895012,2020-08-08T11:55:40Z,45.41225000,7.74040000,1221.00,52.725
3732,2,596,800.170901968813,-2792.110173895012,2020-08-08T11:55:41Z,45.41218333,7.74043333,1223.00,52.718
3733,2,597,801.170901968813,-2791.110173895012,2020-08-08T11:55:42Z,45.41211667,7.74048333,1225.00,52.71
3734,2,598,802.170901968813,-2790.110173895012,2020-08-08T11:55:43Z,45.41205000,7.74053333,1227.00,52.702
3735,2,599,803.170901968813,-2789.110173895012,2020-08-08T11:55:44Z,45.41196667,7.74061667,1230.00,52.691
3736,2,600,804.170901968813,-2788.110173895012,2020-08-08T11:55:45Z,45.41191667,7.74070000,1231.00,52.683
3737,2,601,805.170901968813,-2787.110173895012,2020-08-08T11:55:46Z,45.41186667,7.74078333,1233.00,52.674
3738,2,602,806.170901968813,-2786.110173895012,2020-08-08T11:55:47Z,45.41181667,7.74090000,1234.00,52.664
3739,2,603,807.170901968813,-2785.110173895012,2020-08-08T11:55:48Z,45.41178333,7.74103333,1235.00,52.653
3740,2,604,808.170901968813,-2784.110173895012,2020-08-08T11:55:49Z,45.41176667,7.74116667,1237.00,52.644
3741,2,605,809.170901968813,-2783.110173895012,2020-08-08T11:55:50Z,45.41176667,7.74131667,1238.00,52.636
3742,2,606,810.170901968813,-2782.110173895012,2020-08-08T11:55:51Z,45.41178333,7.74146667,1238.00,52.628
3743,2,607,811.170901968813,-2781.110173895012,2020-08-08T11:55:52Z,45.41181667,7.74160000,1241.00,52.623
3744,2,608,812.170901968813,-2780.110173895012,2020-08-08T11:55:53Z,45.41186667,7.74171667,1241.00,52.62
3745,2,609,813.170901968813,-2779.110173895012,2020-08-08T11:55:54Z,45.41196667,7.74180000,1242.00,52.622
3746,2,610,814.170901968813,-2778.110173895012,2020-08-08T11:55:55Z,45.41206667,7.74181667,1242.00,52.629
3747,2,611,815.170901968813,-2777.110173895012,2020-08-08T11:55:56Z,45.41216667,7.74176667,1242.00,52.639
3748,2,612,816.170901968813,-2776.110173895012,2020-08-08T11:55:57Z,45.41223333,7.74168333,1243.00,52.649
3749,2,613,817.170901968813,-2775.110173895012,2020-08-08T11:55:58Z,45.41228333,7.74158333,1245.00,52.659
3750,2,614,818.170901968813,-2774.110173895012,2020-08-08T11:55:59Z,45.41233333,7.74150000,1246.00,52.667
3751,2,615,819.170901968813,-2773.110173895012,2020-08-08T11:56:00Z,45.41238333,7.74143333,1248.00,52.675
3752,2,616,820.170901968813,-2772.110173895012,2020-08-08T11:56:01Z,45.41243333,7.74135000,1248.00,52.683
3753,2,617,821.170901968813,-2771.110173895012,2020-08-08T11:56:02Z,45.41250000,7.74126667,1248.00,52.693
3754,2,618,822.170901968813,-2770.110173895012,2020-08-08T11:56:03Z,45.41255000,7.74118333,1250.00,52.702
3755,2,619,823.170901968813,-2769.110173895012,2020-08-08T11:56:04Z,45.41260000,7.74106667,1250.00,52.712
3756,2,620,824.170901968813,-2768.110173895012,2020-08-08T11:56:05Z,45.41263333,7.74096667,1252.00,52.72
3757,2,621,825.170901968813,-2767.110173895012,2020-08-08T11:56:06Z,45.41266667,7.74085000,1254.00,52.73
3758,2,622,826.170901968813,-2766.110173895012,2020-08-08T11:56:07Z,45.41270000,7.74075000,1255.00,52.738
3759,2,623,827.170901968813,-2765.110173895012,2020-08-08T11:56:08Z,45.41271667,7.74065000,1257.00,52.745
3760,2,624,828.170901968813,-2764.110173895012,2020-08-08T11:56:09Z,45.41270000,7.74055000,1258.00,52.749
3761,2,625,829.170901968813,-2763.110173895012,2020-08-08T11:56:10Z,45.41266667,7.74045000,1259.00,52.753
3762,2,626,830.170901968813,-2762.110173895012,2020-08-08T11:56:11Z,45.41261667,7.74038333,1260.00,52.753
3763,2,627,831.170901968813,-2761.110173895012,2020-08-08T11:56:12Z,45.41255000,7.74035000,1262.00,52.75
3764,2,628,832.170901968813,-2760.110173895012,2020-08-08T11:56:13Z,45.41250000,7.74033333,1264.00,52.747
3765,2,629,833.170901968813,-2759.110173895012,2020-08-08T11:56:14Z,45.41243333,7.74035000,1267.00,52.741
3766,2,630,834.170901968813,-2758.110173895012,2020-08-08T11:56:15Z,45.41236667,7.74041667,1269.00,52.732
3767,2,631,835.170901968813,-2757.110173895012,2020-08-08T11:56:16Z,45.41230000,7.74051667,1269.00,52.722
3768,2,632,836.170901968813,-2756.110173895012,2020-08-08T11:56:17Z,45.41228333,7.74066667,1271.00,52.712
3769,2,633,837.170901968813,-2755.110173895012,2020-08-08T11:56:18Z,45.41228333,7.74085000,1272.00,52.701
3770,2,634,838.170901968813,-2754.110173895012,2020-08-08T11:56:19Z,45.41233333,7.74101667,1273.00,52.695
3771,2,635,839.170901968813,-2753.110173895012,2020-08-08T11:56:20Z,45.41241667,7.74111667,1275.00,52.696
3772,2,636,840.170901968813,-2752.110173895012,2020-08-08T11:56:21Z,45.41250000,7.74115000,1276.00,52.7
3773,2,637,841.170901968813,-2751.110173895012,2020-08-08T11:56:22Z,45.41258333,7.74115000,1277.00,52.706
3774,2,638,842.170901968813,-2750.110173895012,2020-08-08T11:56:23Z,45.41266667,7.74113333,1277.00,52.713
3775,2,639,843.170901968813,-2749.110173895012,2020-08-08T11:56:24Z,45.41275000,7.74110000,1277.00,52.721
3776,2,640,844.170901968813,-2748.110173895012,2020-08-08T11:56:25Z,45.41283333,7.74105000,1279.00,52.73
3777,2,641,845.170901968813,-2747.110173895012,2020-08-08T11:56:26Z,45.41288333,7.74098333,1279.00,52.738
3778,2,642,846.170901968813,-2746.110173895012,2020-08-08T11:56:27Z,45.41291667,7.74091667,1280.00,52.744
3779,2,643,847.170901968813,-2745.110173895012,2020-08-08T11:56:28Z,45.41295000,7.74081667,1279.00,52.753
3780,2,644,848.170901968813,-2744.110173895012,2020-08-08T11:56:29Z,45.41293333,7.74070000,1278.00,52.758
3781,2,645,849.170901968813,-2743.110173895012,2020-08-08T11:56:30Z,45.41291667,7.74058333,1278.00,52.764
3782,2,646,850.170901968813,-2742.110173895012,2020-08-08T11:56:31Z,45.41288333,7.74046667,1279.00,52.768
3783,2,647,851.170901968813,-2741.110173895012,2020-08-08T11:56:32Z,45.41285000,7.74036667,1279.00,52.771
3784,2,648,852.170901968813,-2740.110173895012,2020-08-08T11:56:33Z,45.41280000,7.74028333,1281.00,52.772
3785,2,649,853.170901968813,-2739.110173895012,2020-08-08T11:56:34Z,45.41276667,7.74021667,1282.00,52.774
3786,2,650,854.170901968813,-2738.110173895012,2020-08-08T11:56:35Z,45.41271667,7.74013333,1284.00,52.775
3787,2,651,855.170901968813,-2737.110173895012,2020-08-08T11:56:36Z,45.41266667,7.74006667,1286.00,52.775
3788,2,652,856.170901968813,-2736.110173895012,2020-08-08T11:56:37Z,45.41263333,7.73998333,1289.00,52.777
3789,2,653,857.170901968813,-2735.110173895012,2020-08-08T11:56:38Z,45.41260000,7.73990000,1293.00,52.78
3790,2,654,858.170901968813,-2734.110173895012,2020-08-08T11:56:39Z,45.41260000,7.73981667,1296.00,52.785
3791,2,655,859.170901968813,-2733.110173895012,2020-08-08T11:56:40Z,45.41263333,7.73975000,1299.00,52.791
3792,2,656,860.170901968813,-2732.110173895012,2020-08-08T11:56:41Z,45.41268333,7.73966667,1301.00,52.8
3793,2,657,861.170901968813,-2731.110173895012,2020-08-08T11:56:42Z,45.41273333,7.73958333,1303.00,52.808
3794,2,658,862.170901968813,-2730.110173895012,2020-08-08T11:56:43Z,45.41280000,7.73951667,1305.00,52.817
3795,2,659,863.170901968813,-2729.110173895012,2020-08-08T11:56:44Z,45.41286667,7.73945000,1308.00,52.826
3796,2,660,864.170901968813,-2728.110173895012,2020-08-08T11:56:45Z,45.41295000,7.73940000,1310.00,52.835
3797,2,661,865.170901968813,-2727.110173895012,2020-08-08T11:56:46Z,45.41305000,7.73938333,1313.00,52.843
3798,2,662,866.170901968813,-2726.110173895012,2020-08-08T11:56:47Z,45.41315000,7.73941667,1316.00,52.849
3799,2,663,867.170901968813,-2725.110173895012,2020-08-08T11:56:48Z,45.41323333,7.73946667,1317.00,52.852
3800,2,664,868.170901968813,-2724.110173895012,2020-08-08T11:56:49Z,45.41331667,7.73956667,1320.00,52.852
3801,2,665,869.170901968813,-2723.110173895012,2020-08-08T11:56:50Z,45.41338333,7.73966667,1321.00,52.852
3802,2,666,870.170901968813,-2722.110173895012,2020-08-08T11:56:51Z,45.41343333,7.73980000,1323.00,52.848
3803,2,667,871.170901968813,-2721.110173895012,2020-08-08T11:56:52Z,45.41345000,7.73993333,1326.00,52.841
3804,2,668,872.170901968813,-2720.110173895012,2020-08-08T11:56:53Z,45.41345000,7.74005000,1327.00,52.834
3805,2,669,873.170901968813,-2719.110173895012,2020-08-08T11:56:54Z,45.41340000,7.74015000,1327.00,52.825
3806,2,670,874.170901968813,-2718.110173895012,2020-08-08T11:56:55Z,45.41331667,7.74020000,1327.00,52.816
3807,2,671,875.170901968813,-2717.110173895012,2020-08-08T11:56:56Z,45.41320000,7.74016667,1325.00,52.809
3808,2,672,876.170901968813,-2716.110173895012,2020-08-08T11:56:57Z,45.41311667,7.74008333,1325.00,52.808
3809,2,673,877.170901968813,-2715.110173895012,2020-08-08T11:56:58Z,45.41308333,7.73996667,1327.00,52.812
3810,2,674,878.170901968813,-2714.110173895012,2020-08-08T11:56:59Z,45.41310000,7.73986667,1329.00,52.819
3811,2,675,879.170901968813,-2713.110173895012,2020-08-08T11:57:00Z,45.41315000,7.73976667,1331.00,52.828
3812,2,676,880.170901968813,-2712.110173895012,2020-08-08T11:57:01Z,45.41321667,7.73966667,1333.00,52.839
3813,2,677,881.170901968813,-2711.110173895012,2020-08-08T11:57:02Z,45.41330000,7.73960000,1335.00,52.849
3814,2,678,882.170901968813,-2710.110173895012,2020-08-08T11:57:03Z,45.41336667,7.73953333,1337.00,52.858
3815,2,679,883.170901968813,-2709.110173895012,2020-08-08T11:57:04Z,45.41345000,7.73948333,1340.00,52.867
3816,2,680,884.170901968813,-2708.110173895012,2020-08-08T11:57:05Z,45.41353333,7.73943333,1342.00,52.876
3817,2,681,885.170901968813,-2707.110173895012,2020-08-08T11:57:06Z,45.41361667,7.73938333,1344.00,52.885
3818,2,682,886.170901968813,-2706.110173895012,2020-08-08T11:57:07Z,45.41370000,7.73931667,1345.00,52.895
3819,2,683,887.170901968813,-2705.110173895012,2020-08-08T11:57:08Z,45.41380000,7.73928333,1347.00,52.905
3820,2,684,888.170901968813,-2704.110173895012,2020-08-08T11:57:09Z,45.41388333,7.73926667,1349.00,52.912
3821,2,685,889.170901968813,-2703.110173895012,2020-08-08T11:57:10Z,45.41396667,7.73926667,1349.00,52.918
3822,2,686,890.170901968813,-2702.110173895012,2020-08-08T11:57:11Z,45.41406667,7.73930000,1350.00,52.924
3823,2,687,891.170901968813,-2701.110173895012,2020-08-08T11:57:12Z,45.41416667,7.73931667,1350.00,52.93
3824,2,688,892.170901968813,-2700.110173895012,2020-08-08T11:57:13Z,45.41426667,7.73928333,1350.00,52.94
3825,2,689,893.170901968813,-2699.110173895012,2020-08-08T11:57:14Z,45.41436667,7.73920000,1349.00,52.952
3826,2,690,894.170901968813,-2698.110173895012,2020-08-08T11:57:15Z,45.41443333,7.73906667,1349.00,52.965
3827,2,691,895.170901968813,-2697.110173895012,2020-08-08T11:57:16Z,45.41448333,7.73893333,1349.00,52.976
3828,2,692,896.170901968813,-2696.110173895012,2020-08-08T11:57:17Z,45.41451667,7.73881667,1351.00,52.985
3829,2,693,897.170901968813,-2695.110173895012,2020-08-08T11:57:18Z,45.41451667,7.73870000,1353.00,52.992
3830,2,694,898.170901968813,-2694.110173895012,2020-08-08T11:57:19Z,45.41451667,7.73858333,1354.00,52.999
3831,2,695,899.170901968813,-2693.110173895012,2020-08-08T11:57:20Z,45.41450000,7.73846667,1355.00,53.004
3832,2,696,900.170901968813,-2692.110173895012,2020-08-08T11:57:21Z,45.41446667,7.73835000,1355.00,53.009
3833,2,697,901.170901968813,-2691.110173895012,2020-08-08T11:57:22Z,45.41440000,7.73823333,1354.00,53.01
3834,2,698,902.170901968813,-2690.110173895012,2020-08-08T11:57:23Z,45.41433333,7.73813333,1356.00,53.011
3835,2,699,903.170901968813,-2689.110173895012,2020-08-08T11:57:24Z,45.41425000,7.73805000,1357.00,53.01
3836,2,700,904.170901968813,-2688.110173895012,2020-08-08T11:57:25Z,45.41416667,7.73798333,1360.00,53.007
3837,2,701,905.170901968813,-2687.110173895012,2020-08-08T11:57:26Z,45.41413333,7.73790000,1365.00,53.01
3838,2,702,906.170901968813,-2686.110173895012,2020-08-08T11:57:27Z,45.41413333,7.73778333,1367.00,53.017
3839,2,703,907.170901968813,-2685.110173895012,2020-08-08T11:57:28Z,45.41416667,7.73766667,1370.00,53.026
3840,2,704,908.170901968813,-2684.110173895012,2020-08-08T11:57:29Z,45.41423333,7.73756667,1372.00,53.037
3841,2,705,909.170901968813,-2683.110173895012,2020-08-08T11:57:30Z,45.41433333,7.73751667,1373.00,53.047
3842,2,706,910.170901968813,-2682.110173895012,2020-08-08T11:57:31Z,45.41445000,7.73750000,1376.00,53.057
3843,2,707,911.170901968813,-2681.110173895012,2020-08-08T11:57:32Z,45.41456667,7.73755000,1377.00,53.062
3844,2,708,912.170901968813,-2680.110173895012,2020-08-08T11:57:33Z,45.41466667,7.73765000,1379.00,53.064
3845,2,709,913.170901968813,-2679.110173895012,2020-08-08T11:57:34Z,45.41473333,7.73780000,1380.00,53.06
3846,2,710,914.170901968813,-2678.110173895012,2020-08-08T11:57:35Z,45.41475000,7.73795000,1382.00,53.053
3847,2,711,915.170901968813,-2677.110173895012,2020-08-08T11:57:36Z,45.41473333,7.73808333,1384.00,53.044
3848,2,712,916.170901968813,-2676.110173895012,2020-08-08T11:57:37Z,45.41468333,7.73818333,1385.00,53.034
3849,2,713,917.170901968813,-2675.110173895012,2020-08-08T11:57:38Z,45.41465000,7.73830000,1386.00,53.025
3850,2,714,918.170901968813,-2674.110173895012,2020-08-08T11:57:39Z,45.41465000,7.73841667,1388.00,53.018
3851,2,715,919.170901968813,-2673.110173895012,2020-08-08T11:57:40Z,45.41470000,7.73853333,1387.00,53.016
3852,2,716,920.170901968813,-2672.110173895012,2020-08-08T11:57:41Z,45.41481667,7.73860000,1385.00,53.02
3853,2,717,921.170901968813,-2671.110173895012,2020-08-08T11:57:42Z,45.41495000,7.73858333,1384.00,53.031
3854,2,718,922.170901968813,-2670.110173895012,2020-08-08T11:57:43Z,45.41505000,7.73846667,1383.00,53.046
3855,2,719,923.170901968813,-2669.110173895012,2020-08-08T11:57:44Z,45.41510000,7.73828333,1382.00,53.06
3856,2,720,924.170901968813,-2668.110173895012,2020-08-08T11:57:45Z,45.41506667,7.73811667,1382.00,53.067
3857,2,721,925.170901968813,-2667.110173895012,2020-08-08T11:57:46Z,45.41501667,7.73800000,1383.00,53.07
3858,2,722,926.170901968813,-2666.110173895012,2020-08-08T11:57:47Z,45.41496667,7.73791667,1385.00,53.071
3859,2,723,927.170901968813,-2665.110173895012,2020-08-08T11:57:48Z,45.41491667,7.73783333,1387.00,53.072
3860,2,724,928.170901968813,-2664.110173895012,2020-08-08T11:57:49Z,45.41488333,7.73775000,1387.00,53.074
3861,2,725,929.170901968813,-2663.110173895012,2020-08-08T11:57:50Z,45.41483333,7.73766667,1389.00,53.075
3862,2,726,930.170901968813,-2662.110173895012,2020-08-08T11:57:51Z,45.41475000,7.73756667,1388.00,53.075
3863,2,727,931.170901968813,-2661.110173895012,2020-08-08T11:57:52Z,45.41465000,7.73750000,1388.00,53.071
3864,2,728,932.170901968813,-2660.110173895012,2020-08-08T11:57:53Z,45.41455000,7.73745000,1391.00,53.067
3865,2,729,933.170901968813,-2659.110173895012,2020-08-08T11:57:54Z,45.41445000,7.73741667,1394.00,53.061
3866,2,730,934.170901968813,-2658.110173895012,2020-08-08T11:57:55Z,45.41438333,7.73740000,1398.00,53.057
3867,2,731,935.170901968813,-2657.110173895012,2020-08-08T11:57:56Z,45.41435000,7.73740000,1401.00,53.055
3868,2,732,936.170901968813,-2656.110173895012,2020-08-08T11:57:57Z,45.41430000,7.73740000,1402.00,53.051
3869,2,733,937.170901968813,-2655.110173895012,2020-08-08T11:57:58Z,45.41425000,7.73741667,1404.00,53.047
3870,2,734,938.170901968813,-2654.110173895012,2020-08-08T11:57:59Z,45.41418333,7.73743333,1404.00,53.041
3871,2,735,939.170901968813,-2653.110173895012,2020-08-08T11:58:00Z,45.41410000,7.73748333,1404.00,53.032
3872,2,736,940.170901968813,-2652.110173895012,2020-08-08T11:58:01Z,45.41401667,7.73755000,1405.00,53.022
3873,2,737,941.170901968813,-2651.110173895012,2020-08-08T11:58:02Z,45.41396667,7.73763333,1407.00,53.013
3874,2,738,942.170901968813,-2650.110173895012,2020-08-08T11:58:03Z,45.41391667,7.73771667,1409.00,53.004
3875,2,739,943.170901968813,-2649.110173895012,2020-08-08T11:58:04Z,45.41386667,7.73781667,1410.00,52.995
3876,2,740,944.170901968813,-2648.110173895012,2020-08-08T11:58:05Z,45.41385000,7.73791667,1413.00,52.988
3877,2,741,945.170901968813,-2647.110173895012,2020-08-08T11:58:06Z,45.41383333,7.73803333,1413.00,52.98
3878,2,742,946.170901968813,-2646.110173895012,2020-08-08T11:58:07Z,45.41385000,7.73816667,1415.00,52.973
3879,2,743,947.170901968813,-2645.110173895012,2020-08-08T11:58:08Z,45.41388333,7.73828333,1416.00,52.969
3880,2,744,948.170901968813,-2644.110173895012,2020-08-08T11:58:09Z,45.41395000,7.73836667,1417.00,52.969
3881,2,745,949.170901968813,-2643.110173895012,2020-08-08T11:58:10Z,45.41403333,7.73843333,1418.00,52.971
3882,2,746,950.170901968813,-2642.110173895012,2020-08-08T11:58:11Z,45.41413333,7.73843333,1420.00,52.979
3883,2,747,951.170901968813,-2641.110173895012,2020-08-08T11:58:12Z,45.41423333,7.73840000,1422.00,52.988
3884,2,748,952.170901968813,-2640.110173895012,2020-08-08T11:58:13Z,45.41430000,7.73830000,1424.00,52.999
3885,2,749,953.170901968813,-2639.110173895012,2020-08-08T11:58:14Z,45.41435000,7.73816667,1426.00,53.01
3886,2,750,954.170901968813,-2638.110173895012,2020-08-08T11:58:15Z,45.41433333,7.73803333,1428.00,53.017
3887,2,751,955.170901968813,-2637.110173895012,2020-08-08T11:58:16Z,45.41431667,7.73791667,1430.00,53.022
3888,2,752,956.170901968813,-2636.110173895012,2020-08-08T11:58:17Z,45.41426667,7.73783333,1434.00,53.024
3889,2,753,957.170901968813,-2635.110173895012,2020-08-08T11:58:18Z,45.41420000,7.73780000,1436.00,53.021
3890,2,754,958.170901968813,-2634.110173895012,2020-08-08T11:58:19Z,45.41413333,7.73778333,1438.00,53.017
3891,2,755,959.170901968813,-2633.110173895012,2020-08-08T11:58:20Z,45.41405000,7.73781667,1438.00,53.009
3892,2,756,960.170901968813,-2632.110173895012,2020-08-08T11:58:21Z,45.41396667,7.73788333,1439.00,52.998
3893,2,757,961.170901968813,-2631.110173895012,2020-08-08T11:58:22Z,45.41390000,7.73796667,1440.00,52.989
3894,2,758,962.170901968813,-2630.110173895012,2020-08-08T11:58:23Z,45.41383333,7.73805000,1440.00,52.979
3895,2,759,963.170901968813,-2629.110173895012,2020-08-08T11:58:24Z,45.41378333,7.73815000,1442.00,52.969
3896,2,760,964.170901968813,-2628.110173895012,2020-08-08T11:58:25Z,45.41373333,7.73823333,1443.00,52.961
3897,2,761,965.170901968813,-2627.110173895012,2020-08-08T11:58:26Z,45.41368333,7.73833333,1444.00,52.951
3898,2,762,966.170901968813,-2626.110173895012,2020-08-08T11:58:27Z,45.41363333,7.73845000,1444.00,52.941
3899,2,763,967.170901968813,-2625.110173895012,2020-08-08T11:58:28Z,45.41358333,7.73856667,1443.00,52.93
3900,2,764,968.170901968813,-2624.110173895012,2020-08-08T11:58:29Z,45.41351667,7.73868333,1444.00,52.919
3901,2,765,969.170901968813,-2623.110173895012,2020-08-08T11:58:30Z,45.41345000,7.73880000,1444.00,52.907
3902,2,766,970.170901968813,-2622.110173895012,2020-08-08T11:58:31Z,45.41338333,7.73890000,1445.00,52.896
3903,2,767,971.170901968813,-2621.110173895012,2020-08-08T11:58:32Z,45.41333333,7.73901667,1444.00,52.886
3904,2,768,972.170901968813,-2620.110173895012,2020-08-08T11:58:33Z,45.41326667,7.73915000,1442.00,52.873
3905,2,769,973.170901968813,-2619.110173895012,2020-08-08T11:58:34Z,45.41318333,7.73930000,1441.00,52.858
3906,2,770,974.170901968813,-2618.110173895012,2020-08-08T11:58:35Z,45.41311667,7.73945000,1440.00,52.844
3907,2,771,975.170901968813,-2617.110173895012,2020-08-08T11:58:36Z,45.41303333,7.73960000,1439.00,52.829
3908,2,772,976.170901968813,-2616.110173895012,2020-08-08T11:58:37Z,45.41295000,7.73973333,1438.00,52.815
3909,2,773,977.170901968813,-2615.110173895012,2020-08-08T11:58:38Z,45.41290000,7.73985000,1439.00,52.805
3910,2,774,978.170901968813,-2614.110173895012,2020-08-08T11:58:39Z,45.41283333,7.73996667,1438.00,52.793
3911,2,775,979.170901968813,-2613.110173895012,2020-08-08T11:58:40Z,45.41278333,7.74008333,1438.00,52.783
3912,2,776,980.170901968813,-2612.110173895012,2020-08-08T11:58:41Z,45.41271667,7.74021667,1434.00,52.77
3913,2,777,981.170901968813,-2611.110173895012,2020-08-08T11:58:42Z,45.41265000,7.74035000,1433.00,52.757
3914,2,778,982.170901968813,-2610.110173895012,2020-08-08T11:58:43Z,45.41256667,7.74050000,1430.00,52.742
3915,2,779,983.170901968813,-2609.110173895012,2020-08-08T11:58:44Z,45.41248333,7.74065000,1427.00,52.728
3916,2,780,984.170901968813,-2608.110173895012,2020-08-08T11:58:45Z,45.41240000,7.74081667,1424.00,52.712
3917,2,781,985.170901968813,-2607.110173895012,2020-08-08T11:58:46Z,45.41231667,7.74095000,1422.00,52.698
3918,2,782,986.170901968813,-2606.110173895012,2020-08-08T11:58:47Z,45.41223333,7.74108333,1421.00,52.684
3919,2,783,987.170901968813,-2605.110173895012,2020-08-08T11:58:48Z,45.41216667,7.74120000,1420.00,52.672
3920,2,784,988.170901968813,-2604.110173895012,2020-08-08T11:58:49Z,45.41210000,7.74131667,1418.00,52.66
3921,2,785,989.170901968813,-2603.110173895012,2020-08-08T11:58:50Z,45.41203333,7.74143333,1414.00,52.649
3922,2,786,990.170901968813,-2602.110173895012,2020-08-08T11:58:51Z,45.41196667,7.74155000,1411.00,52.637
3923,2,787,991.170901968813,-2601.110173895012,2020-08-08T11:58:52Z,45.41190000,7.74171667,1407.00,52.622
3924,2,788,992.170901968813,-2600.110173895012,2020-08-08T11:58:53Z,45.41181667,7.74188333,1403.00,52.606
3925,2,789,993.170901968813,-2599.110173895012,2020-08-08T11:58:54Z,45.41175000,7.74208333,1401.00,52.59
3926,2,790,994.170901968813,-2598.110173895012,2020-08-08T11:58:55Z,45.41168333,7.74225000,1401.00,52.575
3927,2,791,995.170901968813,-2597.110173895012,2020-08-08T11:58:56Z,45.41161667,7.74238333,1402.00,52.563
3928,2,792,996.170901968813,-2596.110173895012,2020-08-08T11:58:57Z,45.41155000,7.74251667,1402.00,52.55
3929,2,793,997.170901968813,-2595.110173895012,2020-08-08T11:58:58Z,45.41148333,7.74265000,1402.00,52.537
3930,2,794,998.170901968813,-2594.110173895012,2020-08-08T11:58:59Z,45.41141667,7.74278333,1400.00,52.524
3931,2,795,999.170901968813,-2593.110173895012,2020-08-08T11:59:00Z,45.41135000,7.74293333,1399.00,52.511
3932,2,796,1000.170901968813,-2592.110173895012,2020-08-08T11:59:01Z,45.41130000,7.74310000,1397.00,52.497
3933,2,797,1001.170901968813,-2591.110173895012,2020-08-08T11:59:02Z,45.41123333,7.74328333,1395.00,52.482
3934,2,798,1002.170901968813,-2590.110173895012,2020-08-08T11:59:03Z,45.41116667,7.74345000,1395.00,52.467
3935,2,799,1003.170901968813,-2589.110173895012,2020-08-08T11:59:04Z,45.41108333,7.74360000,1395.00,52.452
3936,2,800,1004.170901968813,-2588.110173895012,2020-08-08T11:59:05Z,45.41100000,7.74373333,1396.00,52.438
3937,2,801,1005.170901968813,-2587.110173895012,2020-08-08T11:59:06Z,45.41093333,7.74386667,1396.00,52.426
3938,2,802,1006.170901968813,-2586.110173895012,2020-08-08T11:59:07Z,45.41086667,7.74400000,1395.00,52.413
3939,2,803,1007.170901968813,-2585.110173895012,2020-08-08T11:59:08Z,45.41081667,7.74415000,1394.00,52.401
3940,2,804,1008.170901968813,-2584.110173895012,2020-08-08T11:59:09Z,45.41075000,7.74430000,1390.00,52.387
3941,2,805,1009.170901968813,-2583.110173895012,2020-08-08T11:59:10Z,45.41066667,7.74445000,1386.00,52.372
3942,2,806,1010.170901968813,-2582.110173895012,2020-08-08T11:59:11Z,45.41056667,7.74461667,1381.00,52.355
3943,2,807,1011.170901968813,-2581.110173895012,2020-08-08T11:59:12Z,45.41045000,7.74478333,1376.00,52.337
3944,2,808,1012.170901968813,-2580.110173895012,2020-08-08T11:59:13Z,45.41035000,7.74495000,1371.00,52.319
3945,2,809,1013.170901968813,-2579.110173895012,2020-08-08T11:59:14Z,45.41023333,7.74511667,1369.00,52.301
3946,2,810,1014.170901968813,-2578.110173895012,2020-08-08T11:59:15Z,45.41011667,7.74526667,1366.00,52.284
3947,2,811,1015.170901968813,-2577.110173895012,2020-08-08T11:59:16Z,45.41001667,7.74541667,1365.00,52.268
3948,2,812,1016.170901968813,-2576.110173895012,2020-08-08T11:59:17Z,45.40993333,7.74555000,1362.00,52.254
3949,2,813,1017.170901968813,-2575.110173895012,2020-08-08T11:59:18Z,45.40983333,7.74566667,1360.00,52.239
3950,2,814,1018.170901968813,-2574.110173895012,2020-08-08T11:59:19Z,45.40973333,7.74578333,1358.00,52.225
3951,2,815,1019.170901968813,-2573.110173895012,2020-08-08T11:59:20Z,45.40961667,7.74590000,1354.00,52.21
3952,2,816,1020.170901968813,-2572.110173895012,2020-08-08T11:59:21Z,45.40950000,7.74603333,1349.00,52.193
3953,2,817,1021.170901968813,-2571.110173895012,2020-08-08T11:59:22Z,45.40938333,7.74618333,1346.00,52.176
3954,2,818,1022.170901968813,-2570.110173895012,2020-08-08T11:59:23Z,45.40926667,7.74633333,1342.00,52.159
3955,2,819,1023.170901968813,-2569.110173895012,2020-08-08T11:59:24Z,45.40913333,7.74648333,1340.00,52.14
3956,2,820,1024.170901968813,-2568.110173895012,2020-08-08T11:59:25Z,45.40901667,7.74661667,1337.00,52.123
3957,2,821,1025.170901968813,-2567.110173895012,2020-08-08T11:59:26Z,45.40890000,7.74675000,1335.00,52.107
3958,2,822,1026.170901968813,-2566.110173895012,2020-08-08T11:59:27Z,45.40878333,7.74690000,1334.00,52.09
3959,2,823,1027.170901968813,-2565.110173895012,2020-08-08T11:59:28Z,45.40868333,7.74705000,1329.00,52.074
3960,2,824,1028.170901968813,-2564.110173895012,2020-08-08T11:59:29Z,45.40858333,7.74721667,1328.00,52.056
3961,2,825,1029.170901968813,-2563.110173895012,2020-08-08T11:59:30Z,45.40848333,7.74740000,1325.00,52.038
3962,2,826,1030.170901968813,-2562.110173895012,2020-08-08T11:59:31Z,45.40838333,7.74758333,1322.00,52.02
3963,2,827,1031.170901968813,-2561.110173895012,2020-08-08T11:59:32Z,45.40826667,7.74775000,1322.00,52.002
3964,2,828,1032.170901968813,-2560.110173895012,2020-08-08T11:59:33Z,45.40816667,7.74791667,1321.00,51.985
3965,2,829,1033.170901968813,-2559.110173895012,2020-08-08T11:59:34Z,45.40806667,7.74806667,1320.00,51.969
3966,2,830,1034.170901968813,-2558.110173895012,2020-08-08T11:59:35Z,45.40795000,7.74821667,1318.00,51.951
3967,2,831,1035.170901968813,-2557.110173895012,2020-08-08T11:59:36Z,45.40785000,7.74838333,1316.00,51.934
3968,2,832,1036.170901968813,-2556.110173895012,2020-08-08T11:59:37Z,45.40773333,7.74853333,1315.00,51.917
3969,2,833,1037.170901968813,-2555.110173895012,2020-08-08T11:59:38Z,45.40761667,7.74868333,1314.00,51.899
3970,2,834,1038.170901968813,-2554.110173895012,2020-08-08T11:59:39Z,45.40748333,7.74880000,1314.00,51.883
3971,2,835,1039.170901968813,-2553.110173895012,2020-08-08T11:59:40Z,45.40738333,7.74893333,1316.00,51.868
3972,2,836,1040.170901968813,-2552.110173895012,2020-08-08T11:59:41Z,45.40730000,7.74906667,1316.00,51.854
3973,2,837,1041.170901968813,-2551.110173895012,2020-08-08T11:59:42Z,45.40720000,7.74921667,1317.00,51.837
3974,2,838,1042.170901968813,-2550.110173895012,2020-08-08T11:59:43Z,45.40711667,7.74935000,1316.00,51.824
3975,2,839,1043.170901968813,-2549.110173895012,2020-08-08T11:59:44Z,45.40701667,7.74948333,1315.00,51.808
3976,2,840,1044.170901968813,-2548.110173895012,2020-08-08T11:59:45Z,45.40691667,7.74963333,1315.00,51.792
3977,2,841,1045.170901968813,-2547.110173895012,2020-08-08T11:59:46Z,45.40683333,7.74976667,1314.00,51.778
3978,2,842,1046.170901968813,-2546.110173895012,2020-08-08T11:59:47Z,45.40675000,7.74991667,1313.00,51.763
3979,2,843,1047.170901968813,-2545.110173895012,2020-08-08T11:59:48Z,45.40666667,7.75006667,1312.00,51.748
3980,2,844,1048.170901968813,-2544.110173895012,2020-08-08T11:59:49Z,45.40658333,7.75021667,1311.00,51.734
3981,2,845,1049.170901968813,-2543.110173895012,2020-08-08T11:59:50Z,45.40648333,7.75036667,1310.00,51.717
3982,2,846,1050.170901968813,-2542.110173895012,2020-08-08T11:59:51Z,45.40640000,7.75051667,1309.00,51.703
3983,2,847,1051.170901968813,-2541.110173895012,2020-08-08T11:59:52Z,45.40630000,7.75066667,1308.00,51.686
3984,2,848,1052.170901968813,-2540.110173895012,2020-08-08T11:59:53Z,45.40621667,7.75080000,1308.00,51.672
3985,2,849,1053.170901968813,-2539.110173895012,2020-08-08T11:59:54Z,45.40611667,7.75095000,1307.00,51.656
3986,2,850,1054.170901968813,-2538.110173895012,2020-08-08T11:59:55Z,45.40603333,7.75106667,1305.00,51.643
3987,2,851,1055.170901968813,-2537.110173895012,2020-08-08T11:59:56Z,45.40591667,7.75120000,1305.00,51.627
3988,2,852,1056.170901968813,-2536.110173895012,2020-08-08T11:59:57Z,45.40581667,7.75131667,1303.00,51.613
3989,2,853,1057.170901968813,-2535.110173895012,2020-08-08T11:59:58Z,45.40571667,7.75145000,1300.00,51.598
3990,2,854,1058.170901968813,-2534.110173895012,2020-08-08T11:59:59Z,45.40561667,7.75161667,1296.00,51.58
3991,2,855,1059.170901968813,-2533.110173895012,2020-08-08T12:00:00Z,45.40551667,7.75178333,1294.00,51.563
3992,2,856,1060.170901968813,-2532.110173895012,2020-08-08T12:00:01Z,45.40540000,7.75195000,1290.00,51.545
3993,2,857,1061.170901968813,-2531.110173895012,2020-08-08T12:00:02Z,45.40528333,7.75211667,1288.00,51.527
3994,2,858,1062.170901968813,-2530.110173895012,2020-08-08T12:00:03Z,45.40516667,7.75225000,1287.00,51.51
3995,2,859,1063.170901968813,-2529.110173895012,2020-08-08T12:00:04Z,45.40506667,7.75238333,1287.00,51.495
3996,2,860,1064.170901968813,-2528.110173895012,2020-08-08T12:00:05Z,45.40496667,7.75250000,1287.00,51.481
3997,2,861,1065.170901968813,-2527.110173895012,2020-08-08T12:00:06Z,45.40488333,7.75263333,1285.00,51.467
3998,2,862,1066.170901968813,-2526.110173895012,2020-08-08T12:00:07Z,45.40480000,7.75276667,1284.00,51.453
3999,2,863,1067.170901968813,-2525.110173895012,2020-08-08T12:00:08Z,45.40470000,7.75290000,1281.00,51.438
4000,2,864,1068.170901968813,-2524.110173895012,2020-08-08T12:00:09Z,45.40458333,7.75303333,1278.00,51.421
4001,2,865,1069.170901968813,-2523.110173895012,2020-08-08T12:00:10Z,45.40445000,7.75318333,1274.00,51.403
4002,2,866,1070.170901968813,-2522.110173895012,2020-08-08T12:00:11Z,45.40433333,7.75331667,1272.00,51.386
4003,2,867,1071.170901968813,-2521.110173895012,2020-08-08T12:00:12Z,45.40421667,7.75346667,1271.00,51.369
4004,2,868,1072.170901968813,-2520.110173895012,2020-08-08T12:00:13Z,45.40411667,7.75361667,1271.00,51.353
4005,2,869,1073.170901968813,-2519.110173895012,2020-08-08T12:00:14Z,45.40403333,7.75375000,1270.00,51.339
4006,2,870,1074.170901968813,-2518.110173895012,2020-08-08T12:00:15Z,45.40393333,7.75388333,1269.00,51.324
4007,2,871,1075.170901968813,-2517.110173895012,2020-08-08T12:00:16Z,45.40383333,7.75400000,1268.00,51.31
4008,2,872,1076.170901968813,-2516.110173895012,2020-08-08T12:00:17Z,45.40371667,7.75413333,1265.00,51.293
4009,2,873,1077.170901968813,-2515.110173895012,2020-08-08T12:00:18Z,45.40360000,7.75426667,1264.00,51.277
4010,2,874,1078.170901968813,-2514.110173895012,2020-08-08T12:00:19Z,45.40350000,7.75441667,1262.00,51.261
4011,2,875,1079.170901968813,-2513.110173895012,2020-08-08T12:00:20Z,45.40341667,7.75458333,1261.00,51.245
4012,2,876,1080.170901968813,-2512.110173895012,2020-08-08T12:00:21Z,45.40333333,7.75475000,1260.00,51.229
4013,2,877,1081.170901968813,-2511.110173895012,2020-08-08T12:00:22Z,45.40323333,7.75490000,1259.00,51.213
4014,2,878,1082.170901968813,-2510.110173895012,2020-08-08T12:00:23Z,45.40313333,7.75503333,1260.00,51.198
4015,2,879,1083.170901968813,-2509.110173895012,2020-08-08T12:00:24Z,45.40303333,7.75515000,1260.00,51.183
4016,2,880,1084.170901968813,-2508.110173895012,2020-08-08T12:00:25Z,45.40295000,7.75528333,1259.00,51.169
4017,2,881,1085.170901968813,-2507.110173895012,2020-08-08T12:00:26Z,45.40285000,7.75541667,1258.00,51.154
4018,2,882,1086.170901968813,-2506.110173895012,2020-08-08T12:00:27Z,45.40276667,7.75555000,1256.00,51.14
4019,2,883,1087.170901968813,-2505.110173895012,2020-08-08T12:00:28Z,45.40265000,7.75566667,1254.00,51.125
4020,2,884,1088.170901968813,-2504.110173895012,2020-08-08T12:00:29Z,45.40253333,7.75578333,1252.00,51.109
4021,2,885,1089.170901968813,-2503.110173895012,2020-08-08T12:00:30Z,45.40241667,7.75591667,1252.00,51.093
4022,2,886,1090.170901968813,-2502.110173895012,2020-08-08T12:00:31Z,45.40231667,7.75605000,1251.00,51.078
4023,2,887,1091.170901968813,-2501.110173895012,2020-08-08T12:00:32Z,45.40221667,7.75618333,1250.00,51.063
4024,2,888,1092.170901968813,-2500.110173895012,2020-08-08T12:00:33Z,45.40211667,7.75631667,1250.00,51.048
4025,2,889,1093.170901968813,-2499.110173895012,2020-08-08T12:00:34Z,45.40201667,7.75643333,1249.00,51.033
4026,2,890,1094.170901968813,-2498.110173895012,2020-08-08T12:00:35Z,45.40191667,7.75655000,1248.00,51.019
4027,2,891,1095.170901968813,-2497.110173895012,2020-08-08T12:00:36Z,45.40180000,7.75666667,1246.00,51.004
4028,2,892,1096.170901968813,-2496.110173895012,2020-08-08T12:00:37Z,45.40170000,7.75680000,1243.00,50.989
4029,2,893,1097.170901968813,-2495.110173895012,2020-08-08T12:00:38Z,45.40158333,7.75693333,1241.00,50.972
4030,2,894,1098.170901968813,-2494.110173895012,2020-08-08T12:00:39Z,45.40148333,7.75706667,1239.00,50.957
4031,2,895,1099.170901968813,-2493.110173895012,2020-08-08T12:00:40Z,45.40138333,7.75721667,1238.00,50.941
4032,2,896,1100.170901968813,-2492.110173895012,2020-08-08T12:00:41Z,45.40128333,7.75735000,1238.00,50.926
4033,2,897,1101.170901968813,-2491.110173895012,2020-08-08T12:00:42Z,45.40118333,7.75748333,1237.00,50.911
4034,2,898,1102.170901968813,-2490.110173895012,2020-08-08T12:00:43Z,45.40110000,7.75761667,1235.00,50.897
4035,2,899,1103.170901968813,-2489.110173895012,2020-08-08T12:00:44Z,45.40100000,7.75775000,1234.00,50.881
4036,2,900,1104.170901968813,-2488.110173895012,2020-08-08T12:00:45Z,45.40090000,7.75790000,1231.00,50.865
4037,2,901,1105.170901968813,-2487.110173895012,2020-08-08T12:00:46Z,45.40081667,7.75803333,1229.00,50.851
4038,2,902,1106.170901968813,-2486.110173895012,2020-08-08T12:00:47Z,45.40071667,7.75816667,1228.00,50.836
4039,2,903,1107.170901968813,-2485.110173895012,2020-08-08T12:00:48Z,45.40061667,7.75831667,1226.00,50.82
4040,2,904,1108.170901968813,-2484.110173895012,2020-08-08T12:00:49Z,45.40053333,7.75845000,1225.00,50.806
4041,2,905,1109.170901968813,-2483.110173895012,2020-08-08T12:00:50Z,45.40043333,7.75858333,1224.00,50.791
4042,2,906,1110.170901968813,-2482.110173895012,2020-08-08T12:00:51Z,45.40033333,7.75873333,1223.00,50.775
4043,2,907,1111.170901968813,-2481.110173895012,2020-08-08T12:00:52Z,45.40025000,7.75888333,1221.00,50.76
4044,2,908,1112.170901968813,-2480.110173895012,2020-08-08T12:00:53Z,45.40016667,7.75903333,1220.00,50.745
4045,2,909,1113.170901968813,-2479.110173895012,2020-08-08T12:00:54Z,45.40008333,7.75918333,1219.00,50.73
4046,2,910,1114.170901968813,-2478.110173895012,2020-08-08T12:00:55Z,45.39998333,7.75931667,1218.00,50.715
4047,2,911,1115.170901968813,-2477.110173895012,2020-08-08T12:00:56Z,45.39990000,7.75946667,1217.00,50.7
4048,2,912,1116.170901968813,-2476.110173895012,2020-08-08T12:00:57Z,45.39980000,7.75961667,1216.00,50.684
4049,2,913,1117.170901968813,-2475.110173895012,2020-08-08T12:00:58Z,45.39971667,7.75976667,1214.00,50.669
4050,2,914,1118.170901968813,-2474.110173895012,2020-08-08T12:00:59Z,45.39963333,7.75991667,1212.00,50.654
4051,2,915,1119.170901968813,-2473.110173895012,2020-08-08T12:01:00Z,45.39955000,7.76008333,1210.00,50.638
4052,2,916,1120.170901968813,-2472.110173895012,2020-08-08T12:01:01Z,45.39945000,7.76023333,1209.00,50.622
4053,2,917,1121.170901968813,-2471.110173895012,2020-08-08T12:01:02Z,45.39936667,7.76036667,1207.00,50.608
4054,2,918,1122.170901968813,-2470.110173895012,2020-08-08T12:01:03Z,45.39926667,7.76051667,1206.00,50.592
4055,2,919,1123.170901968813,-2469.110173895012,2020-08-08T12:01:04Z,45.39918333,7.76066667,1205.00,50.577
4056,2,920,1124.170901968813,-2468.110173895012,2020-08-08T12:01:05Z,45.39908333,7.76080000,1205.00,50.562
4057,2,921,1125.170901968813,-2467.110173895012,2020-08-08T12:01:06Z,45.39900000,7.76093333,1204.00,50.548
4058,2,922,1126.170901968813,-2466.110173895012,2020-08-08T12:01:07Z,45.39891667,7.76108333,1203.00,50.533
4059,2,923,1127.170901968813,-2465.110173895012,2020-08-08T12:01:08Z,45.39883333,7.76123333,1202.00,50.518
4060,2,924,1128.170901968813,-2464.110173895012,2020-08-08T12:01:09Z,45.39876667,7.76138333,1201.00,50.504
4061,2,925,1129.170901968813,-2463.110173895012,2020-08-08T12:01:10Z,45.39868333,7.76153333,1200.00,50.49
4062,2,926,1130.170901968813,-2462.110173895012,2020-08-08T12:01:11Z,45.39860000,7.76166667,1199.00,50.476
4063,2,927,1131.170901968813,-2461.110173895012,2020-08-08T12:01:12Z,45.39851667,7.76181667,1198.00,50.461
4064,2,928,1132.170901968813,-2460.110173895012,2020-08-08T12:01:13Z,45.39845000,7.76195000,1195.00,50.448
4065,2,929,1133.170901968813,-2459.110173895012,2020-08-08T12:01:14Z,45.39836667,7.76210000,1193.00,50.433
4066,2,930,1134.170901968813,-2458.110173895012,2020-08-08T12:01:15Z,45.39828333,7.76225000,1191.00,50.418
4067,2,931,1135.170901968813,-2457.110173895012,2020-08-08T12:01:16Z,45.39818333,7.76240000,1188.00,50.402
4068,2,932,1136.170901968813,-2456.110173895012,2020-08-08T12:01:17Z,45.39810000,7.76255000,1186.00,50.387
4069,2,933,1137.170901968813,-2455.110173895012,2020-08-08T12:01:18Z,45.39800000,7.76270000,1185.00,50.371
4070,2,934,1138.170901968813,-2454.110173895012,2020-08-08T12:01:19Z,45.39793333,7.76283333,1183.00,50.358
4071,2,935,1139.170901968813,-2453.110173895012,2020-08-08T12:01:20Z,45.39785000,7.76298333,1180.00,50.343
4072,2,936,1140.170901968813,-2452.110173895012,2020-08-08T12:01:21Z,45.39778333,7.76311667,1178.00,50.331
4073,2,937,1141.170901968813,-2451.110173895012,2020-08-08T12:01:22Z,45.39770000,7.76325000,1176.00,50.317
4074,2,938,1142.170901968813,-2450.110173895012,2020-08-08T12:01:23Z,45.39761667,7.76338333,1173.00,50.303
4075,2,939,1143.170901968813,-2449.110173895012,2020-08-08T12:01:24Z,45.39753333,7.76353333,1169.00,50.288
4076,2,940,1144.170901968813,-2448.110173895012,2020-08-08T12:01:25Z,45.39743333,7.76368333,1169.00,50.272
4077,2,941,1145.170901968813,-2447.110173895012,2020-08-08T12:01:26Z,45.39735000,7.76381667,1166.00,50.258
4078,2,942,1146.170901968813,-2446.110173895012,2020-08-08T12:01:27Z,45.39726667,7.76393333,1165.00,50.245
4079,2,943,1147.170901968813,-2445.110173895012,2020-08-08T12:01:28Z,45.39720000,7.76405000,1164.00,50.233
4080,2,944,1148.170901968813,-2444.110173895012,2020-08-08T12:01:29Z,45.39713333,7.76418333,1163.00,50.22
4081,2,945,1149.170901968813,-2443.110173895012,2020-08-08T12:01:30Z,45.39706667,7.76431667,1159.00,50.208
4082,2,946,1150.170901968813,-2442.110173895012,2020-08-08T12:01:31Z,45.39700000,7.76446667,1157.00,50.194
4083,2,947,1151.170901968813,-2441.110173895012,2020-08-08T12:01:32Z,45.39691667,7.76461667,1154.00,50.179
4084,2,948,1152.170901968813,-2440.110173895012,2020-08-08T12:01:33Z,45.39685000,7.76475000,1152.00,50.166
4085,2,949,1153.170901968813,-2439.110173895012,2020-08-08T12:01:34Z,45.39676667,7.76490000,1150.00,50.151
4086,2,950,1154.170901968813,-2438.110173895012,2020-08-08T12:01:35Z,45.39668333,7.76501667,1148.00,50.138
4087,2,951,1155.170901968813,-2437.110173895012,2020-08-08T12:01:36Z,45.39661667,7.76513333,1147.00,50.127
4088,2,952,1156.170901968813,-2436.110173895012,2020-08-08T12:01:37Z,45.39655000,7.76525000,1146.00,50.115
4089,2,953,1157.170901968813,-2435.110173895012,2020-08-08T12:01:38Z,45.39648333,7.76536667,1144.00,50.103
4090,2,954,1158.170901968813,-2434.110173895012,2020-08-08T12:01:39Z,45.39641667,7.76550000,1142.00,50.091
4091,2,955,1159.170901968813,-2433.110173895012,2020-08-08T12:01:40Z,45.39633333,7.76563333,1140.00,50.077
4092,2,956,1160.170901968813,-2432.110173895012,2020-08-08T12:01:41Z,45.39626667,7.76576667,1139.00,50.064
4093,2,957,1161.170901968813,-2431.110173895012,2020-08-08T12:01:42Z,45.39618333,7.76590000,1138.00,50.05
4094,2,958,1162.170901968813,-2430.110173895012,2020-08-08T12:01:43Z,45.39611667,7.76603333,1138.00,50.037
4095,2,959,1163.170901968813,-2429.110173895012,2020-08-08T12:01:44Z,45.39605000,7.76615000,1136.00,50.026
4096,2,960,1164.170901968813,-2428.110173895012,2020-08-08T12:01:45Z,45.39598333,7.76625000,1136.00,50.015
4097,2,961,1165.170901968813,-2427.110173895012,2020-08-08T12:01:46Z,45.39591667,7.76635000,1135.00,50.004
4098,2,962,1166.170901968813,-2426.110173895012,2020-08-08T12:01:47Z,45.39585000,7.76645000,1133.00,49.993
4099,2,963,1167.170901968813,-2425.110173895012,2020-08-08T12:01:48Z,45.39576667,7.76656667,1130.00,49.98
4100,2,964,1168.170901968813,-2424.110173895012,2020-08-08T12:01:49Z,45.39570000,7.76670000,1127.00,49.968
4101,2,965,1169.170901968813,-2423.110173895012,2020-08-08T12:01:50Z,45.39561667,7.76683333,1125.00,49.954
4102,2,966,1170.170901968813,-2422.110173895012,2020-08-08T12:01:51Z,45.39555000,7.76698333,1124.00,49.94
4103,2,967,1171.170901968813,-2421.110173895012,2020-08-08T12:01:52Z,45.39546667,7.76710000,1123.00,49.927
4104,2,968,1172.170901968813,-2420.110173895012,2020-08-08T12:01:53Z,45.39540000,7.76721667,1123.00,49.915
4105,2,969,1173.170901968813,-2419.110173895012,2020-08-08T12:01:54Z,45.39533333,7.76730000,1122.00,49.905
4106,2,970,1174.170901968813,-2418.110173895012,2020-08-08T12:01:55Z,45.39526667,7.76738333,1121.00,49.896
4107,2,971,1175.170901968813,-2417.110173895012,2020-08-08T12:01:56Z,45.39520000,7.76748333,1119.00,49.885
4108,2,972,1176.170901968813,-2416.110173895012,2020-08-08T12:01:57Z,45.39511667,7.76756667,1117.00,49.874
4109,2,973,1177.170901968813,-2415.110173895012,2020-08-08T12:01:58Z,45.39503333,7.76768333,1115.00,49.861
4110,2,974,1178.170901968813,-2414.110173895012,2020-08-08T12:01:59Z,45.39495000,7.76780000,1113.00,49.848
4111,2,975,1179.170901968813,-2413.110173895012,2020-08-08T12:02:00Z,45.39486667,7.76791667,1112.00,49.835
4112,2,976,1180.170901968813,-2412.110173895012,2020-08-08T12:02:01Z,45.39478333,7.76801667,1112.00,49.823
4113,2,977,1181.170901968813,-2411.110173895012,2020-08-08T12:02:02Z,45.39471667,7.76811667,1110.00,49.812
4114,2,978,1182.170901968813,-2410.110173895012,2020-08-08T12:02:03Z,45.39463333,7.76820000,1109.00,49.801
4115,2,979,1183.170901968813,-2409.110173895012,2020-08-08T12:02:04Z,45.39455000,7.76828333,1107.00,49.79
4116,2,980,1184.170901968813,-2408.110173895012,2020-08-08T12:02:05Z,45.39446667,7.76838333,1105.00,49.778
4117,2,981,1185.170901968813,-2407.110173895012,2020-08-08T12:02:06Z,45.39438333,7.76848333,1103.00,49.766
4118,2,982,1186.170901968813,-2406.110173895012,2020-08-08T12:02:07Z,45.39430000,7.76860000,1100.00,49.753
4119,2,983,1187.170901968813,-2405.110173895012,2020-08-08T12:02:08Z,45.39421667,7.76871667,1099.00,49.74
4120,2,984,1188.170901968813,-2404.110173895012,2020-08-08T12:02:09Z,45.39411667,7.76881667,1097.00,49.727
4121,2,985,1189.170901968813,-2403.110173895012,2020-08-08T12:02:10Z,45.39403333,7.76888333,1095.00,49.717
4122,2,986,1190.170901968813,-2402.110173895012,2020-08-08T12:02:11Z,45.39395000,7.76898333,1092.00,49.705
4123,2,987,1191.170901968813,-2401.110173895012,2020-08-08T12:02:12Z,45.39386667,7.76908333,1089.00,49.693
4124,2,988,1192.170901968813,-2400.110173895012,2020-08-08T12:02:13Z,45.39378333,7.76918333,1087.00,49.681
4125,2,989,1193.170901968813,-2399.110173895012,2020-08-08T12:02:14Z,45.39368333,7.76928333,1083.00,49.668
4126,2,990,1194.170901968813,-2398.110173895012,2020-08-08T12:02:15Z,45.39358333,7.76938333,1081.00,49.655
4127,2,991,1195.170901968813,-2397.110173895012,2020-08-08T12:02:16Z,45.39348333,7.76948333,1080.00,49.642
4128,2,992,1196.170901968813,-2396.110173895012,2020-08-08T12:02:17Z,45.39338333,7.76956667,1079.00,49.629
4129,2,993,1197.170901968813,-2395.110173895012,2020-08-08T12:02:18Z,45.39330000,7.76968333,1078.00,49.616
4130,2,994,1198.170901968813,-2394.110173895012,2020-08-08T12:02:19Z,45.39321667,7.76978333,1078.00,49.604
4131,2,995,1199.170901968813,-2393.110173895012,2020-08-08T12:02:20Z,45.39315000,7.76990000,1076.00,49.593
4132,2,996,1200.170901968813,-2392.110173895012,2020-08-08T12:02:21Z,45.39306667,7.77000000,1075.00,49.581
4133,2,997,1201.170901968813,-2391.110173895012,2020-08-08T12:02:22Z,45.39300000,7.77011667,1073.00,49.569
4134,2,998,1202.170901968813,-2390.110173895012,2020-08-08T12:02:23Z,45.39291667,7.77021667,1070.00,49.557
4135,2,999,1203.170901968813,-2389.110173895012,2020-08-08T12:02:24Z,45.39283333,7.77033333,1069.00,49.544
4136,2,1000,1204.170901968813,-2388.110173895012,2020-08-08T12:02:25Z,45.39275000,7.77043333,1068.00,49.532
4137,2,1001,1205.170901968813,-2387.110173895012,2020-08-08T12:02:26Z,45.39268333,7.77056667,1065.00,49.519
4138,2,1002,1206.170901968813,-2386.110173895012,2020-08-08T12:02:27Z,45.39261667,7.77068333,1064.00,49.508
4139,2,1003,1207.170901968813,-2385.110173895012,2020-08-08T12:02:28Z,45.39255000,7.77081667,1062.00,49.495
4140,2,1004,1208.170901968813,-2384.110173895012,2020-08-08T12:02:29Z,45.39248333,7.77095000,1060.00,49.482
4141,2,1005,1209.170901968813,-2383.110173895012,2020-08-08T12:02:30Z,45.39241667,7.77108333,1058.00,49.469
4142,2,1006,1210.170901968813,-2382.110173895012,2020-08-08T12:02:31Z,45.39235000,7.77121667,1056.00,49.457
4143,2,1007,1211.170901968813,-2381.110173895012,2020-08-08T12:02:32Z,45.39228333,7.77136667,1054.00,49.443
4144,2,1008,1212.170901968813,-2380.110173895012,2020-08-08T12:02:33Z,45.39221667,7.77150000,1053.00,49.43
4145,2,1009,1213.170901968813,-2379.110173895012,2020-08-08T12:02:34Z,45.39215000,7.77163333,1051.00,49.418
4146,2,1010,1214.170901968813,-2378.110173895012,2020-08-08T12:02:35Z,45.39206667,7.77176667,1050.00,49.404
4147,2,1011,1215.170901968813,-2377.110173895012,2020-08-08T12:02:36Z,45.39200000,7.77188333,1048.00,49.392
4148,2,1012,1216.170901968813,-2376.110173895012,2020-08-08T12:02:37Z,45.39191667,7.77200000,1046.00,49.379
4149,2,1013,1217.170901968813,-2375.110173895012,2020-08-08T12:02:38Z,45.39183333,7.77210000,1045.00,49.367
4150,2,1014,1218.170901968813,-2374.110173895012,2020-08-08T12:02:39Z,45.39175000,7.77221667,1044.00,49.354
4151,2,1015,1219.170901968813,-2373.110173895012,2020-08-08T12:02:40Z,45.39168333,7.77233333,1042.00,49.342
4152,2,1016,1220.170901968813,-2372.110173895012,2020-08-08T12:02:41Z,45.39161667,7.77246667,1042.00,49.33
4153,2,1017,1221.170901968813,-2371.110173895012,2020-08-08T12:02:42Z,45.39155000,7.77260000,1040.00,49.317
4154,2,1018,1222.170901968813,-2370.110173895012,2020-08-08T12:02:43Z,45.39148333,7.77271667,1037.00,49.305
4155,2,1019,1223.170901968813,-2369.110173895012,2020-08-08T12:02:44Z,45.39140000,7.77283333,1036.00,49.292
4156,2,1020,1224.170901968813,-2368.110173895012,2020-08-08T12:02:45Z,45.39133333,7.77295000,1034.00,49.28
4157,2,1021,1225.170901968813,-2367.110173895012,2020-08-08T12:02:46Z,45.39126667,7.77308333,1032.00,49.268
4158,2,1022,1226.170901968813,-2366.110173895012,2020-08-08T12:02:47Z,45.39121667,7.77320000,1031.00,49.257
4159,2,1023,1227.170901968813,-2365.110173895012,2020-08-08T12:02:48Z,45.39115000,7.77333333,1029.00,49.244
4160,2,1024,1228.170901968813,-2364.110173895012,2020-08-08T12:02:49Z,45.39110000,7.77345000,1027.00,49.234
4161,2,1025,1229.170901968813,-2363.110173895012,2020-08-08T12:02:50Z,45.39105000,7.77356667,1027.00,49.223
4162,2,1026,1230.170901968813,-2362.110173895012,2020-08-08T12:02:51Z,45.39098333,7.77368333,1026.00,49.212
4163,2,1027,1231.170901968813,-2361.110173895012,2020-08-08T12:02:52Z,45.39093333,7.77380000,1024.00,49.201
4164,2,1028,1232.170901968813,-2360.110173895012,2020-08-08T12:02:53Z,45.39086667,7.77393333,1020.00,49.188
4165,2,1029,1233.170901968813,-2359.110173895012,2020-08-08T12:02:54Z,45.39078333,7.77406667,1018.00,49.175
4166,2,1030,1234.170901968813,-2358.110173895012,2020-08-08T12:02:55Z,45.39071667,7.77423333,1016.00,49.16
4167,2,1031,1235.170901968813,-2357.110173895012,2020-08-08T12:02:56Z,45.39065000,7.77438333,1014.00,49.146
4168,2,1032,1236.170901968813,-2356.110173895012,2020-08-08T12:02:57Z,45.39058333,7.77453333,1013.00,49.132
4169,2,1033,1237.170901968813,-2355.110173895012,2020-08-08T12:02:58Z,45.39051667,7.77466667,1013.00,49.12
4170,2,1034,1238.170901968813,-2354.110173895012,2020-08-08T12:02:59Z,45.39045000,7.77478333,1013.00,49.108
4171,2,1035,1239.170901968813,-2353.110173895012,2020-08-08T12:03:00Z,45.39038333,7.77490000,1012.00,49.096
4172,2,1036,1240.170901968813,-2352.110173895012,2020-08-08T12:03:01Z,45.39031667,7.77501667,1010.00,49.085
4173,2,1037,1241.170901968813,-2351.110173895012,2020-08-08T12:03:02Z,45.39025000,7.77513333,1008.00,49.073
4174,2,1038,1242.170901968813,-2350.110173895012,2020-08-08T12:03:03Z,45.39018333,7.77525000,1006.00,49.061
4175,2,1039,1243.170901968813,-2349.110173895012,2020-08-08T12:03:04Z,45.39011667,7.77538333,1004.00,49.048
4176,2,1040,1244.170901968813,-2348.110173895012,2020-08-08T12:03:05Z,45.39005000,7.77551667,1003.00,49.036
4177,2,1041,1245.170901968813,-2347.110173895012,2020-08-08T12:03:06Z,45.38998333,7.77563333,1002.00,49.024
4178,2,1042,1246.170901968813,-2346.110173895012,2020-08-08T12:03:07Z,45.38991667,7.77573333,1001.00,49.013
4179,2,1043,1247.170901968813,-2345.110173895012,2020-08-08T12:03:08Z,45.38985000,7.77583333,999.00,49.002
4180,2,1044,1248.170901968813,-2344.110173895012,2020-08-08T12:03:09Z,45.38976667,7.77593333,997.00,48.99
4181,2,1045,1249.170901968813,-2343.110173895012,2020-08-08T12:03:10Z,45.38970000,7.77605000,995.00,48.979
4182,2,1046,1250.170901968813,-2342.110173895012,2020-08-08T12:03:11Z,45.38961667,7.77618333,991.00,48.965
4183,2,1047,1251.170901968813,-2341.110173895012,2020-08-08T12:03:12Z,45.38953333,7.77631667,989.00,48.951
4184,2,1048,1252.170901968813,-2340.110173895012,2020-08-08T12:03:13Z,45.38945000,7.77645000,988.00,48.937
4185,2,1049,1253.170901968813,-2339.110173895012,2020-08-08T12:03:14Z,45.38938333,7.77656667,987.00,48.925
4186,2,1050,1254.170901968813,-2338.110173895012,2020-08-08T12:03:15Z,45.38933333,7.77666667,986.00,48.916
4187,2,1051,1255.170901968813,-2337.110173895012,2020-08-08T12:03:16Z,45.38925000,7.77678333,985.00,48.903
4188,2,1052,1256.170901968813,-2336.110173895012,2020-08-08T12:03:17Z,45.38918333,7.77688333,983.00,48.892
4189,2,1053,1257.170901968813,-2335.110173895012,2020-08-08T12:03:18Z,45.38911667,7.77701667,982.00,48.879
4190,2,1054,1258.170901968813,-2334.110173895012,2020-08-08T12:03:19Z,45.38903333,7.77713333,979.00,48.866
4191,2,1055,1259.170901968813,-2333.110173895012,2020-08-08T12:03:20Z,45.38895000,7.77723333,977.00,48.854
4192,2,1056,1260.170901968813,-2332.110173895012,2020-08-08T12:03:21Z,45.38886667,7.77733333,975.00,48.842
4193,2,1057,1261.170901968813,-2331.110173895012,2020-08-08T12:03:22Z,45.38878333,7.77743333,973.00,48.83
4194,2,1058,1262.170901968813,-2330.110173895012,2020-08-08T12:03:23Z,45.38870000,7.77751667,971.00,48.819
4195,2,1059,1263.170901968813,-2329.110173895012,2020-08-08T12:03:24Z,45.38861667,7.77760000,969.00,48.808
4196,2,1060,1264.170901968813,-2328.110173895012,2020-08-08T12:03:25Z,45.38853333,7.77770000,967.00,48.796
4197,2,1061,1265.170901968813,-2327.110173895012,2020-08-08T12:03:26Z,45.38846667,7.77781667,964.00,48.784
4198,2,1062,1266.170901968813,-2326.110173895012,2020-08-08T12:03:27Z,45.38838333,7.77791667,963.00,48.773
4199,2,1063,1267.170901968813,-2325.110173895012,2020-08-08T12:03:28Z,45.38830000,7.77801667,960.00,48.761
4200,2,1064,1268.170901968813,-2324.110173895012,2020-08-08T12:03:29Z,45.38821667,7.77810000,959.00,48.75
4201,2,1065,1269.170901968813,-2323.110173895012,2020-08-08T12:03:30Z,45.38815000,7.77818333,957.00,48.74
4202,2,1066,1270.170901968813,-2322.110173895012,2020-08-08T12:03:31Z,45.38808333,7.77826667,954.00,48.73
4203,2,1067,1271.170901968813,-2321.110173895012,2020-08-08T12:03:32Z,45.38801667,7.77838333,952.00,48.718
4204,2,1068,1272.170901968813,-2320.110173895012,2020-08-08T12:03:33Z,45.38795000,7.77848333,950.00,48.707
4205,2,1069,1273.170901968813,-2319.110173895012,2020-08-08T12:03:34Z,45.38786667,7.77858333,947.00,48.696
4206,2,1070,1274.170901968813,-2318.110173895012,2020-08-08T12:03:35Z,45.38780000,7.77868333,946.00,48.685
4207,2,1071,1275.170901968813,-2317.110173895012,2020-08-08T12:03:36Z,45.38771667,7.77878333,943.00,48.673
4208,2,1072,1276.170901968813,-2316.110173895012,2020-08-08T12:03:37Z,45.38763333,7.77888333,942.00,48.661
4209,2,1073,1277.170901968813,-2315.110173895012,2020-08-08T12:03:38Z,45.38758333,7.77896667,942.00,48.652
4210,2,1074,1278.170901968813,-2314.110173895012,2020-08-08T12:03:39Z,45.38751667,7.77903333,940.00,48.643
4211,2,1075,1279.170901968813,-2313.110173895012,2020-08-08T12:03:40Z,45.38746667,7.77911667,938.00,48.635
4212,2,1076,1280.170901968813,-2312.110173895012,2020-08-08T12:03:41Z,45.38741667,7.77920000,936.00,48.626
4213,2,1077,1281.170901968813,-2311.110173895012,2020-08-08T12:03:42Z,45.38733333,7.77930000,932.00,48.614
4214,2,1078,1282.170901968813,-2310.110173895012,2020-08-08T12:03:43Z,45.38725000,7.77941667,931.00,48.601
4215,2,1079,1283.170901968813,-2309.110173895012,2020-08-08T12:03:44Z,45.38718333,7.77953333,929.00,48.59
4216,2,1080,1284.170901968813,-2308.110173895012,2020-08-08T12:03:45Z,45.38711667,7.77963333,929.00,48.579
4217,2,1081,1285.170901968813,-2307.110173895012,2020-08-08T12:03:46Z,45.38705000,7.77971667,928.00,48.569
4218,2,1082,1286.170901968813,-2306.110173895012,2020-08-08T12:03:47Z,45.38700000,7.77980000,929.00,48.561
4219,2,1083,1287.170901968813,-2305.110173895012,2020-08-08T12:03:48Z,45.38693333,7.77988333,928.00,48.551
4220,2,1084,1288.170901968813,-2304.110173895012,2020-08-08T12:03:49Z,45.38686667,7.77998333,926.00,48.54
4221,2,1085,1289.170901968813,-2303.110173895012,2020-08-08T12:03:50Z,45.38680000,7.78006667,925.00,48.53
4222,2,1086,1290.170901968813,-2302.110173895012,2020-08-08T12:03:51Z,45.38671667,7.78016667,924.00,48.518
4223,2,1087,1291.170901968813,-2301.110173895012,2020-08-08T12:03:52Z,45.38663333,7.78023333,923.00,48.508
4224,2,1088,1292.170901968813,-2300.110173895012,2020-08-08T12:03:53Z,45.38655000,7.78030000,922.00,48.498
4225,2,1089,1293.170901968813,-2299.110173895012,2020-08-08T12:03:54Z,45.38646667,7.78035000,922.00,48.489
4226,2,1090,1294.170901968813,-2298.110173895012,2020-08-08T12:03:55Z,45.38638333,7.78036667,920.00,48.482
4227,2,1091,1295.170901968813,-2297.110173895012,2020-08-08T12:03:56Z,45.38628333,7.78038333,920.00,48.474
4228,2,1092,1296.170901968813,-2296.110173895012,2020-08-08T12:03:57Z,45.38616667,7.78040000,920.00,48.465
4229,2,1093,1297.170901968813,-2295.110173895012,2020-08-08T12:03:58Z,45.38608333,7.78043333,919.00,48.457
4230,2,1094,1298.170901968813,-2294.110173895012,2020-08-08T12:03:59Z,45.38598333,7.78045000,919.00,48.449
4231,2,1095,1299.170901968813,-2293.110173895012,2020-08-08T12:04:00Z,45.38590000,7.78046667,921.00,48.442
4232,2,1096,1300.170901968813,-2292.110173895012,2020-08-08T12:04:01Z,45.38581667,7.78050000,920.00,48.434
4233,2,1097,1301.170901968813,-2291.110173895012,2020-08-08T12:04:02Z,45.38573333,7.78055000,921.00,48.425
4234,2,1098,1302.170901968813,-2290.110173895012,2020-08-08T12:04:03Z,45.38565000,7.78060000,921.00,48.416
4235,2,1099,1303.170901968813,-2289.110173895012,2020-08-08T12:04:04Z,45.38556667,7.78063333,920.00,48.408
4236,2,1100,1304.170901968813,-2288.110173895012,2020-08-08T12:04:05Z,45.38546667,7.78065000,921.00,48.4
4237,2,1101,1305.170901968813,-2287.110173895012,2020-08-08T12:04:06Z,45.38538333,7.78065000,921.00,48.394
4238,2,1102,1306.170901968813,-2286.110173895012,2020-08-08T12:04:07Z,45.38530000,7.78066667,921.00,48.387
4239,2,1103,1307.170901968813,-2285.110173895012,2020-08-08T12:04:08Z,45.38523333,7.78066667,922.00,48.383
4240,2,1104,1308.170901968813,-2284.110173895012,2020-08-08T12:04:09Z,45.38515000,7.78070000,921.00,48.375
4241,2,1105,1309.170901968813,-2283.110173895012,2020-08-08T12:04:10Z,45.38506667,7.78075000,921.00,48.366
4242,2,1106,1310.170901968813,-2282.110173895012,2020-08-08T12:04:11Z,45.38498333,7.78080000,920.00,48.357
4243,2,1107,1311.170901968813,-2281.110173895012,2020-08-08T12:04:12Z,45.38488333,7.78085000,920.00,48.347
4244,2,1108,1312.170901968813,-2280.110173895012,2020-08-08T12:04:13Z,45.38478333,7.78090000,919.00,48.337
4245,2,1109,1313.170901968813,-2279.110173895012,2020-08-08T12:04:14Z,45.38468333,7.78095000,920.00,48.327
4246,2,1110,1314.170901968813,-2278.110173895012,2020-08-08T12:04:15Z,45.38460000,7.78098333,922.00,48.319
4247,2,1111,1315.170901968813,-2277.110173895012,2020-08-08T12:04:16Z,45.38453333,7.78101667,923.00,48.313
4248,2,1112,1316.170901968813,-2276.110173895012,2020-08-08T12:04:17Z,45.38446667,7.78105000,922.00,48.306
4249,2,1113,1317.170901968813,-2275.110173895012,2020-08-08T12:04:18Z,45.38438333,7.78110000,921.00,48.297
4250,2,1114,1318.170901968813,-2274.110173895012,2020-08-08T12:04:19Z,45.38428333,7.78113333,920.00,48.288
4251,2,1115,1319.170901968813,-2273.110173895012,2020-08-08T12:04:20Z,45.38420000,7.78118333,919.00,48.28
4252,2,1116,1320.170901968813,-2272.110173895012,2020-08-08T12:04:21Z,45.38410000,7.78121667,919.00,48.271
4253,2,1117,1321.170901968813,-2271.110173895012,2020-08-08T12:04:22Z,45.38401667,7.78125000,918.00,48.263
4254,2,1118,1322.170901968813,-2270.110173895012,2020-08-08T12:04:23Z,45.38391667,7.78130000,918.00,48.253
4255,2,1119,1323.170901968813,-2269.110173895012,2020-08-08T12:04:24Z,45.38383333,7.78135000,917.00,48.245
4256,2,1120,1324.170901968813,-2268.110173895012,2020-08-08T12:04:25Z,45.38375000,7.78141667,917.00,48.235
4257,2,1121,1325.170901968813,-2267.110173895012,2020-08-08T12:04:26Z,45.38365000,7.78148333,916.00,48.224
4258,2,1122,1326.170901968813,-2266.110173895012,2020-08-08T12:04:27Z,45.38356667,7.78155000,916.00,48.214
4259,2,1123,1327.170901968813,-2265.110173895012,2020-08-08T12:04:28Z,45.38350000,7.78163333,916.00,48.205
4260,2,1124,1328.170901968813,-2264.110173895012,2020-08-08T12:04:29Z,45.38343333,7.78173333,916.00,48.194
4261,2,1125,1329.170901968813,-2263.110173895012,2020-08-08T12:04:30Z,45.38340000,7.78185000,915.00,48.184
4262,2,1126,1330.170901968813,-2262.110173895012,2020-08-08T12:04:31Z,45.38338333,7.78198333,914.00,48.175
4263,2,1127,1331.170901968813,-2261.110173895012,2020-08-08T12:04:32Z,45.38333333,7.78211667,912.00,48.163
4264,2,1128,1332.170901968813,-2260.110173895012,2020-08-08T12:04:33Z,45.38328333,7.78225000,911.00,48.152
4265,2,1129,1333.170901968813,-2259.110173895012,2020-08-08T12:04:34Z,45.38320000,7.78235000,910.00,48.14
4266,2,1130,1334.170901968813,-2258.110173895012,2020-08-08T12:04:35Z,45.38313333,7.78243333,910.00,48.13
4267,2,1131,1335.170901968813,-2257.110173895012,2020-08-08T12:04:36Z,45.38308333,7.78251667,912.00,48.122
4268,2,1132,1336.170901968813,-2256.110173895012,2020-08-08T12:04:37Z,45.38305000,7.78260000,913.00,48.114
4269,2,1133,1337.170901968813,-2255.110173895012,2020-08-08T12:04:38Z,45.38303333,7.78270000,911.00,48.107
4270,2,1134,1338.170901968813,-2254.110173895012,2020-08-08T12:04:39Z,45.38301667,7.78280000,911.00,48.099
4271,2,1135,1339.170901968813,-2253.110173895012,2020-08-08T12:04:40Z,45.38298333,7.78288333,910.00,48.092
4272,2,1136,1340.170901968813,-2252.110173895012,2020-08-08T12:04:41Z,45.38295000,7.78296667,910.00,48.085
4273,2,1137,1341.170901968813,-2251.110173895012,2020-08-08T12:04:42Z,45.38293333,7.78306667,910.00,48.077
4274,2,1138,1342.170901968813,-2250.110173895012,2020-08-08T12:04:43Z,45.38291667,7.78315000,909.00,48.071
4275,2,1139,1343.170901968813,-2249.110173895012,2020-08-08T12:04:44Z,45.38291667,7.78325000,908.00,48.065
4276,2,1140,1344.170901968813,-2248.110173895012,2020-08-08T12:04:45Z,45.38288333,7.78336667,907.00,48.055
4277,2,1141,1345.170901968813,-2247.110173895012,2020-08-08T12:04:46Z,45.38285000,7.78345000,905.00,48.048
4278,2,1142,1346.170901968813,-2246.110173895012,2020-08-08T12:04:47Z,45.38278333,7.78351667,904.00,48.039
4279,2,1143,1347.170901968813,-2245.110173895012,2020-08-08T12:04:48Z,45.38271667,7.78356667,902.00,48.032
4280,2,1144,1348.170901968813,-2244.110173895012,2020-08-08T12:04:49Z,45.38263333,7.78361667,902.00,48.023
4281,2,1145,1349.170901968813,-2243.110173895012,2020-08-08T12:04:50Z,45.38258333,7.78366667,902.00,48.016
4282,2,1146,1350.170901968813,-2242.110173895012,2020-08-08T12:04:51Z,45.38251667,7.78371667,901.00,48.009
4283,2,1147,1351.170901968813,-2241.110173895012,2020-08-08T12:04:52Z,45.38246667,7.78380000,901.00,48.0
4284,2,1148,1352.170901968813,-2240.110173895012,2020-08-08T12:04:53Z,45.38241667,7.78386667,901.00,47.993
4285,2,1149,1353.170901968813,-2239.110173895012,2020-08-08T12:04:54Z,45.38236667,7.78393333,900.00,47.985
4286,2,1150,1354.170901968813,-2238.110173895012,2020-08-08T12:04:55Z,45.38231667,7.78401667,898.00,47.977
4287,2,1151,1355.170901968813,-2237.110173895012,2020-08-08T12:04:56Z,45.38226667,7.78411667,898.00,47.967
4288,2,1152,1356.170901968813,-2236.110173895012,2020-08-08T12:04:57Z,45.38220000,7.78420000,897.00,47.957
4289,2,1153,1357.170901968813,-2235.110173895012,2020-08-08T12:04:58Z,45.38215000,7.78428333,896.00,47.949
4290,2,1154,1358.170901968813,-2234.110173895012,2020-08-08T12:04:59Z,45.38208333,7.78436667,895.00,47.939
4291,2,1155,1359.170901968813,-2233.110173895012,2020-08-08T12:05:00Z,45.38203333,7.78445000,894.00,47.931
4292,2,1156,1360.170901968813,-2232.110173895012,2020-08-08T12:05:01Z,45.38198333,7.78455000,894.00,47.921
4293,2,1157,1361.170901968813,-2231.110173895012,2020-08-08T12:05:02Z,45.38193333,7.78463333,893.00,47.913
4294,2,1158,1362.170901968813,-2230.110173895012,2020-08-08T12:05:03Z,45.38188333,7.78473333,893.00,47.903
4295,2,1159,1363.170901968813,-2229.110173895012,2020-08-08T12:05:04Z,45.38185000,7.78483333,891.00,47.895
4296,2,1160,1364.170901968813,-2228.110173895012,2020-08-08T12:05:05Z,45.38180000,7.78493333,889.00,47.885
4297,2,1161,1365.170901968813,-2227.110173895012,2020-08-08T12:05:06Z,45.38175000,7.78501667,888.00,47.876
4298,2,1162,1366.170901968813,-2226.110173895012,2020-08-08T12:05:07Z,45.38170000,7.78510000,886.00,47.868
4299,2,1163,1367.170901968813,-2225.110173895012,2020-08-08T12:05:08Z,45.38166667,7.78520000,883.00,47.859
4300,2,1164,1368.170901968813,-2224.110173895012,2020-08-08T12:05:09Z,45.38161667,7.78530000,882.00,47.85
4301,2,1165,1369.170901968813,-2223.110173895012,2020-08-08T12:05:10Z,45.38156667,7.78541667,880.00,47.839
4302,2,1166,1370.170901968813,-2222.110173895012,2020-08-08T12:05:11Z,45.38151667,7.78551667,878.00,47.83
4303,2,1167,1371.170901968813,-2221.110173895012,2020-08-08T12:05:12Z,45.38146667,7.78561667,877.00,47.82
4304,2,1168,1372.170901968813,-2220.110173895012,2020-08-08T12:05:13Z,45.38141667,7.78571667,875.00,47.81
4305,2,1169,1373.170901968813,-2219.110173895012,2020-08-08T12:05:14Z,45.38138333,7.78581667,875.00,47.802
4306,2,1170,1374.170901968813,-2218.110173895012,2020-08-08T12:05:15Z,45.38133333,7.78593333,873.00,47.791
4307,2,1171,1375.170901968813,-2217.110173895012,2020-08-08T12:05:16Z,45.38128333,7.78603333,871.00,47.782
4308,2,1172,1376.170901968813,-2216.110173895012,2020-08-08T12:05:17Z,45.38125000,7.78613333,871.00,47.773
4309,2,1173,1377.170901968813,-2215.110173895012,2020-08-08T12:05:18Z,45.38120000,7.78623333,869.00,47.764
4310,2,1174,1378.170901968813,-2214.110173895012,2020-08-08T12:05:19Z,45.38115000,7.78631667,867.00,47.755
4311,2,1175,1379.170901968813,-2213.110173895012,2020-08-08T12:05:20Z,45.38108333,7.78640000,865.00,47.746
4312,2,1176,1380.170901968813,-2212.110173895012,2020-08-08T12:05:21Z,45.38103333,7.78650000,862.00,47.736
4313,2,1177,1381.170901968813,-2211.110173895012,2020-08-08T12:05:22Z,45.38098333,7.78661667,859.00,47.725
4314,2,1178,1382.170901968813,-2210.110173895012,2020-08-08T12:05:23Z,45.38093333,7.78675000,857.00,47.714
4315,2,1179,1383.170901968813,-2209.110173895012,2020-08-08T12:05:24Z,45.38088333,7.78688333,855.00,47.702
4316,2,1180,1384.170901968813,-2208.110173895012,2020-08-08T12:05:25Z,45.38081667,7.78700000,854.00,47.69
4317,2,1181,1385.170901968813,-2207.110173895012,2020-08-08T12:05:26Z,45.38075000,7.78710000,853.00,47.68
4318,2,1182,1386.170901968813,-2206.110173895012,2020-08-08T12:05:27Z,45.38070000,7.78720000,852.00,47.67
4319,2,1183,1387.170901968813,-2205.110173895012,2020-08-08T12:05:28Z,45.38063333,7.78728333,852.00,47.66
4320,2,1184,1388.170901968813,-2204.110173895012,2020-08-08T12:05:29Z,45.38058333,7.78738333,850.00,47.651
4321,2,1185,1389.170901968813,-2203.110173895012,2020-08-08T12:05:30Z,45.38051667,7.78750000,848.00,47.639
4322,2,1186,1390.170901968813,-2202.110173895012,2020-08-08T12:05:31Z,45.38045000,7.78758333,846.00,47.629
4323,2,1187,1391.170901968813,-2201.110173895012,2020-08-08T12:05:32Z,45.38036667,7.78766667,845.00,47.619
4324,2,1188,1392.170901968813,-2200.110173895012,2020-08-08T12:05:33Z,45.38030000,7.78773333,843.00,47.61
4325,2,1189,1393.170901968813,-2199.110173895012,2020-08-08T12:05:34Z,45.38021667,7.78780000,841.00,47.6
4326,2,1190,1394.170901968813,-2198.110173895012,2020-08-08T12:05:35Z,45.38013333,7.78786667,839.00,47.59
4327,2,1191,1395.170901968813,-2197.110173895012,2020-08-08T12:05:36Z,45.38006667,7.78796667,837.00,47.58
4328,2,1192,1396.170901968813,-2196.110173895012,2020-08-08T12:05:37Z,45.38000000,7.78803333,836.00,47.571
4329,2,1193,1397.170901968813,-2195.110173895012,2020-08-08T12:05:38Z,45.37991667,7.78811667,834.00,47.56
4330,2,1194,1398.170901968813,-2194.110173895012,2020-08-08T12:05:39Z,45.37985000,7.78816667,833.00,47.553
4331,2,1195,1399.170901968813,-2193.110173895012,2020-08-08T12:05:40Z,45.37976667,7.78821667,831.00,47.544
4332,2,1196,1400.170901968813,-2192.110173895012,2020-08-08T12:05:41Z,45.37968333,7.78828333,830.00,47.534
4333,2,1197,1401.170901968813,-2191.110173895012,2020-08-08T12:05:42Z,45.37961667,7.78836667,827.00,47.525
4334,2,1198,1402.170901968813,-2190.110173895012,2020-08-08T12:05:43Z,45.37955000,7.78845000,825.00,47.515
4335,2,1199,1403.170901968813,-2189.110173895012,2020-08-08T12:05:44Z,45.37946667,7.78855000,822.00,47.503
4336,2,1200,1404.170901968813,-2188.110173895012,2020-08-08T12:05:45Z,45.37940000,7.78863333,821.00,47.494
4337,2,1201,1405.170901968813,-2187.110173895012,2020-08-08T12:05:46Z,45.37933333,7.78870000,820.00,47.485
4338,2,1202,1406.170901968813,-2186.110173895012,2020-08-08T12:05:47Z,45.37926667,7.78880000,817.00,47.475
4339,2,1203,1407.170901968813,-2185.110173895012,2020-08-08T12:05:48Z,45.37921667,7.78891667,815.00,47.464
4340,2,1204,1408.170901968813,-2184.110173895012,2020-08-08T12:05:49Z,45.37916667,7.78903333,812.00,47.453
4341,2,1205,1409.170901968813,-2183.110173895012,2020-08-08T12:05:50Z,45.37910000,7.78913333,811.00,47.443
4342,2,1206,1410.170901968813,-2182.110173895012,2020-08-08T12:05:51Z,45.37901667,7.78921667,808.00,47.432
4343,2,1207,1411.170901968813,-2181.110173895012,2020-08-08T12:05:52Z,45.37893333,7.78928333,806.00,47.422
4344,2,1208,1412.170901968813,-2180.110173895012,2020-08-08T12:05:53Z,45.37886667,7.78936667,804.00,47.412
4345,2,1209,1413.170901968813,-2179.110173895012,2020-08-08T12:05:54Z,45.37880000,7.78945000,802.00,47.403
4346,2,1210,1414.170901968813,-2178.110173895012,2020-08-08T12:05:55Z,45.37873333,7.78953333,799.00,47.393
4347,2,1211,1415.170901968813,-2177.110173895012,2020-08-08T12:05:56Z,45.37868333,7.78963333,797.00,47.384
4348,2,1212,1416.170901968813,-2176.110173895012,2020-08-08T12:05:57Z,45.37861667,7.78971667,795.00,47.374
4349,2,1213,1417.170901968813,-2175.110173895012,2020-08-08T12:05:58Z,45.37853333,7.78981667,793.00,47.362
4350,2,1214,1418.170901968813,-2174.110173895012,2020-08-08T12:05:59Z,45.37846667,7.78988333,791.00,47.353
4351,2,1215,1419.170901968813,-2173.110173895012,2020-08-08T12:06:00Z,45.37840000,7.78996667,790.00,47.344
4352,2,1216,1420.170901968813,-2172.110173895012,2020-08-08T12:06:01Z,45.37835000,7.79005000,789.00,47.335
4353,2,1217,1421.170901968813,-2171.110173895012,2020-08-08T12:06:02Z,45.37828333,7.79015000,787.00,47.325
4354,2,1218,1422.170901968813,-2170.110173895012,2020-08-08T12:06:03Z,45.37823333,7.79023333,786.00,47.316
4355,2,1219,1423.170901968813,-2169.110173895012,2020-08-08T12:06:04Z,45.37816667,7.79031667,783.00,47.306
4356,2,1220,1424.170901968813,-2168.110173895012,2020-08-08T12:06:05Z,45.37810000,7.79040000,781.00,47.297
4357,2,1221,1425.170901968813,-2167.110173895012,2020-08-08T12:06:06Z,45.37803333,7.79050000,779.00,47.286
4358,2,1222,1426.170901968813,-2166.110173895012,2020-08-08T12:06:07Z,45.37796667,7.79058333,778.00,47.276
4359,2,1223,1427.170901968813,-2165.110173895012,2020-08-08T12:06:08Z,45.37790000,7.79066667,777.00,47.267
4360,2,1224,1428.170901968813,-2164.110173895012,2020-08-08T12:06:09Z,45.37785000,7.79076667,776.00,47.257
4361,2,1225,1429.170901968813,-2163.110173895012,2020-08-08T12:06:10Z,45.37778333,7.79085000,775.00,47.247
4362,2,1226,1430.170901968813,-2162.110173895012,2020-08-08T12:06:11Z,45.37771667,7.79095000,773.00,47.237
4363,2,1227,1431.170901968813,-2161.110173895012,2020-08-08T12:06:12Z,45.37765000,7.79105000,773.00,47.226
4364,2,1228,1432.170901968813,-2160.110173895012,2020-08-08T12:06:13Z,45.37758333,7.79113333,772.00,47.216
4365,2,1229,1433.170901968813,-2159.110173895012,2020-08-08T12:06:14Z,45.37751667,7.79121667,772.00,47.207
4366,2,1230,1434.170901968813,-2158.110173895012,2020-08-08T12:06:15Z,45.37745000,7.79128333,770.00,47.198
4367,2,1231,1435.170901968813,-2157.110173895012,2020-08-08T12:06:16Z,45.37738333,7.79135000,769.00,47.19
4368,2,1232,1436.170901968813,-2156.110173895012,2020-08-08T12:06:17Z,45.37731667,7.79143333,769.00,47.18
4369,2,1233,1437.170901968813,-2155.110173895012,2020-08-08T12:06:18Z,45.37725000,7.79151667,766.00,47.17
4370,2,1234,1438.170901968813,-2154.110173895012,2020-08-08T12:06:19Z,45.37720000,7.79161667,765.00,47.161
4371,2,1235,1439.170901968813,-2153.110173895012,2020-08-08T12:06:20Z,45.37713333,7.79171667,764.00,47.15
4372,2,1236,1440.170901968813,-2152.110173895012,2020-08-08T12:06:21Z,45.37706667,7.79181667,763.00,47.14
4373,2,1237,1441.170901968813,-2151.110173895012,2020-08-08T12:06:22Z,45.37700000,7.79190000,762.00,47.13
4374,2,1238,1442.170901968813,-2150.110173895012,2020-08-08T12:06:23Z,45.37695000,7.79198333,761.00,47.121
4375,2,1239,1443.170901968813,-2149.110173895012,2020-08-08T12:06:24Z,45.37688333,7.79208333,760.00,47.111
4376,2,1240,1444.170901968813,-2148.110173895012,2020-08-08T12:06:25Z,45.37681667,7.79216667,758.00,47.101
4377,2,1241,1445.170901968813,-2147.110173895012,2020-08-08T12:06:26Z,45.37675000,7.79225000,757.00,47.091
4378,2,1242,1446.170901968813,-2146.110173895012,2020-08-08T12:06:27Z,45.37666667,7.79235000,756.00,47.08
4379,2,1243,1447.170901968813,-2145.110173895012,2020-08-08T12:06:28Z,45.37658333,7.79243333,755.00,47.069
4380,2,1244,1448.170901968813,-2144.110173895012,2020-08-08T12:06:29Z,45.37651667,7.79251667,755.00,47.059
4381,2,1245,1449.170901968813,-2143.110173895012,2020-08-08T12:06:30Z,45.37645000,7.79260000,754.00,47.05
4382,2,1246,1450.170901968813,-2142.110173895012,2020-08-08T12:06:31Z,45.37638333,7.79268333,754.00,47.04
4383,2,1247,1451.170901968813,-2141.110173895012,2020-08-08T12:06:32Z,45.37631667,7.79276667,753.00,47.031
4384,2,1248,1452.170901968813,-2140.110173895012,2020-08-08T12:06:33Z,45.37625000,7.79285000,752.00,47.021
4385,2,1249,1453.170901968813,-2139.110173895012,2020-08-08T12:06:34Z,45.37616667,7.79293333,751.00,47.01
4386,2,1250,1454.170901968813,-2138.110173895012,2020-08-08T12:06:35Z,45.37610000,7.79301667,750.00,47.001
4387,2,1251,1455.170901968813,-2137.110173895012,2020-08-08T12:06:36Z,45.37603333,7.79310000,749.00,46.991
4388,2,1252,1456.170901968813,-2136.110173895012,2020-08-08T12:06:37Z,45.37596667,7.79318333,747.00,46.982
4389,2,1253,1457.170901968813,-2135.110173895012,2020-08-08T12:06:38Z,45.37591667,7.79328333,746.00,46.972
4390,2,1254,1458.170901968813,-2134.110173895012,2020-08-08T12:06:39Z,45.37585000,7.79336667,745.00,46.963
4391,2,1255,1459.170901968813,-2133.110173895012,2020-08-08T12:06:40Z,45.37578333,7.79345000,743.00,46.953
4392,2,1256,1460.170901968813,-2132.110173895012,2020-08-08T12:06:41Z,45.37571667,7.79353333,742.00,46.943
4393,2,1257,1461.170901968813,-2131.110173895012,2020-08-08T12:06:42Z,45.37565000,7.79360000,740.00,46.935
4394,2,1258,1462.170901968813,-2130.110173895012,2020-08-08T12:06:43Z,45.37558333,7.79368333,739.00,46.925
4395,2,1259,1463.170901968813,-2129.110173895012,2020-08-08T12:06:44Z,45.37551667,7.79376667,737.00,46.916
4396,2,1260,1464.170901968813,-2128.110173895012,2020-08-08T12:06:45Z,45.37545000,7.79385000,736.00,46.906
4397,2,1261,1465.170901968813,-2127.110173895012,2020-08-08T12:06:46Z,45.37538333,7.79393333,735.00,46.897
4398,2,1262,1466.170901968813,-2126.110173895012,2020-08-08T12:06:47Z,45.37531667,7.79403333,733.00,46.886
4399,2,1263,1467.170901968813,-2125.110173895012,2020-08-08T12:06:48Z,45.37525000,7.79413333,732.00,46.876
4400,2,1264,1468.170901968813,-2124.110173895012,2020-08-08T12:06:49Z,45.37520000,7.79423333,731.00,46.866
4401,2,1265,1469.170901968813,-2123.110173895012,2020-08-08T12:06:50Z,45.37513333,7.79435000,729.00,46.854
4402,2,1266,1470.170901968813,-2122.110173895012,2020-08-08T12:06:51Z,45.37508333,7.79445000,729.00,46.845
4403,2,1267,1471.170901968813,-2121.110173895012,2020-08-08T12:06:52Z,45.37503333,7.79455000,727.00,46.835
4404,2,1268,1472.170901968813,-2120.110173895012,2020-08-08T12:06:53Z,45.37496667,7.79465000,725.00,46.825
4405,2,1269,1473.170901968813,-2119.110173895012,2020-08-08T12:06:54Z,45.37491667,7.79476667,725.00,46.814
4406,2,1270,1474.170901968813,-2118.110173895012,2020-08-08T12:06:55Z,45.37486667,7.79486667,723.00,46.804
4407,2,1271,1475.170901968813,-2117.110173895012,2020-08-08T12:06:56Z,45.37481667,7.79496667,721.00,46.795
4408,2,1272,1476.170901968813,-2116.110173895012,2020-08-08T12:06:57Z,45.37475000,7.79506667,719.00,46.784
4409,2,1273,1477.170901968813,-2115.110173895012,2020-08-08T12:06:58Z,45.37468333,7.79518333,717.00,46.772
4410,2,1274,1478.170901968813,-2114.110173895012,2020-08-08T12:06:59Z,45.37463333,7.79528333,715.00,46.763
4411,2,1275,1479.170901968813,-2113.110173895012,2020-08-08T12:07:00Z,45.37456667,7.79540000,715.00,46.751
4412,2,1276,1480.170901968813,-2112.110173895012,2020-08-08T12:07:01Z,45.37451667,7.79551667,712.00,46.74
4413,2,1277,1481.170901968813,-2111.110173895012,2020-08-08T12:07:02Z,45.37446667,7.79561667,711.00,46.731
4414,2,1278,1482.170901968813,-2110.110173895012,2020-08-08T12:07:03Z,45.37441667,7.79571667,710.00,46.721
4415,2,1279,1483.170901968813,-2109.110173895012,2020-08-08T12:07:04Z,45.37435000,7.79581667,708.00,46.711
4416,2,1280,1484.170901968813,-2108.110173895012,2020-08-08T12:07:05Z,45.37430000,7.79593333,706.00,46.7
4417,2,1281,1485.170901968813,-2107.110173895012,2020-08-08T12:07:06Z,45.37423333,7.79603333,705.00,46.689
4418,2,1282,1486.170901968813,-2106.110173895012,2020-08-08T12:07:07Z,45.37420000,7.79615000,703.00,46.68
4419,2,1283,1487.170901968813,-2105.110173895012,2020-08-08T12:07:08Z,45.37415000,7.79625000,701.00,46.67
4420,2,1284,1488.170901968813,-2104.110173895012,2020-08-08T12:07:09Z,45.37410000,7.79635000,700.00,46.661
4421,2,1285,1489.170901968813,-2103.110173895012,2020-08-08T12:07:10Z,45.37406667,7.79645000,697.00,46.652
4422,2,1286,1490.170901968813,-2102.110173895012,2020-08-08T12:07:11Z,45.37401667,7.79655000,695.00,46.642
4423,2,1287,1491.170901968813,-2101.110173895012,2020-08-08T12:07:12Z,45.37398333,7.79666667,693.00,46.633
4424,2,1288,1492.170901968813,-2100.110173895012,2020-08-08T12:07:13Z,45.37395000,7.79678333,690.00,46.623
4425,2,1289,1493.170901968813,-2099.110173895012,2020-08-08T12:07:14Z,45.37391667,7.79690000,689.00,46.614
4426,2,1290,1494.170901968813,-2098.110173895012,2020-08-08T12:07:15Z,45.37388333,7.79701667,688.00,46.604
4427,2,1291,1495.170901968813,-2097.110173895012,2020-08-08T12:07:16Z,45.37385000,7.79713333,687.00,46.594
4428,2,1292,1496.170901968813,-2096.110173895012,2020-08-08T12:07:17Z,45.37381667,7.79725000,685.00,46.585
4429,2,1293,1497.170901968813,-2095.110173895012,2020-08-08T12:07:18Z,45.37376667,7.79736667,684.00,46.574
4430,2,1294,1498.170901968813,-2094.110173895012,2020-08-08T12:07:19Z,45.37371667,7.79746667,683.00,46.564
4431,2,1295,1499.170901968813,-2093.110173895012,2020-08-08T12:07:20Z,45.37365000,7.79758333,681.00,46.553
4432,2,1296,1500.170901968813,-2092.110173895012,2020-08-08T12:07:21Z,45.37361667,7.79770000,681.00,46.543
4433,2,1297,1501.170901968813,-2091.110173895012,2020-08-08T12:07:22Z,45.37358333,7.79785000,681.00,46.531
4434,2,1298,1502.170901968813,-2090.110173895012,2020-08-08T12:07:23Z,45.37355000,7.79798333,682.00,46.521
4435,2,1299,1503.170901968813,-2089.110173895012,2020-08-08T12:07:24Z,45.37350000,7.79811667,683.00,46.509
4436,2,1300,1504.170901968813,-2088.110173895012,2020-08-08T12:07:25Z,45.37346667,7.79823333,685.00,46.499
4437,2,1301,1505.170901968813,-2087.110173895012,2020-08-08T12:07:26Z,45.37343333,7.79833333,687.00,46.491
4438,2,1302,1506.170901968813,-2086.110173895012,2020-08-08T12:07:27Z,45.37341667,7.79845000,688.00,46.482
4439,2,1303,1507.170901968813,-2085.110173895012,2020-08-08T12:07:28Z,45.37341667,7.79855000,687.00,46.476
4440,2,1304,1508.170901968813,-2084.110173895012,2020-08-08T12:07:29Z,45.37341667,7.79870000,685.00,46.466
4441,2,1305,1509.170901968813,-2083.110173895012,2020-08-08T12:07:30Z,45.37341667,7.79886667,684.00,46.455
4442,2,1306,1510.170901968813,-2082.110173895012,2020-08-08T12:07:31Z,45.37338333,7.79903333,685.00,46.443
4443,2,1307,1511.170901968813,-2081.110173895012,2020-08-08T12:07:32Z,45.37333333,7.79918333,686.00,46.43
4444,2,1308,1512.170901968813,-2080.110173895012,2020-08-08T12:07:33Z,45.37328333,7.79930000,688.00,46.419
4445,2,1309,1513.170901968813,-2079.110173895012,2020-08-08T12:07:34Z,45.37323333,7.79940000,689.00,46.41
4446,2,1310,1514.170901968813,-2078.110173895012,2020-08-08T12:07:35Z,45.37321667,7.79950000,689.00,46.402
4447,2,1311,1515.170901968813,-2077.110173895012,2020-08-08T12:07:36Z,45.37320000,7.79960000,689.00,46.395
4448,2,1312,1516.170901968813,-2076.110173895012,2020-08-08T12:07:37Z,45.37315000,7.79975000,687.00,46.382
4449,2,1313,1517.170901968813,-2075.110173895012,2020-08-08T12:07:38Z,45.37310000,7.79990000,686.00,46.369
4450,2,1314,1518.170901968813,-2074.110173895012,2020-08-08T12:07:39Z,45.37301667,7.80006667,686.00,46.354
4451,2,1315,1519.170901968813,-2073.110173895012,2020-08-08T12:07:40Z,45.37295000,7.80020000,685.00,46.341
4452,2,1316,1520.170901968813,-2072.110173895012,2020-08-08T12:07:41Z,45.37290000,7.80035000,686.00,46.328
4453,2,1317,1521.170901968813,-2071.110173895012,2020-08-08T12:07:42Z,45.37285000,7.80048333,686.00,46.316
4454,2,1318,1522.170901968813,-2070.110173895012,2020-08-08T12:07:43Z,45.37280000,7.80065000,687.00,46.303
4455,2,1319,1523.170901968813,-2069.110173895012,2020-08-08T12:07:44Z,45.37275000,7.80081667,688.00,46.289
4456,2,1320,1524.170901968813,-2068.110173895012,2020-08-08T12:07:45Z,45.37271667,7.80098333,689.00,46.276
4457,2,1321,1525.170901968813,-2067.110173895012,2020-08-08T12:07:46Z,45.37268333,7.80113333,691.00,46.265
4458,2,1322,1526.170901968813,-2066.110173895012,2020-08-08T12:07:47Z,45.37265000,7.80125000,693.00,46.255
4459,2,1323,1527.170901968813,-2065.110173895012,2020-08-08T12:07:48Z,45.37260000,7.80133333,693.00,46.247
4460,2,1324,1528.170901968813,-2064.110173895012,2020-08-08T12:07:49Z,45.37256667,7.80141667,694.00,46.239
4461,2,1325,1529.170901968813,-2063.110173895012,2020-08-08T12:07:50Z,45.37251667,7.80151667,692.00,46.23
4462,2,1326,1530.170901968813,-2062.110173895012,2020-08-08T12:07:51Z,45.37246667,7.80161667,689.00,46.22
4463,2,1327,1531.170901968813,-2061.110173895012,2020-08-08T12:07:52Z,45.37240000,7.80175000,688.00,46.207
4464,2,1328,1532.170901968813,-2060.110173895012,2020-08-08T12:07:53Z,45.37233333,7.80190000,688.00,46.193
4465,2,1329,1533.170901968813,-2059.110173895012,2020-08-08T12:07:54Z,45.37226667,7.80201667,688.00,46.182
4466,2,1330,1534.170901968813,-2058.110173895012,2020-08-08T12:07:55Z,45.37221667,7.80213333,688.00,46.171
4467,2,1331,1535.170901968813,-2057.110173895012,2020-08-08T12:07:56Z,45.37216667,7.80223333,687.00,46.162
4468,2,1332,1536.170901968813,-2056.110173895012,2020-08-08T12:07:57Z,45.37211667,7.80233333,687.00,46.152
4469,2,1333,1537.170901968813,-2055.110173895012,2020-08-08T12:07:58Z,45.37206667,7.80245000,684.00,46.141
4470,2,1334,1538.170901968813,-2054.110173895012,2020-08-08T12:07:59Z,45.37200000,7.80255000,684.00,46.131
4471,2,1335,1539.170901968813,-2053.110173895012,2020-08-08T12:08:00Z,45.37191667,7.80265000,682.00,46.119
4472,2,1336,1540.170901968813,-2052.110173895012,2020-08-08T12:08:01Z,45.37183333,7.80271667,681.00,46.109
4473,2,1337,1541.170901968813,-2051.110173895012,2020-08-08T12:08:02Z,45.37175000,7.80278333,682.00,46.099
4474,2,1338,1542.170901968813,-2050.110173895012,2020-08-08T12:08:03Z,45.37168333,7.80285000,681.00,46.091
4475,2,1339,1543.170901968813,-2049.110173895012,2020-08-08T12:08:04Z,45.37163333,7.80293333,681.00,46.082
4476,2,1340,1544.170901968813,-2048.110173895012,2020-08-08T12:08:05Z,45.37160000,7.80303333,681.00,46.074
4477,2,1341,1545.170901968813,-2047.110173895012,2020-08-08T12:08:06Z,45.37156667,7.80313333,680.00,46.065
4478,2,1342,1546.170901968813,-2046.110173895012,2020-08-08T12:08:07Z,45.37153333,7.80325000,679.00,46.056
4479,2,1343,1547.170901968813,-2045.110173895012,2020-08-08T12:08:08Z,45.37151667,7.80336667,678.00,46.047
4480,2,1344,1548.170901968813,-2044.110173895012,2020-08-08T12:08:09Z,45.37148333,7.80350000,677.00,46.037
4481,2,1345,1549.170901968813,-2043.110173895012,2020-08-08T12:08:10Z,45.37148333,7.80365000,676.00,46.028
4482,2,1346,1550.170901968813,-2042.110173895012,2020-08-08T12:08:11Z,45.37146667,7.80380000,677.00,46.017
4483,2,1347,1551.170901968813,-2041.110173895012,2020-08-08T12:08:12Z,45.37146667,7.80395000,677.00,46.007
4484,2,1348,1552.170901968813,-2040.110173895012,2020-08-08T12:08:13Z,45.37146667,7.80410000,677.00,45.998
4485,2,1349,1553.170901968813,-2039.110173895012,2020-08-08T12:08:14Z,45.37143333,7.80425000,677.00,45.986
4486,2,1350,1554.170901968813,-2038.110173895012,2020-08-08T12:08:15Z,45.37140000,7.80436667,678.00,45.977
4487,2,1351,1555.170901968813,-2037.110173895012,2020-08-08T12:08:16Z,45.37135000,7.80445000,680.00,45.968
4488,2,1352,1556.170901968813,-2036.110173895012,2020-08-08T12:08:17Z,45.37130000,7.80451667,682.00,45.961
4489,2,1353,1557.170901968813,-2035.110173895012,2020-08-08T12:08:18Z,45.37123333,7.80453333,682.00,45.955
4490,2,1354,1558.170901968813,-2034.110173895012,2020-08-08T12:08:19Z,45.37118333,7.80451667,682.00,45.953
4491,2,1355,1559.170901968813,-2033.110173895012,2020-08-08T12:08:20Z,45.37111667,7.80448333,682.00,45.951
4492,2,1356,1560.170901968813,-2032.110173895012,2020-08-08T12:08:21Z,45.37105000,7.80445000,684.00,45.949
4493,2,1357,1561.170901968813,-2031.110173895012,2020-08-08T12:08:22Z,45.37100000,7.80438333,684.00,45.949
4494,2,1358,1562.170901968813,-2030.110173895012,2020-08-08T12:08:23Z,45.37096667,7.80430000,685.00,45.952
4495,2,1359,1563.170901968813,-2029.110173895012,2020-08-08T12:08:24Z,45.37093333,7.80420000,686.00,45.956
4496,2,1360,1564.170901968813,-2028.110173895012,2020-08-08T12:08:25Z,45.37093333,7.80406667,686.00,45.965
4497,2,1361,1565.170901968813,-2027.110173895012,2020-08-08T12:08:26Z,45.37095000,7.80395000,688.00,45.973
4498,2,1362,1566.170901968813,-2026.110173895012,2020-08-08T12:08:27Z,45.37098333,7.80386667,689.00,45.98
4499,2,1363,1567.170901968813,-2025.110173895012,2020-08-08T12:08:28Z,45.37105000,7.80380000,690.00,45.989
4500,2,1364,1568.170901968813,-2024.110173895012,2020-08-08T12:08:29Z,45.37111667,7.80375000,690.00,45.997
4501,2,1365,1569.170901968813,-2023.110173895012,2020-08-08T12:08:30Z,45.37120000,7.80371667,689.00,46.004
4502,2,1366,1570.170901968813,-2022.110173895012,2020-08-08T12:08:31Z,45.37131667,7.80370000,689.00,46.013
4503,2,1367,1571.170901968813,-2021.110173895012,2020-08-08T12:08:32Z,45.37143333,7.80371667,689.00,46.02
4504,2,1368,1572.170901968813,-2020.110173895012,2020-08-08T12:08:33Z,45.37155000,7.80375000,689.00,46.026
4505,2,1369,1573.170901968813,-2019.110173895012,2020-08-08T12:08:34Z,45.37166667,7.80380000,689.00,46.03
4506,2,1370,1574.170901968813,-2018.110173895012,2020-08-08T12:08:35Z,45.37175000,7.80390000,690.00,46.029
4507,2,1371,1575.170901968813,-2017.110173895012,2020-08-08T12:08:36Z,45.37181667,7.80401667,690.00,46.027
4508,2,1372,1576.170901968813,-2016.110173895012,2020-08-08T12:08:37Z,45.37186667,7.80416667,690.00,46.021
4509,2,1373,1577.170901968813,-2015.110173895012,2020-08-08T12:08:38Z,45.37186667,7.80430000,691.00,46.013
4510,2,1374,1578.170901968813,-2014.110173895012,2020-08-08T12:08:39Z,45.37185000,7.80440000,692.00,46.006
4511,2,1375,1579.170901968813,-2013.110173895012,2020-08-08T12:08:40Z,45.37180000,7.80448333,692.00,45.997
4512,2,1376,1580.170901968813,-2012.110173895012,2020-08-08T12:08:41Z,45.37175000,7.80451667,693.00,45.991
4513,2,1377,1581.170901968813,-2011.110173895012,2020-08-08T12:08:42Z,45.37168333,7.80453333,695.00,45.986
4514,2,1378,1582.170901968813,-2010.110173895012,2020-08-08T12:08:43Z,45.37161667,7.80451667,696.00,45.982
4515,2,1379,1583.170901968813,-2009.110173895012,2020-08-08T12:08:44Z,45.37158333,7.80450000,696.00,45.981
4516,2,1380,1584.170901968813,-2008.110173895012,2020-08-08T12:08:45Z,45.37151667,7.80448333,697.00,45.977
4517,2,1381,1585.170901968813,-2007.110173895012,2020-08-08T12:08:46Z,45.37145000,7.80446667,697.00,45.974
4518,2,1382,1586.170901968813,-2006.110173895012,2020-08-08T12:08:47Z,45.37138333,7.80443333,698.00,45.971
4519,2,1383,1587.170901968813,-2005.110173895012,2020-08-08T12:08:48Z,45.37130000,7.80440000,698.00,45.968
4520,2,1384,1588.170901968813,-2004.110173895012,2020-08-08T12:08:49Z,45.37123333,7.80438333,699.00,45.965
4521,2,1385,1589.170901968813,-2003.110173895012,2020-08-08T12:08:50Z,45.37116667,7.80435000,702.00,45.963
4522,2,1386,1590.170901968813,-2002.110173895012,2020-08-08T12:08:51Z,45.37110000,7.80431667,702.00,45.96
4523,2,1387,1591.170901968813,-2001.110173895012,2020-08-08T12:08:52Z,45.37103333,7.80428333,704.00,45.958
4524,2,1388,1592.170901968813,-2000.110173895012,2020-08-08T12:08:53Z,45.37098333,7.80426667,706.00,45.955
4525,2,1389,1593.170901968813,-1999.110173895012,2020-08-08T12:08:54Z,45.37090000,7.80430000,707.00,45.948
4526,2,1390,1594.170901968813,-1998.110173895012,2020-08-08T12:08:55Z,45.37083333,7.80436667,708.00,45.939
4527,2,1391,1595.170901968813,-1997.110173895012,2020-08-08T12:08:56Z,45.37078333,7.80445000,710.00,45.931
4528,2,1392,1596.170901968813,-1996.110173895012,2020-08-08T12:08:57Z,45.37071667,7.80455000,711.00,45.92
4529,2,1393,1597.170901968813,-1995.110173895012,2020-08-08T12:08:58Z,45.37065000,7.80460000,714.00,45.912
4530,2,1394,1598.170901968813,-1994.110173895012,2020-08-08T12:08:59Z,45.37058333,7.80460000,716.00,45.908
4531,2,1395,1599.170901968813,-1993.110173895012,2020-08-08T12:09:00Z,45.37053333,7.80453333,717.00,45.909
4532,2,1396,1600.170901968813,-1992.110173895012,2020-08-08T12:09:01Z,45.37048333,7.80443333,719.00,45.912
4533,2,1397,1601.170901968813,-1991.110173895012,2020-08-08T12:09:02Z,45.37043333,7.80433333,720.00,45.916
4534,2,1398,1602.170901968813,-1990.110173895012,2020-08-08T12:09:03Z,45.37040000,7.80423333,721.00,45.92
4535,2,1399,1603.170901968813,-1989.110173895012,2020-08-08T12:09:04Z,45.37035000,7.80415000,723.00,45.923
4536,2,1400,1604.170901968813,-1988.110173895012,2020-08-08T12:09:05Z,45.37031667,7.80406667,725.00,45.926
4537,2,1401,1605.170901968813,-1987.110173895012,2020-08-08T12:09:06Z,45.37028333,7.80398333,728.00,45.93
4538,2,1402,1606.170901968813,-1986.110173895012,2020-08-08T12:09:07Z,45.37026667,7.80388333,731.00,45.936
4539,2,1403,1607.170901968813,-1985.110173895012,2020-08-08T12:09:08Z,45.37026667,7.80378333,733.00,45.942
4540,2,1404,1608.170901968813,-1984.110173895012,2020-08-08T12:09:09Z,45.37026667,7.80368333,734.00,45.949
4541,2,1405,1609.170901968813,-1983.110173895012,2020-08-08T12:09:10Z,45.37023333,7.80358333,736.00,45.954
4542,2,1406,1610.170901968813,-1982.110173895012,2020-08-08T12:09:11Z,45.37020000,7.80346667,738.00,45.96
4543,2,1407,1611.170901968813,-1981.110173895012,2020-08-08T12:09:12Z,45.37013333,7.80338333,740.00,45.962
4544,2,1408,1612.170901968813,-1980.110173895012,2020-08-08T12:09:13Z,45.37008333,7.80333333,742.00,45.963
4545,2,1409,1613.170901968813,-1979.110173895012,2020-08-08T12:09:14Z,45.37003333,7.80331667,745.00,45.962
4546,2,1410,1614.170901968813,-1978.110173895012,2020-08-08T12:09:15Z,45.36995000,7.80333333,747.00,45.956
4547,2,1411,1615.170901968813,-1977.110173895012,2020-08-08T12:09:16Z,45.36986667,7.80340000,748.00,45.947
4548,2,1412,1616.170901968813,-1976.110173895012,2020-08-08T12:09:17Z,45.36980000,7.80353333,750.00,45.934
4549,2,1413,1617.170901968813,-1975.110173895012,2020-08-08T12:09:18Z,45.36975000,7.80368333,752.00,45.921
4550,2,1414,1618.170901968813,-1974.110173895012,2020-08-08T12:09:19Z,45.36976667,7.80383333,754.00,45.912
4551,2,1415,1619.170901968813,-1973.110173895012,2020-08-08T12:09:20Z,45.36983333,7.80398333,756.00,45.905
4552,2,1416,1620.170901968813,-1972.110173895012,2020-08-08T12:09:21Z,45.36990000,7.80408333,758.00,45.902
4553,2,1417,1621.170901968813,-1971.110173895012,2020-08-08T12:09:22Z,45.37000000,7.80416667,760.00,45.902
4554,2,1418,1622.170901968813,-1970.110173895012,2020-08-08T12:09:23Z,45.37008333,7.80420000,762.00,45.904
4555,2,1419,1623.170901968813,-1969.110173895012,2020-08-08T12:09:24Z,45.37018333,7.80420000,764.00,45.91
4556,2,1420,1624.170901968813,-1968.110173895012,2020-08-08T12:09:25Z,45.37028333,7.80415000,765.00,45.919
4557,2,1421,1625.170901968813,-1967.110173895012,2020-08-08T12:09:26Z,45.37036667,7.80405000,765.00,45.93
4558,2,1422,1626.170901968813,-1966.110173895012,2020-08-08T12:09:27Z,45.37043333,7.80391667,766.00,45.943
4559,2,1423,1627.170901968813,-1965.110173895012,2020-08-08T12:09:28Z,45.37043333,7.80375000,768.00,45.954
4560,2,1424,1628.170901968813,-1964.110173895012,2020-08-08T12:09:29Z,45.37041667,7.80363333,771.00,45.961
4561,2,1425,1629.170901968813,-1963.110173895012,2020-08-08T12:09:30Z,45.37040000,7.80355000,776.00,45.966
4562,2,1426,1630.170901968813,-1962.110173895012,2020-08-08T12:09:31Z,45.37038333,7.80351667,780.00,45.967
4563,2,1427,1631.170901968813,-1961.110173895012,2020-08-08T12:09:32Z,45.37038333,7.80346667,782.00,45.97
4564,2,1428,1632.170901968813,-1960.110173895012,2020-08-08T12:09:33Z,45.37035000,7.80341667,783.00,45.972
4565,2,1429,1633.170901968813,-1959.110173895012,2020-08-08T12:09:34Z,45.37031667,7.80333333,782.00,45.976
4566,2,1430,1634.170901968813,-1958.110173895012,2020-08-08T12:09:35Z,45.37026667,7.80325000,782.00,45.979
4567,2,1431,1635.170901968813,-1957.110173895012,2020-08-08T12:09:36Z,45.37020000,7.80318333,783.00,45.98
4568,2,1432,1636.170901968813,-1956.110173895012,2020-08-08T12:09:37Z,45.37011667,7.80316667,785.00,45.977
4569,2,1433,1637.170901968813,-1955.110173895012,2020-08-08T12:09:38Z,45.37005000,7.80318333,786.00,45.972
4570,2,1434,1638.170901968813,-1954.110173895012,2020-08-08T12:09:39Z,45.36996667,7.80323333,786.00,45.964
4571,2,1435,1639.170901968813,-1953.110173895012,2020-08-08T12:09:40Z,45.36990000,7.80330000,787.00,45.956
4572,2,1436,1640.170901968813,-1952.110173895012,2020-08-08T12:09:41Z,45.36985000,7.80341667,788.00,45.945
4573,2,1437,1641.170901968813,-1951.110173895012,2020-08-08T12:09:42Z,45.36981667,7.80355000,790.00,45.934
4574,2,1438,1642.170901968813,-1950.110173895012,2020-08-08T12:09:43Z,45.36980000,7.80370000,790.00,45.923
4575,2,1439,1643.170901968813,-1949.110173895012,2020-08-08T12:09:44Z,45.36983333,7.80385000,790.00,45.915
4576,2,1440,1644.170901968813,-1948.110173895012,2020-08-08T12:09:45Z,45.36988333,7.80400000,792.00,45.907
4577,2,1441,1645.170901968813,-1947.110173895012,2020-08-08T12:09:46Z,45.36996667,7.80411667,793.00,45.903
4578,2,1442,1646.170901968813,-1946.110173895012,2020-08-08T12:09:47Z,45.37006667,7.80420000,796.00,45.903
4579,2,1443,1647.170901968813,-1945.110173895012,2020-08-08T12:09:48Z,45.37015000,7.80425000,798.00,45.904
4580,2,1444,1648.170901968813,-1944.110173895012,2020-08-08T12:09:49Z,45.37025000,7.80426667,799.00,45.909
4581,2,1445,1649.170901968813,-1943.110173895012,2020-08-08T12:09:50Z,45.37033333,7.80423333,799.00,45.916
4582,2,1446,1650.170901968813,-1942.110173895012,2020-08-08T12:09:51Z,45.37041667,7.80418333,801.00,45.924
4583,2,1447,1651.170901968813,-1941.110173895012,2020-08-08T12:09:52Z,45.37048333,7.80410000,801.00,45.934
4584,2,1448,1652.170901968813,-1940.110173895012,2020-08-08T12:09:53Z,45.37053333,7.80398333,802.00,45.945
4585,2,1449,1653.170901968813,-1939.110173895012,2020-08-08T12:09:54Z,45.37053333,7.80386667,803.00,45.952
4586,2,1450,1654.170901968813,-1938.110173895012,2020-08-08T12:09:55Z,45.37050000,7.80375000,805.00,45.958
4587,2,1451,1655.170901968813,-1937.110173895012,2020-08-08T12:09:56Z,45.37045000,7.80368333,806.00,45.959
4588,2,1452,1656.170901968813,-1936.110173895012,2020-08-08T12:09:57Z,45.37036667,7.80365000,806.00,45.957
4589,2,1453,1657.170901968813,-1935.110173895012,2020-08-08T12:09:58Z,45.37028333,7.80370000,807.00,45.949
4590,2,1454,1658.170901968813,-1934.110173895012,2020-08-08T12:09:59Z,45.37021667,7.80378333,807.00,45.94
4591,2,1455,1659.170901968813,-1933.110173895012,2020-08-08T12:10:00Z,45.37018333,7.80391667,808.00,45.929
4592,2,1456,1660.170901968813,-1932.110173895012,2020-08-08T12:10:01Z,45.37018333,7.80406667,809.00,45.919
4593,2,1457,1661.170901968813,-1931.110173895012,2020-08-08T12:10:02Z,45.37025000,7.80420000,809.00,45.913
4594,2,1458,1662.170901968813,-1930.110173895012,2020-08-08T12:10:03Z,45.37033333,7.80430000,812.00,45.912
4595,2,1459,1663.170901968813,-1929.110173895012,2020-08-08T12:10:04Z,45.37043333,7.80435000,812.00,45.914
4596,2,1460,1664.170901968813,-1928.110173895012,2020-08-08T12:10:05Z,45.37055000,7.80435000,813.00,45.922
4597,2,1461,1665.170901968813,-1927.110173895012,2020-08-08T12:10:06Z,45.37063333,7.80433333,815.00,45.928
4598,2,1462,1666.170901968813,-1926.110173895012,2020-08-08T12:10:07Z,45.37071667,7.80426667,815.00,45.938
4599,2,1463,1667.170901968813,-1925.110173895012,2020-08-08T12:10:08Z,45.37080000,7.80418333,816.00,45.948
4600,2,1464,1668.170901968813,-1924.110173895012,2020-08-08T12:10:09Z,45.37085000,7.80406667,817.00,45.959
4601,2,1465,1669.170901968813,-1923.110173895012,2020-08-08T12:10:10Z,45.37085000,7.80393333,817.00,45.968
4602,2,1466,1670.170901968813,-1922.110173895012,2020-08-08T12:10:11Z,45.37080000,7.80385000,817.00,45.97
4603,2,1467,1671.170901968813,-1921.110173895012,2020-08-08T12:10:12Z,45.37071667,7.80381667,816.00,45.967
4604,2,1468,1672.170901968813,-1920.110173895012,2020-08-08T12:10:13Z,45.37060000,7.80385000,817.00,45.957
4605,2,1469,1673.170901968813,-1919.110173895012,2020-08-08T12:10:14Z,45.37053333,7.80396667,816.00,45.946
4606,2,1470,1674.170901968813,-1918.110173895012,2020-08-08T12:10:15Z,45.37050000,7.80411667,817.00,45.934
4607,2,1471,1675.170901968813,-1917.110173895012,2020-08-08T12:10:16Z,45.37050000,7.80426667,819.00,45.924
4608,2,1472,1676.170901968813,-1916.110173895012,2020-08-08T12:10:17Z,45.37051667,7.80438333,821.00,45.918
4609,2,1473,1677.170901968813,-1915.110173895012,2020-08-08T12:10:18Z,45.37051667,7.80450000,823.00,45.91
4610,2,1474,1678.170901968813,-1914.110173895012,2020-08-08T12:10:19Z,45.37051667,7.80461667,823.00,45.903
4611,2,1475,1679.170901968813,-1913.110173895012,2020-08-08T12:10:20Z,45.37051667,7.80473333,822.00,45.895
4612,2,1476,1680.170901968813,-1912.110173895012,2020-08-08T12:10:21Z,45.37051667,7.80485000,822.00,45.888
4613,2,1477,1681.170901968813,-1911.110173895012,2020-08-08T12:10:22Z,45.37055000,7.80496667,822.00,45.883
4614,2,1478,1682.170901968813,-1910.110173895012,2020-08-08T12:10:23Z,45.37058333,7.80510000,821.00,45.877
4615,2,1479,1683.170901968813,-1909.110173895012,2020-08-08T12:10:24Z,45.37061667,7.80525000,820.00,45.87
4616,2,1480,1684.170901968813,-1908.110173895012,2020-08-08T12:10:25Z,45.37065000,7.80540000,820.00,45.863
4617,2,1481,1685.170901968813,-1907.110173895012,2020-08-08T12:10:26Z,45.37068333,7.80555000,821.00,45.855
4618,2,1482,1686.170901968813,-1906.110173895012,2020-08-08T12:10:27Z,45.37073333,7.80568333,823.00,45.85
4619,2,1483,1687.170901968813,-1905.110173895012,2020-08-08T12:10:28Z,45.37080000,7.80581667,825.00,45.846
4620,2,1484,1688.170901968813,-1904.110173895012,2020-08-08T12:10:29Z,45.37086667,7.80593333,828.00,45.844
4621,2,1485,1689.170901968813,-1903.110173895012,2020-08-08T12:10:30Z,45.37095000,7.80603333,831.00,45.843
4622,2,1486,1690.170901968813,-1902.110173895012,2020-08-08T12:10:31Z,45.37103333,7.80608333,834.00,45.847
4623,2,1487,1691.170901968813,-1901.110173895012,2020-08-08T12:10:32Z,45.37113333,7.80610000,836.00,45.853
4624,2,1488,1692.170901968813,-1900.110173895012,2020-08-08T12:10:33Z,45.37123333,7.80608333,838.00,45.861
4625,2,1489,1693.170901968813,-1899.110173895012,2020-08-08T12:10:34Z,45.37131667,7.80601667,838.00,45.871
4626,2,1490,1694.170901968813,-1898.110173895012,2020-08-08T12:10:35Z,45.37138333,7.80590000,839.00,45.883
4627,2,1491,1695.170901968813,-1897.110173895012,2020-08-08T12:10:36Z,45.37141667,7.80576667,840.00,45.893
4628,2,1492,1696.170901968813,-1896.110173895012,2020-08-08T12:10:37Z,45.37141667,7.80565000,843.00,45.9
4629,2,1493,1697.170901968813,-1895.110173895012,2020-08-08T12:10:38Z,45.37140000,7.80555000,846.00,45.905
4630,2,1494,1698.170901968813,-1894.110173895012,2020-08-08T12:10:39Z,45.37135000,7.80548333,848.00,45.905
4631,2,1495,1699.170901968813,-1893.110173895012,2020-08-08T12:10:40Z,45.37128333,7.80543333,850.00,45.903
4632,2,1496,1700.170901968813,-1892.110173895012,2020-08-08T12:10:41Z,45.37120000,7.80545000,852.00,45.896
4633,2,1497,1701.170901968813,-1891.110173895012,2020-08-08T12:10:42Z,45.37113333,7.80553333,854.00,45.887
4634,2,1498,1702.170901968813,-1890.110173895012,2020-08-08T12:10:43Z,45.37110000,7.80563333,855.00,45.878
4635,2,1499,1703.170901968813,-1889.110173895012,2020-08-08T12:10:44Z,45.37110000,7.80578333,858.00,45.869
4636,2,1500,1704.170901968813,-1888.110173895012,2020-08-08T12:10:45Z,45.37113333,7.80591667,860.00,45.864
4637,2,1501,1705.170901968813,-1887.110173895012,2020-08-08T12:10:46Z,45.37121667,7.80603333,862.00,45.863
4638,2,1502,1706.170901968813,-1886.110173895012,2020-08-08T12:10:47Z,45.37130000,7.80611667,865.00,45.864
4639,2,1503,1707.170901968813,-1885.110173895012,2020-08-08T12:10:48Z,45.37140000,7.80615000,868.00,45.87
4640,2,1504,1708.170901968813,-1884.110173895012,2020-08-08T12:10:49Z,45.37150000,7.80613333,869.00,45.879
4641,2,1505,1709.170901968813,-1883.110173895012,2020-08-08T12:10:50Z,45.37160000,7.80610000,870.00,45.889
4642,2,1506,1710.170901968813,-1882.110173895012,2020-08-08T12:10:51Z,45.37170000,7.80601667,871.00,45.901
4643,2,1507,1711.170901968813,-1881.110173895012,2020-08-08T12:10:52Z,45.37176667,7.80591667,873.00,45.912
4644,2,1508,1712.170901968813,-1880.110173895012,2020-08-08T12:10:53Z,45.37183333,7.80580000,875.00,45.924
4645,2,1509,1713.170901968813,-1879.110173895012,2020-08-08T12:10:54Z,45.37185000,7.80565000,876.00,45.933
4646,2,1510,1714.170901968813,-1878.110173895012,2020-08-08T12:10:55Z,45.37185000,7.80551667,878.00,45.941
4647,2,1511,1715.170901968813,-1877.110173895012,2020-08-08T12:10:56Z,45.37181667,7.80541667,880.00,45.944
4648,2,1512,1716.170901968813,-1876.110173895012,2020-08-08T12:10:57Z,45.37175000,7.80535000,883.00,45.942
4649,2,1513,1717.170901968813,-1875.110173895012,2020-08-08T12:10:58Z,45.37168333,7.80533333,885.00,45.938
4650,2,1514,1718.170901968813,-1874.110173895012,2020-08-08T12:10:59Z,45.37161667,7.80536667,885.00,45.931
4651,2,1515,1719.170901968813,-1873.110173895012,2020-08-08T12:11:00Z,45.37155000,7.80546667,885.00,45.921
4652,2,1516,1720.170901968813,-1872.110173895012,2020-08-08T12:11:01Z,45.37150000,7.80560000,886.00,45.909
4653,2,1517,1721.170901968813,-1871.110173895012,2020-08-08T12:11:02Z,45.37150000,7.80575000,888.00,45.901
4654,2,1518,1722.170901968813,-1870.110173895012,2020-08-08T12:11:03Z,45.37151667,7.80586667,891.00,45.895
4655,2,1519,1723.170901968813,-1869.110173895012,2020-08-08T12:11:04Z,45.37155000,7.80596667,894.00,45.892
4656,2,1520,1724.170901968813,-1868.110173895012,2020-08-08T12:11:05Z,45.37161667,7.80605000,896.00,45.893
4657,2,1521,1725.170901968813,-1867.110173895012,2020-08-08T12:11:06Z,45.37170000,7.80610000,897.00,45.897
4658,2,1522,1726.170901968813,-1866.110173895012,2020-08-08T12:11:07Z,45.37181667,7.80610000,897.00,45.906
4659,2,1523,1727.170901968813,-1865.110173895012,2020-08-08T12:11:08Z,45.37195000,7.80605000,898.00,45.919
4660,2,1524,1728.170901968813,-1864.110173895012,2020-08-08T12:11:09Z,45.37203333,7.80593333,898.00,45.932
4661,2,1525,1729.170901968813,-1863.110173895012,2020-08-08T12:11:10Z,45.37206667,7.80578333,898.00,45.943
4662,2,1526,1730.170901968813,-1862.110173895012,2020-08-08T12:11:11Z,45.37205000,7.80563333,899.00,45.95
4663,2,1527,1731.170901968813,-1861.110173895012,2020-08-08T12:11:12Z,45.37195000,7.80553333,900.00,45.947
4664,2,1528,1732.170901968813,-1860.110173895012,2020-08-08T12:11:13Z,45.37185000,7.80550000,901.00,45.941
4665,2,1529,1733.170901968813,-1859.110173895012,2020-08-08T12:11:14Z,45.37178333,7.80551667,904.00,45.935
4666,2,1530,1734.170901968813,-1858.110173895012,2020-08-08T12:11:15Z,45.37173333,7.80556667,906.00,45.929
4667,2,1531,1735.170901968813,-1857.110173895012,2020-08-08T12:11:16Z,45.37170000,7.80561667,909.00,45.923
4668,2,1532,1736.170901968813,-1856.110173895012,2020-08-08T12:11:17Z,45.37168333,7.80568333,910.00,45.918
4669,2,1533,1737.170901968813,-1855.110173895012,2020-08-08T12:11:18Z,45.37163333,7.80578333,910.00,45.909
4670,2,1534,1738.170901968813,-1854.110173895012,2020-08-08T12:11:19Z,45.37160000,7.80588333,911.00,45.901
4671,2,1535,1739.170901968813,-1853.110173895012,2020-08-08T12:11:20Z,45.37158333,7.80601667,913.00,45.892
4672,2,1536,1740.170901968813,-1852.110173895012,2020-08-08T12:11:21Z,45.37161667,7.80615000,914.00,45.887
4673,2,1537,1741.170901968813,-1851.110173895012,2020-08-08T12:11:22Z,45.37168333,7.80625000,915.00,45.887
4674,2,1538,1742.170901968813,-1850.110173895012,2020-08-08T12:11:23Z,45.37180000,7.80630000,917.00,45.893
4675,2,1539,1743.170901968813,-1849.110173895012,2020-08-08T12:11:24Z,45.37191667,7.80630000,918.00,45.902
4676,2,1540,1744.170901968813,-1848.110173895012,2020-08-08T12:11:25Z,45.37200000,7.80621667,920.00,45.913
4677,2,1541,1745.170901968813,-1847.110173895012,2020-08-08T12:11:26Z,45.37206667,7.80608333,922.00,45.926
4678,2,1542,1746.170901968813,-1846.110173895012,2020-08-08T12:11:27Z,45.37205000,7.80595000,922.00,45.932
4679,2,1543,1747.170901968813,-1845.110173895012,2020-08-08T12:11:28Z,45.37201667,7.80583333,923.00,45.936
4680,2,1544,1748.170901968813,-1844.110173895012,2020-08-08T12:11:29Z,45.37193333,7.80578333,924.00,45.932
4681,2,1545,1749.170901968813,-1843.110173895012,2020-08-08T12:11:30Z,45.37185000,7.80576667,926.00,45.927
4682,2,1546,1750.170901968813,-1842.110173895012,2020-08-08T12:11:31Z,45.37178333,7.80581667,928.00,45.919
4683,2,1547,1751.170901968813,-1841.110173895012,2020-08-08T12:11:32Z,45.37171667,7.80590000,929.00,45.909
4684,2,1548,1752.170901968813,-1840.110173895012,2020-08-08T12:11:33Z,45.37165000,7.80598333,931.00,45.899
4685,2,1549,1753.170901968813,-1839.110173895012,2020-08-08T12:11:34Z,45.37160000,7.80606667,932.00,45.89
4686,2,1550,1754.170901968813,-1838.110173895012,2020-08-08T12:11:35Z,45.37156667,7.80613333,933.00,45.884
4687,2,1551,1755.170901968813,-1837.110173895012,2020-08-08T12:11:36Z,45.37151667,7.80621667,933.00,45.876
4688,2,1552,1756.170901968813,-1836.110173895012,2020-08-08T12:11:37Z,45.37150000,7.80631667,933.00,45.869
4689,2,1553,1757.170901968813,-1835.110173895012,2020-08-08T12:11:38Z,45.37148333,7.80643333,933.00,45.861
4690,2,1554,1758.170901968813,-1834.110173895012,2020-08-08T12:11:39Z,45.37145000,7.80653333,933.00,45.853
4691,2,1555,1759.170901968813,-1833.110173895012,2020-08-08T12:11:40Z,45.37141667,7.80665000,933.00,45.844
4692,2,1556,1760.170901968813,-1832.110173895012,2020-08-08T12:11:41Z,45.37133333,7.80676667,933.00,45.831
4693,2,1557,1761.170901968813,-1831.110173895012,2020-08-08T12:11:42Z,45.37125000,7.80686667,934.00,45.819
4694,2,1558,1762.170901968813,-1830.110173895012,2020-08-08T12:11:43Z,45.37116667,7.80696667,937.00,45.807
4695,2,1559,1763.170901968813,-1829.110173895012,2020-08-08T12:11:44Z,45.37110000,7.80705000,941.00,45.797
4696,2,1560,1764.170901968813,-1828.110173895012,2020-08-08T12:11:45Z,45.37105000,7.80713333,943.00,45.789
4697,2,1561,1765.170901968813,-1827.110173895012,2020-08-08T12:11:46Z,45.37101667,7.80718333,946.00,45.783
4698,2,1562,1766.170901968813,-1826.110173895012,2020-08-08T12:11:47Z,45.37095000,7.80725000,946.00,45.774
4699,2,1563,1767.170901968813,-1825.110173895012,2020-08-08T12:11:48Z,45.37090000,7.80730000,946.00,45.767
4700,2,1564,1768.170901968813,-1824.110173895012,2020-08-08T12:11:49Z,45.37083333,7.80738333,945.00,45.758
4701,2,1565,1769.170901968813,-1823.110173895012,2020-08-08T12:11:50Z,45.37075000,7.80746667,943.00,45.746
4702,2,1566,1770.170901968813,-1822.110173895012,2020-08-08T12:11:51Z,45.37065000,7.80755000,941.00,45.734
4703,2,1567,1771.170901968813,-1821.110173895012,2020-08-08T12:11:52Z,45.37056667,7.80763333,939.00,45.723
4704,2,1568,1772.170901968813,-1820.110173895012,2020-08-08T12:11:53Z,45.37046667,7.80770000,938.00,45.711
4705,2,1569,1773.170901968813,-1819.110173895012,2020-08-08T12:11:54Z,45.37036667,7.80775000,938.00,45.7
4706,2,1570,1774.170901968813,-1818.110173895012,2020-08-08T12:11:55Z,45.37028333,7.80783333,936.00,45.689
4707,2,1571,1775.170901968813,-1817.110173895012,2020-08-08T12:11:56Z,45.37018333,7.80791667,933.00,45.677
4708,2,1572,1776.170901968813,-1816.110173895012,2020-08-08T12:11:57Z,45.37006667,7.80801667,930.00,45.662
4709,2,1573,1777.170901968813,-1815.110173895012,2020-08-08T12:11:58Z,45.36995000,7.80813333,925.00,45.647
4710,2,1574,1778.170901968813,-1814.110173895012,2020-08-08T12:11:59Z,45.36981667,7.80825000,922.00,45.63
4711,2,1575,1779.170901968813,-1813.110173895012,2020-08-08T12:12:00Z,45.36970000,7.80838333,919.00,45.614
4712,2,1576,1780.170901968813,-1812.110173895012,2020-08-08T12:12:01Z,45.36956667,7.80850000,917.00,45.597
4713,2,1577,1781.170901968813,-1811.110173895012,2020-08-08T12:12:02Z,45.36945000,7.80858333,916.00,45.584
4714,2,1578,1782.170901968813,-1810.110173895012,2020-08-08T12:12:03Z,45.36933333,7.80868333,915.00,45.569
4715,2,1579,1783.170901968813,-1809.110173895012,2020-08-08T12:12:04Z,45.36923333,7.80876667,914.00,45.557
4716,2,1580,1784.170901968813,-1808.110173895012,2020-08-08T12:12:05Z,45.36911667,7.80886667,912.00,45.543
4717,2,1581,1785.170901968813,-1807.110173895012,2020-08-08T12:12:06Z,45.36900000,7.80898333,909.00,45.528
4718,2,1582,1786.170901968813,-1806.110173895012,2020-08-08T12:12:07Z,45.36888333,7.80910000,905.00,45.513
4719,2,1583,1787.170901968813,-1805.110173895012,2020-08-08T12:12:08Z,45.36875000,7.80920000,903.00,45.498
4720,2,1584,1788.170901968813,-1804.110173895012,2020-08-08T12:12:09Z,45.36861667,7.80928333,900.00,45.485
4721,2,1585,1789.170901968813,-1803.110173895012,2020-08-08T12:12:10Z,45.36846667,7.80935000,896.00,45.471
4722,2,1586,1790.170901968813,-1802.110173895012,2020-08-08T12:12:11Z,45.36833333,7.80941667,894.00,45.457
4723,2,1587,1791.170901968813,-1801.110173895012,2020-08-08T12:12:12Z,45.36818333,7.80950000,891.00,45.442
4724,2,1588,1792.170901968813,-1800.110173895012,2020-08-08T12:12:13Z,45.36805000,7.80958333,888.00,45.427
4725,2,1589,1793.170901968813,-1799.110173895012,2020-08-08T12:12:14Z,45.36791667,7.80968333,884.00,45.413
4726,2,1590,1794.170901968813,-1798.110173895012,2020-08-08T12:12:15Z,45.36778333,7.80980000,881.00,45.397
4727,2,1591,1795.170901968813,-1797.110173895012,2020-08-08T12:12:16Z,45.36763333,7.80990000,878.00,45.383
4728,2,1592,1796.170901968813,-1796.110173895012,2020-08-08T12:12:17Z,45.36750000,7.81001667,877.00,45.369
4729,2,1593,1797.170901968813,-1795.110173895012,2020-08-08T12:12:18Z,45.36736667,7.81011667,873.00,45.358
4730,2,1594,1798.170901968813,-1794.110173895012,2020-08-08T12:12:19Z,45.36723333,7.81023333,872.00,45.343
4731,2,1595,1799.170901968813,-1793.110173895012,2020-08-08T12:12:20Z,45.36711667,7.81035000,871.00,45.327
4732,3,1,1800.170901968813,-1792.110173895012,2020-08-08T12:12:21Z,45.36700000,7.81046667,870.00,45.314
4733,3,2,1801.170901968813,-1791.110173895012,2020-08-08T12:12:22Z,45.36688333,7.81058333,868.00,45.325
4734,3,3,1802.170901968813,-1790.110173895012,2020-08-08T12:12:23Z,45.36676667,7.81063333,865.00,45.336
4735,3,4,1803.170901968813,-1789.110173895012,2020-08-08T12:12:24Z,45.36665000,7.81063333,864.00,45.349
4736,3,5,1804.170901968813,-1788.110173895012,2020-08-08T12:12:25Z,45.36656667,7.81053333,862.00,45.36
4737,3,6,1805.170901968813,-1787.110173895012,2020-08-08T12:12:26Z,45.36655000,7.81040000,861.00,45.364
4738,3,7,1806.170901968813,-1786.110173895012,2020-08-08T12:12:27Z,45.36658333,7.81026667,860.00,45.362
4739,3,8,1807.170901968813,-1785.110173895012,2020-08-08T12:12:28Z,45.36663333,7.81015000,858.00,45.359
4740,3,9,1808.170901968813,-1784.110173895012,2020-08-08T12:12:29Z,45.36671667,7.81008333,856.00,45.351
4741,3,10,1809.170901968813,-1783.110173895012,2020-08-08T12:12:30Z,45.36680000,7.81001667,855.00,45.343
4742,3,11,1810.170901968813,-1782.110173895012,2020-08-08T12:12:31Z,45.36691667,7.80996667,853.00,45.331
4743,3,12,1811.170901968813,-1781.110173895012,2020-08-08T12:12:32Z,45.36701667,7.80990000,848.00,45.322
4744,3,13,1812.170901968813,-1780.110173895012,2020-08-08T12:12:33Z,45.36715000,7.80980000,843.00,45.309
4745,3,14,1813.170901968813,-1779.110173895012,2020-08-08T12:12:34Z,45.36728333,7.80968333,838.00,45.296
4746,3,15,1814.170901968813,-1778.110173895012,2020-08-08T12:12:35Z,45.36743333,7.80955000,834.00,45.282
4747,3,16,1815.170901968813,-1777.110173895012,2020-08-08T12:12:36Z,45.36755000,7.80945000,834.00,45.271
4748,3,17,1816.170901968813,-1776.110173895012,2020-08-08T12:12:37Z,45.36763333,7.80938333,836.00,45.263
4749,3,18,1817.170901968813,-1775.110173895012,2020-08-08T12:12:38Z,45.36766667,7.80935000,838.00,45.26
4750,3,19,1818.170901968813,-1774.110173895012,2020-08-08T12:12:39Z,45.36771667,7.80931667,837.00,45.256
4751,3,20,1819.170901968813,-1773.110173895012,2020-08-08T12:12:40Z,45.36776667,7.80928333,834.00,45.251
4752,3,21,1820.170901968813,-1772.110173895012,2020-08-08T12:12:41Z,45.36785000,7.80921667,828.00,45.243
4753,3,22,1821.170901968813,-1771.110173895012,2020-08-08T12:12:42Z,45.36796667,7.80913333,822.00,45.232
4754,3,23,1822.170901968813,-1770.110173895012,2020-08-08T12:12:43Z,45.36811667,7.80900000,818.00,45.218
4755,3,24,1823.170901968813,-1769.110173895012,2020-08-08T12:12:44Z,45.36825000,7.80888333,815.00,45.205
4756,3,25,1824.170901968813,-1768.110173895012,2020-08-08T12:12:45Z,45.36836667,7.80876667,815.00,45.195
4757,3,26,1825.170901968813,-1767.110173895012,2020-08-08T12:12:46Z,45.36846667,7.80866667,815.00,45.186
4758,3,27,1826.170901968813,-1766.110173895012,2020-08-08T12:12:47Z,45.36856667,7.80858333,816.00,45.176
4759,3,28,1827.170901968813,-1765.110173895012,2020-08-08T12:12:48Z,45.36866667,7.80851667,817.00,45.167
4760,3,29,1828.170901968813,-1764.110173895012,2020-08-08T12:12:49Z,45.36876667,7.80845000,816.00,45.157
4761,3,30,1829.170901968813,-1763.110173895012,2020-08-08T12:12:50Z,45.36886667,7.80836667,814.00,45.148
4762,3,31,1830.170901968813,-1762.110173895012,2020-08-08T12:12:51Z,45.36898333,7.80828333,811.00,45.136
4763,3,32,1831.170901968813,-1761.110173895012,2020-08-08T12:12:52Z,45.36911667,7.80820000,809.00,45.124
4764,3,33,1832.170901968813,-1760.110173895012,2020-08-08T12:12:53Z,45.36925000,7.80811667,807.00,45.111
4765,3,34,1833.170901968813,-1759.110173895012,2020-08-08T12:12:54Z,45.36936667,7.80803333,805.00,45.099
4766,3,35,1834.170901968813,-1758.110173895012,2020-08-08T12:12:55Z,45.36948333,7.80793333,805.00,45.089
4767,3,36,1835.170901968813,-1757.110173895012,2020-08-08T12:12:56Z,45.36960000,7.80785000,803.00,45.078
4768,3,37,1836.170901968813,-1756.110173895012,2020-08-08T12:12:57Z,45.36971667,7.80776667,802.00,45.066
4769,3,38,1837.170901968813,-1755.110173895012,2020-08-08T12:12:58Z,45.36985000,7.80766667,800.00,45.054
4770,3,39,1838.170901968813,-1754.110173895012,2020-08-08T12:12:59Z,45.36996667,7.80758333,797.00,45.043
4771,3,40,1839.170901968813,-1753.110173895012,2020-08-08T12:13:00Z,45.37010000,7.80748333,794.00,45.03
4772,3,41,1840.170901968813,-1752.110173895012,2020-08-08T12:13:01Z,45.37025000,7.80738333,793.00,45.016
4773,3,42,1841.170901968813,-1751.110173895012,2020-08-08T12:13:02Z,45.37038333,7.80728333,792.00,45.003
4774,3,43,1842.170901968813,-1750.110173895012,2020-08-08T12:13:03Z,45.37050000,7.80718333,791.00,44.992
4775,3,44,1843.170901968813,-1749.110173895012,2020-08-08T12:13:04Z,45.37063333,7.80711667,792.00,44.979
4776,3,45,1844.170901968813,-1748.110173895012,2020-08-08T12:13:05Z,45.37075000,7.80705000,793.00,44.968
4777,3,46,1845.170901968813,-1747.110173895012,2020-08-08T12:13:06Z,45.37085000,7.80700000,794.00,44.958
4778,3,47,1846.170901968813,-1746.110173895012,2020-08-08T12:13:07Z,45.37095000,7.80695000,795.00,44.948
4779,3,48,1847.170901968813,-1745.110173895012,2020-08-08T12:13:08Z,45.37105000,7.80690000,797.00,44.938
4780,3,49,1848.170901968813,-1744.110173895012,2020-08-08T12:13:09Z,45.37115000,7.80685000,798.00,44.928
4781,3,50,1849.170901968813,-1743.110173895012,2020-08-08T12:13:10Z,45.37125000,7.80680000,799.00,44.919
4782,3,51,1850.170901968813,-1742.110173895012,2020-08-08T12:13:11Z,45.37135000,7.80676667,800.00,44.908
4783,3,52,1851.170901968813,-1741.110173895012,2020-08-08T12:13:12Z,45.37145000,7.80671667,802.00,44.899
4784,3,53,1852.170901968813,-1740.110173895012,2020-08-08T12:13:13Z,45.37156667,7.80668333,803.00,44.887
4785,3,54,1853.170901968813,-1739.110173895012,2020-08-08T12:13:14Z,45.37166667,7.80666667,805.00,44.876
4786,3,55,1854.170901968813,-1738.110173895012,2020-08-08T12:13:15Z,45.37178333,7.80665000,805.00,44.864
4787,3,56,1855.170901968813,-1737.110173895012,2020-08-08T12:13:16Z,45.37190000,7.80663333,807.00,44.852
4788,3,57,1856.170901968813,-1736.110173895012,2020-08-08T12:13:17Z,45.37201667,7.80660000,809.00,44.84
4789,3,58,1857.170901968813,-1735.110173895012,2020-08-08T12:13:18Z,45.37211667,7.80655000,811.00,44.83
4790,3,59,1858.170901968813,-1734.110173895012,2020-08-08T12:13:19Z,45.37221667,7.80651667,814.00,44.82
4791,3,60,1859.170901968813,-1733.110173895012,2020-08-08T12:13:20Z,45.37231667,7.80650000,817.00,44.809
4792,3,61,1860.170901968813,-1732.110173895012,2020-08-08T12:13:21Z,45.37240000,7.80651667,819.00,44.8
4793,3,62,1861.170901968813,-1731.110173895012,2020-08-08T12:13:22Z,45.37250000,7.80655000,820.00,44.788
4794,3,63,1862.170901968813,-1730.110173895012,2020-08-08T12:13:23Z,45.37260000,7.80660000,821.00,44.777
4795,3,64,1863.170901968813,-1729.110173895012,2020-08-08T12:13:24Z,45.37271667,7.80665000,825.00,44.763
4796,3,65,1864.170901968813,-1728.110173895012,2020-08-08T12:13:25Z,45.37281667,7.80670000,826.00,44.751
4797,3,66,1865.170901968813,-1727.110173895012,2020-08-08T12:13:26Z,45.37290000,7.80676667,830.00,44.741
4798,3,67,1866.170901968813,-1726.110173895012,2020-08-08T12:13:27Z,45.37296667,7.80688333,832.00,44.732
4799,3,68,1867.170901968813,-1725.110173895012,2020-08-08T12:13:28Z,45.37301667,7.80701667,833.00,44.724
4800,3,69,1868.170901968813,-1724.110173895012,2020-08-08T12:13:29Z,45.37301667,7.80718333,834.00,44.721
4801,3,70,1869.170901968813,-1723.110173895012,2020-08-08T12:13:30Z,45.37298333,7.80733333,835.00,44.721
4802,3,71,1870.170901968813,-1722.110173895012,2020-08-08T12:13:31Z,45.37293333,7.80741667,837.00,44.725
4803,3,72,1871.170901968813,-1721.110173895012,2020-08-08T12:13:32Z,45.37285000,7.80745000,838.00,44.734
4804,3,73,1872.170901968813,-1720.110173895012,2020-08-08T12:13:33Z,45.37276667,7.80741667,840.00,44.743
4805,3,74,1873.170901968813,-1719.110173895012,2020-08-08T12:13:34Z,45.37270000,7.80736667,842.00,44.751
4806,3,75,1874.170901968813,-1718.110173895012,2020-08-08T12:13:35Z,45.37265000,7.80730000,844.00,44.758
4807,3,76,1875.170901968813,-1717.110173895012,2020-08-08T12:13:36Z,45.37260000,7.80720000,846.00,44.765
4808,3,77,1876.170901968813,-1716.110173895012,2020-08-08T12:13:37Z,45.37258333,7.80711667,848.00,44.769
4809,3,78,1877.170901968813,-1715.110173895012,2020-08-08T12:13:38Z,45.37258333,7.80701667,849.00,44.771
4810,3,79,1878.170901968813,-1714.110173895012,2020-08-08T12:13:39Z,45.37260000,7.80690000,852.00,44.771
4811,3,80,1879.170901968813,-1713.110173895012,2020-08-08T12:13:40Z,45.37261667,7.80678333,853.00,44.771
4812,3,81,1880.170901968813,-1712.110173895012,2020-08-08T12:13:41Z,45.37266667,7.80668333,854.00,44.768
4813,3,82,1881.170901968813,-1711.110173895012,2020-08-08T12:13:42Z,45.37273333,7.80660000,856.00,44.762
4814,3,83,1882.170901968813,-1710.110173895012,2020-08-08T12:13:43Z,45.37281667,7.80653333,859.00,44.755
4815,3,84,1883.170901968813,-1709.110173895012,2020-08-08T12:13:44Z,45.37291667,7.80651667,861.00,44.744
4816,3,85,1884.170901968813,-1708.110173895012,2020-08-08T12:13:45Z,45.37301667,7.80651667,863.00,44.733
4817,3,86,1885.170901968813,-1707.110173895012,2020-08-08T12:13:46Z,45.37311667,7.80655000,865.00,44.722
4818,3,87,1886.170901968813,-1706.110173895012,2020-08-08T12:13:47Z,45.37320000,7.80661667,867.00,44.712
4819,3,88,1887.170901968813,-1705.110173895012,2020-08-08T12:13:48Z,45.37326667,7.80671667,869.00,44.703
4820,3,89,1888.170901968813,-1704.110173895012,2020-08-08T12:13:49Z,45.37331667,7.80685000,870.00,44.695
4821,3,90,1889.170901968813,-1703.110173895012,2020-08-08T12:13:50Z,45.37333333,7.80698333,871.00,44.69
4822,3,91,1890.170901968813,-1702.110173895012,2020-08-08T12:13:51Z,45.37331667,7.80711667,873.00,44.69
4823,3,92,1891.170901968813,-1701.110173895012,2020-08-08T12:13:52Z,45.37328333,7.80723333,875.00,44.691
4824,3,93,1892.170901968813,-1700.110173895012,2020-08-08T12:13:53Z,45.37321667,7.80730000,877.00,44.697
4825,3,94,1893.170901968813,-1699.110173895012,2020-08-08T12:13:54Z,45.37313333,7.80731667,880.00,44.706
4826,3,95,1894.170901968813,-1698.110173895012,2020-08-08T12:13:55Z,45.37306667,7.80731667,882.00,44.713
4827,3,96,1895.170901968813,-1697.110173895012,2020-08-08T12:13:56Z,45.37301667,7.80728333,885.00,44.719
4828,3,97,1896.170901968813,-1696.110173895012,2020-08-08T12:13:57Z,45.37298333,7.80723333,887.00,44.723
4829,3,98,1897.170901968813,-1695.110173895012,2020-08-08T12:13:58Z,45.37296667,7.80715000,887.00,44.727
4830,3,99,1898.170901968813,-1694.110173895012,2020-08-08T12:13:59Z,45.37295000,7.80703333,888.00,44.731
4831,3,100,1899.170901968813,-1693.110173895012,2020-08-08T12:14:00Z,45.37293333,7.80691667,889.00,44.735
4832,3,101,1900.170901968813,-1692.110173895012,2020-08-08T12:14:01Z,45.37295000,7.80676667,889.00,44.736
4833,3,102,1901.170901968813,-1691.110173895012,2020-08-08T12:14:02Z,45.37296667,7.80661667,892.00,44.737
4834,3,103,1902.170901968813,-1690.110173895012,2020-08-08T12:14:03Z,45.37303333,7.80650000,895.00,44.732
4835,3,104,1903.170901968813,-1689.110173895012,2020-08-08T12:14:04Z,45.37311667,7.80643333,898.00,44.724
4836,3,105,1904.170901968813,-1688.110173895012,2020-08-08T12:14:05Z,45.37321667,7.80641667,900.00,44.714
4837,3,106,1905.170901968813,-1687.110173895012,2020-08-08T12:14:06Z,45.37333333,7.80645000,900.00,44.7
4838,3,107,1906.170901968813,-1686.110173895012,2020-08-08T12:14:07Z,45.37343333,7.80651667,902.00,44.688
4839,3,108,1907.170901968813,-1685.110173895012,2020-08-08T12:14:08Z,45.37351667,7.80660000,903.00,44.678
4840,3,109,1908.170901968813,-1684.110173895012,2020-08-08T12:14:09Z,45.37358333,7.80671667,906.00,44.668
4841,3,110,1909.170901968813,-1683.110173895012,2020-08-08T12:14:10Z,45.37361667,7.80683333,909.00,44.663
4842,3,111,1910.170901968813,-1682.110173895012,2020-08-08T12:14:11Z,45.37363333,7.80696667,913.00,44.658
4843,3,112,1911.170901968813,-1681.110173895012,2020-08-08T12:14:12Z,45.37361667,7.80706667,915.00,44.658
4844,3,113,1912.170901968813,-1680.110173895012,2020-08-08T12:14:13Z,45.37355000,7.80715000,917.00,44.664
4845,3,114,1913.170901968813,-1679.110173895012,2020-08-08T12:14:14Z,45.37348333,7.80718333,918.00,44.67
4846,3,115,1914.170901968813,-1678.110173895012,2020-08-08T12:14:15Z,45.37340000,7.80720000,920.00,44.679
4847,3,116,1915.170901968813,-1677.110173895012,2020-08-08T12:14:16Z,45.37333333,7.80720000,923.00,44.686
4848,3,117,1916.170901968813,-1676.110173895012,2020-08-08T12:14:17Z,45.37328333,7.80720000,924.00,44.692
4849,3,118,1917.170901968813,-1675.110173895012,2020-08-08T12:14:18Z,45.37323333,7.80716667,926.00,44.698
4850,3,119,1918.170901968813,-1674.110173895012,2020-08-08T12:14:19Z,45.37318333,7.80711667,927.00,44.704
4851,3,120,1919.170901968813,-1673.110173895012,2020-08-08T12:14:20Z,45.37313333,7.80703333,928.00,44.711
4852,3,121,1920.170901968813,-1672.110173895012,2020-08-08T12:14:21Z,45.37311667,7.80690000,930.00,44.715
4853,3,122,1921.170901968813,-1671.110173895012,2020-08-08T12:14:22Z,45.37313333,7.80676667,932.00,44.716
4854,3,123,1922.170901968813,-1670.110173895012,2020-08-08T12:14:23Z,45.37320000,7.80666667,933.00,44.711
4855,3,124,1923.170901968813,-1669.110173895012,2020-08-08T12:14:24Z,45.37330000,7.80661667,935.00,44.701
4856,3,125,1924.170901968813,-1668.110173895012,2020-08-08T12:14:25Z,45.37341667,7.80663333,936.00,44.688
4857,3,126,1925.170901968813,-1667.110173895012,2020-08-08T12:14:26Z,45.37351667,7.80673333,936.00,44.675
4858,3,127,1926.170901968813,-1666.110173895012,2020-08-08T12:14:27Z,45.37358333,7.80686667,938.00,44.666
4859,3,128,1927.170901968813,-1665.110173895012,2020-08-08T12:14:28Z,45.37361667,7.80700000,940.00,44.659
4860,3,129,1928.170901968813,-1664.110173895012,2020-08-08T12:14:29Z,45.37361667,7.80711667,942.00,44.657
4861,3,130,1929.170901968813,-1663.110173895012,2020-08-08T12:14:30Z,45.37356667,7.80718333,943.00,44.661
4862,3,131,1930.170901968813,-1662.110173895012,2020-08-08T12:14:31Z,45.37351667,7.80723333,944.00,44.666
4863,3,132,1931.170901968813,-1661.110173895012,2020-08-08T12:14:32Z,45.37345000,7.80726667,945.00,44.672
4864,3,133,1932.170901968813,-1660.110173895012,2020-08-08T12:14:33Z,45.37336667,7.80726667,945.00,44.681
4865,3,134,1933.170901968813,-1659.110173895012,2020-08-08T12:14:34Z,45.37330000,7.80723333,946.00,44.689
4866,3,135,1934.170901968813,-1658.110173895012,2020-08-08T12:14:35Z,45.37323333,7.80720000,948.00,44.697
4867,3,136,1935.170901968813,-1657.110173895012,2020-08-08T12:14:36Z,45.37318333,7.80713333,949.00,44.704
4868,3,137,1936.170901968813,-1656.110173895012,2020-08-08T12:14:37Z,45.37315000,7.80706667,952.00,44.708
4869,3,138,1937.170901968813,-1655.110173895012,2020-08-08T12:14:38Z,45.37313333,7.80696667,954.00,44.712
4870,3,139,1938.170901968813,-1654.110173895012,2020-08-08T12:14:39Z,45.37315000,7.80683333,955.00,44.713
4871,3,140,1939.170901968813,-1653.110173895012,2020-08-08T12:14:40Z,45.37323333,7.80671667,954.00,44.706
4872,3,141,1940.170901968813,-1652.110173895012,2020-08-08T12:14:41Z,45.37333333,7.80661667,955.00,44.697
4873,3,142,1941.170901968813,-1651.110173895012,2020-08-08T12:14:42Z,45.37345000,7.80658333,956.00,44.685
4874,3,143,1942.170901968813,-1650.110173895012,2020-08-08T12:14:43Z,45.37356667,7.80658333,959.00,44.673
4875,3,144,1943.170901968813,-1649.110173895012,2020-08-08T12:14:44Z,45.37366667,7.80665000,961.00,44.661
4876,3,145,1944.170901968813,-1648.110173895012,2020-08-08T12:14:45Z,45.37373333,7.80673333,962.00,44.652
4877,3,146,1945.170901968813,-1647.110173895012,2020-08-08T12:14:46Z,45.37378333,7.80683333,964.00,44.645
4878,3,147,1946.170901968813,-1646.110173895012,2020-08-08T12:14:47Z,45.37380000,7.80696667,965.00,44.64
4879,3,148,1947.170901968813,-1645.110173895012,2020-08-08T12:14:48Z,45.37380000,7.80708333,967.00,44.638
4880,3,149,1948.170901968813,-1644.110173895012,2020-08-08T12:14:49Z,45.37376667,7.80721667,969.00,44.639
4881,3,150,1949.170901968813,-1643.110173895012,2020-08-08T12:14:50Z,45.37373333,7.80731667,972.00,44.641
4882,3,151,1950.170901968813,-1642.110173895012,2020-08-08T12:14:51Z,45.37368333,7.80738333,975.00,44.645
4883,3,152,1951.170901968813,-1641.110173895012,2020-08-08T12:14:52Z,45.37361667,7.80741667,977.00,44.652
4884,3,153,1952.170901968813,-1640.110173895012,2020-08-08T12:14:53Z,45.37355000,7.80741667,979.00,44.659
4885,3,154,1953.170901968813,-1639.110173895012,2020-08-08T12:14:54Z,45.37348333,7.80736667,981.00,44.667
4886,3,155,1954.170901968813,-1638.110173895012,2020-08-08T12:14:55Z,45.37343333,7.80728333,982.00,44.674
4887,3,156,1955.170901968813,-1637.110173895012,2020-08-08T12:14:56Z,45.37343333,7.80716667,982.00,44.676
4888,3,157,1956.170901968813,-1636.110173895012,2020-08-08T12:14:57Z,45.37346667,7.80703333,982.00,44.675
4889,3,158,1957.170901968813,-1635.110173895012,2020-08-08T12:14:58Z,45.37353333,7.80690000,982.00,44.67
4890,3,159,1958.170901968813,-1634.110173895012,2020-08-08T12:14:59Z,45.37363333,7.80678333,983.00,44.662
4891,3,160,1959.170901968813,-1633.110173895012,2020-08-08T12:15:00Z,45.37375000,7.80675000,985.00,44.65
4892,3,161,1960.170901968813,-1632.110173895012,2020-08-08T12:15:01Z,45.37386667,7.80676667,986.00,44.637
4893,3,162,1961.170901968813,-1631.110173895012,2020-08-08T12:15:02Z,45.37396667,7.80683333,988.00,44.625
4894,3,163,1962.170901968813,-1630.110173895012,2020-08-08T12:15:03Z,45.37405000,7.80693333,990.00,44.614
4895,3,164,1963.170901968813,-1629.110173895012,2020-08-08T12:15:04Z,45.37410000,7.80703333,992.00,44.607
4896,3,165,1964.170901968813,-1628.110173895012,2020-08-08T12:15:05Z,45.37411667,7.80713333,995.00,44.603
4897,3,166,1965.170901968813,-1627.110173895012,2020-08-08T12:15:06Z,45.37415000,7.80723333,996.00,44.597
4898,3,167,1966.170901968813,-1626.110173895012,2020-08-08T12:15:07Z,45.37418333,7.80735000,998.00,44.592
4899,3,168,1967.170901968813,-1625.110173895012,2020-08-08T12:15:08Z,45.37423333,7.80748333,999.00,44.584
4900,3,169,1968.170901968813,-1624.110173895012,2020-08-08T12:15:09Z,45.37428333,7.80761667,999.00,44.576
4901,3,170,1969.170901968813,-1623.110173895012,2020-08-08T12:15:10Z,45.37431667,7.80776667,1000.00,44.569
4902,3,171,1970.170901968813,-1622.110173895012,2020-08-08T12:15:11Z,45.37430000,7.80791667,1001.00,44.568
4903,3,172,1971.170901968813,-1621.110173895012,2020-08-08T12:15:12Z,45.37425000,7.80801667,1002.00,44.572
4904,3,173,1972.170901968813,-1620.110173895012,2020-08-08T12:15:13Z,45.37418333,7.80810000,1002.00,44.578
4905,3,174,1973.170901968813,-1619.110173895012,2020-08-08T12:15:14Z,45.37411667,7.80815000,1004.00,44.584
4906,3,175,1974.170901968813,-1618.110173895012,2020-08-08T12:15:15Z,45.37405000,7.80816667,1006.00,44.591
4907,3,176,1975.170901968813,-1617.110173895012,2020-08-08T12:15:16Z,45.37400000,7.80816667,1008.00,44.596
4908,3,177,1976.170901968813,-1616.110173895012,2020-08-08T12:15:17Z,45.37393333,7.80813333,1009.00,44.604
4909,3,178,1977.170901968813,-1615.110173895012,2020-08-08T12:15:18Z,45.37388333,7.80808333,1010.00,44.61
4910,3,179,1978.170901968813,-1614.110173895012,2020-08-08T12:15:19Z,45.37383333,7.80800000,1011.00,44.617
4911,3,180,1979.170901968813,-1613.110173895012,2020-08-08T12:15:20Z,45.37380000,7.80790000,1012.00,44.623
4912,3,181,1980.170901968813,-1612.110173895012,2020-08-08T12:15:21Z,45.37380000,7.80778333,1013.00,44.625
4913,3,182,1981.170901968813,-1611.110173895012,2020-08-08T12:15:22Z,45.37381667,7.80766667,1013.00,44.625
4914,3,183,1982.170901968813,-1610.110173895012,2020-08-08T12:15:23Z,45.37385000,7.80753333,1014.00,44.624
4915,3,184,1983.170901968813,-1609.110173895012,2020-08-08T12:15:24Z,45.37390000,7.80741667,1015.00,44.621
4916,3,185,1984.170901968813,-1608.110173895012,2020-08-08T12:15:25Z,45.37396667,7.80731667,1016.00,44.616
4917,3,186,1985.170901968813,-1607.110173895012,2020-08-08T12:15:26Z,45.37406667,7.80726667,1017.00,44.606
4918,3,187,1986.170901968813,-1606.110173895012,2020-08-08T12:15:27Z,45.37416667,7.80725000,1018.00,44.595
4919,3,188,1987.170901968813,-1605.110173895012,2020-08-08T12:15:28Z,45.37428333,7.80730000,1019.00,44.582
4920,3,189,1988.170901968813,-1604.110173895012,2020-08-08T12:15:29Z,45.37438333,7.80738333,1021.00,44.569
4921,3,190,1989.170901968813,-1603.110173895012,2020-08-08T12:15:30Z,45.37446667,7.80750000,1022.00,44.558
4922,3,191,1990.170901968813,-1602.110173895012,2020-08-08T12:15:31Z,45.37451667,7.80760000,1026.00,44.551
4923,3,192,1991.170901968813,-1601.110173895012,2020-08-08T12:15:32Z,45.37455000,7.80770000,1029.00,44.545
4924,3,193,1992.170901968813,-1600.110173895012,2020-08-08T12:15:33Z,45.37456667,7.80780000,1031.00,44.542
4925,3,194,1993.170901968813,-1599.110173895012,2020-08-08T12:15:34Z,45.37453333,7.80790000,1033.00,44.544
4926,3,195,1994.170901968813,-1598.110173895012,2020-08-08T12:15:35Z,45.37448333,7.80798333,1034.00,44.547
4927,3,196,1995.170901968813,-1597.110173895012,2020-08-08T12:15:36Z,45.37441667,7.80801667,1034.00,44.554
4928,3,197,1996.170901968813,-1596.110173895012,2020-08-08T12:15:37Z,45.37435000,7.80796667,1034.00,44.562
4929,3,198,1997.170901968813,-1595.110173895012,2020-08-08T12:15:38Z,45.37430000,7.80786667,1035.00,44.569
4930,3,199,1998.170901968813,-1594.110173895012,2020-08-08T12:15:39Z,45.37430000,7.80773333,1035.00,44.572
4931,3,200,1999.170901968813,-1593.110173895012,2020-08-08T12:15:40Z,45.37433333,7.80760000,1037.00,44.571
4932,3,201,2000.170901968813,-1592.110173895012,2020-08-08T12:15:41Z,45.37438333,7.80750000,1038.00,44.567
4933,3,202,2001.170901968813,-1591.110173895012,2020-08-08T12:15:42Z,45.37443333,7.80741667,1040.00,44.563
4934,3,203,2002.170901968813,-1590.110173895012,2020-08-08T12:15:43Z,45.37450000,7.80738333,1042.00,44.557
4935,3,204,2003.170901968813,-1589.110173895012,2020-08-08T12:15:44Z,45.37456667,7.80735000,1042.00,44.55
4936,3,205,2004.170901968813,-1588.110173895012,2020-08-08T12:15:45Z,45.37466667,7.80733333,1044.00,44.54
4937,3,206,2005.170901968813,-1587.110173895012,2020-08-08T12:15:46Z,45.37476667,7.80733333,1045.00,44.529
4938,3,207,2006.170901968813,-1586.110173895012,2020-08-08T12:15:47Z,45.37485000,7.80738333,1045.00,44.519
4939,3,208,2007.170901968813,-1585.110173895012,2020-08-08T12:15:48Z,45.37491667,7.80748333,1046.00,44.51
4940,3,209,2008.170901968813,-1584.110173895012,2020-08-08T12:15:49Z,45.37496667,7.80760000,1046.00,44.502
4941,3,210,2009.170901968813,-1583.110173895012,2020-08-08T12:15:50Z,45.37496667,7.80775000,1047.00,44.5
4942,3,211,2010.170901968813,-1582.110173895012,2020-08-08T12:15:51Z,45.37495000,7.80786667,1048.00,44.499
4943,3,212,2011.170901968813,-1581.110173895012,2020-08-08T12:15:52Z,45.37491667,7.80796667,1049.00,44.501
4944,3,213,2012.170901968813,-1580.110173895012,2020-08-08T12:15:53Z,45.37486667,7.80803333,1050.00,44.505
4945,3,214,2013.170901968813,-1579.110173895012,2020-08-08T12:15:54Z,45.37481667,7.80806667,1051.00,44.51
4946,3,215,2014.170901968813,-1578.110173895012,2020-08-08T12:15:55Z,45.37475000,7.80805000,1052.00,44.517
4947,3,216,2015.170901968813,-1577.110173895012,2020-08-08T12:15:56Z,45.37470000,7.80800000,1052.00,44.524
4948,3,217,2016.170901968813,-1576.110173895012,2020-08-08T12:15:57Z,45.37465000,7.80791667,1051.00,44.531
4949,3,218,2017.170901968813,-1575.110173895012,2020-08-08T12:15:58Z,45.37465000,7.80776667,1050.00,44.533
4950,3,219,2018.170901968813,-1574.110173895012,2020-08-08T12:15:59Z,45.37466667,7.80761667,1051.00,44.534
4951,3,220,2019.170901968813,-1573.110173895012,2020-08-08T12:16:00Z,45.37471667,7.80750000,1051.00,44.531
4952,3,221,2020.170901968813,-1572.110173895012,2020-08-08T12:16:01Z,45.37480000,7.80741667,1052.00,44.524
4953,3,222,2021.170901968813,-1571.110173895012,2020-08-08T12:16:02Z,45.37488333,7.80738333,1053.00,44.516
4954,3,223,2022.170901968813,-1570.110173895012,2020-08-08T12:16:03Z,45.37498333,7.80740000,1053.00,44.504
4955,3,224,2023.170901968813,-1569.110173895012,2020-08-08T12:16:04Z,45.37508333,7.80743333,1053.00,44.493
4956,3,225,2024.170901968813,-1568.110173895012,2020-08-08T12:16:05Z,45.37516667,7.80753333,1054.00,44.482
4957,3,226,2025.170901968813,-1567.110173895012,2020-08-08T12:16:06Z,45.37521667,7.80765000,1054.00,44.475
4958,3,227,2026.170901968813,-1566.110173895012,2020-08-08T12:16:07Z,45.37520000,7.80778333,1055.00,44.474
4959,3,228,2027.170901968813,-1565.110173895012,2020-08-08T12:16:08Z,45.37513333,7.80788333,1054.00,44.479
4960,3,229,2028.170901968813,-1564.110173895012,2020-08-08T12:16:09Z,45.37503333,7.80786667,1053.00,44.49
4961,3,230,2029.170901968813,-1563.110173895012,2020-08-08T12:16:10Z,45.37496667,7.80771667,1051.00,44.5
4962,3,231,2030.170901968813,-1562.110173895012,2020-08-08T12:16:11Z,45.37496667,7.80755000,1050.00,44.503
4963,3,232,2031.170901968813,-1561.110173895012,2020-08-08T12:16:12Z,45.37503333,7.80741667,1051.00,44.499
4964,3,233,2032.170901968813,-1560.110173895012,2020-08-08T12:16:13Z,45.37511667,7.80735000,1053.00,44.491
4965,3,234,2033.170901968813,-1559.110173895012,2020-08-08T12:16:14Z,45.37520000,7.80733333,1055.00,44.482
4966,3,235,2034.170901968813,-1558.110173895012,2020-08-08T12:16:15Z,45.37528333,7.80735000,1057.00,44.473
4967,3,236,2035.170901968813,-1557.110173895012,2020-08-08T12:16:16Z,45.37538333,7.80733333,1057.00,44.463
4968,3,237,2036.170901968813,-1556.110173895012,2020-08-08T12:16:17Z,45.37548333,7.80728333,1057.00,44.453
4969,3,238,2037.170901968813,-1555.110173895012,2020-08-08T12:16:18Z,45.37558333,7.80725000,1058.00,44.443
4970,3,239,2038.170901968813,-1554.110173895012,2020-08-08T12:16:19Z,45.37566667,7.80725000,1059.00,44.434
4971,3,240,2039.170901968813,-1553.110173895012,2020-08-08T12:16:20Z,45.37576667,7.80730000,1060.00,44.422
4972,3,241,2040.170901968813,-1552.110173895012,2020-08-08T12:16:21Z,45.37585000,7.80738333,1060.00,44.411
4973,3,242,2041.170901968813,-1551.110173895012,2020-08-08T12:16:22Z,45.37591667,7.80748333,1060.00,44.402
4974,3,243,2042.170901968813,-1550.110173895012,2020-08-08T12:16:23Z,45.37598333,7.80760000,1061.00,44.393
4975,3,244,2043.170901968813,-1549.110173895012,2020-08-08T12:16:24Z,45.37603333,7.80773333,1061.00,44.385
4976,3,245,2044.170901968813,-1548.110173895012,2020-08-08T12:16:25Z,45.37605000,7.80786667,1062.00,44.381
4977,3,246,2045.170901968813,-1547.110173895012,2020-08-08T12:16:26Z,45.37605000,7.80798333,1063.00,44.378
4978,3,247,2046.170901968813,-1546.110173895012,2020-08-08T12:16:27Z,45.37603333,7.80810000,1064.00,44.378
4979,3,248,2047.170901968813,-1545.110173895012,2020-08-08T12:16:28Z,45.37603333,7.80820000,1065.00,44.376
4980,3,249,2048.170901968813,-1544.110173895012,2020-08-08T12:16:29Z,45.37600000,7.80828333,1065.00,44.378
4981,3,250,2049.170901968813,-1543.110173895012,2020-08-08T12:16:30Z,45.37596667,7.80835000,1066.00,44.38
4982,3,251,2050.170901968813,-1542.110173895012,2020-08-08T12:16:31Z,45.37590000,7.80840000,1064.00,44.387
4983,3,252,2051.170901968813,-1541.110173895012,2020-08-08T12:16:32Z,45.37581667,7.80841667,1064.00,44.395
4984,3,253,2052.170901968813,-1540.110173895012,2020-08-08T12:16:33Z,45.37571667,7.80843333,1065.00,44.406
4985,3,254,2053.170901968813,-1539.110173895012,2020-08-08T12:16:34Z,45.37563333,7.80845000,1066.00,44.414
4986,3,255,2054.170901968813,-1538.110173895012,2020-08-08T12:16:35Z,45.37556667,7.80843333,1067.00,44.422
4987,3,256,2055.170901968813,-1537.110173895012,2020-08-08T12:16:36Z,45.37551667,7.80838333,1069.00,44.428
4988,3,257,2056.170901968813,-1536.110173895012,2020-08-08T12:16:37Z,45.37548333,7.80831667,1069.00,44.433
4989,3,258,2057.170901968813,-1535.110173895012,2020-08-08T12:16:38Z,45.37546667,7.80823333,1069.00,44.437
4990,3,259,2058.170901968813,-1534.110173895012,2020-08-08T12:16:39Z,45.37545000,7.80811667,1070.00,44.441
4991,3,260,2059.170901968813,-1533.110173895012,2020-08-08T12:16:40Z,45.37546667,7.80800000,1070.00,44.441
4992,3,261,2060.170901968813,-1532.110173895012,2020-08-08T12:16:41Z,45.37548333,7.80790000,1070.00,44.441
4993,3,262,2061.170901968813,-1531.110173895012,2020-08-08T12:16:42Z,45.37551667,7.80778333,1070.00,44.44
4994,3,263,2062.170901968813,-1530.110173895012,2020-08-08T12:16:43Z,45.37555000,7.80765000,1070.00,44.439
4995,3,264,2063.170901968813,-1529.110173895012,2020-08-08T12:16:44Z,45.37556667,7.80751667,1070.00,44.439
4996,3,265,2064.170901968813,-1528.110173895012,2020-08-08T12:16:45Z,45.37560000,7.80738333,1070.00,44.438
4997,3,266,2065.170901968813,-1527.110173895012,2020-08-08T12:16:46Z,45.37561667,7.80726667,1071.00,44.439
4998,3,267,2066.170901968813,-1526.110173895012,2020-08-08T12:16:47Z,45.37563333,7.80713333,1070.00,44.439
4999,3,268,2067.170901968813,-1525.110173895012,2020-08-08T12:16:48Z,45.37570000,7.80703333,1071.00,44.434
5000,3,269,2068.170901968813,-1524.110173895012,2020-08-08T12:16:49Z,45.37578333,7.80693333,1071.00,44.427
5001,3,270,2069.170901968813,-1523.110173895012,2020-08-08T12:16:50Z,45.37588333,7.80688333,1072.00,44.417
5002,3,271,2070.170901968813,-1522.110173895012,2020-08-08T12:16:51Z,45.37598333,7.80685000,1072.00,44.407
5003,3,272,2071.170901968813,-1521.110173895012,2020-08-08T12:16:52Z,45.37608333,7.80683333,1073.00,44.397
5004,3,273,2072.170901968813,-1520.110173895012,2020-08-08T12:16:53Z,45.37620000,7.80685000,1074.00,44.384
5005,3,274,2073.170901968813,-1519.110173895012,2020-08-08T12:16:54Z,45.37630000,7.80688333,1075.00,44.372
5006,3,275,2074.170901968813,-1518.110173895012,2020-08-08T12:16:55Z,45.37640000,7.80691667,1076.00,44.361
5007,3,276,2075.170901968813,-1517.110173895012,2020-08-08T12:16:56Z,45.37646667,7.80695000,1077.00,44.353
5008,3,277,2076.170901968813,-1516.110173895012,2020-08-08T12:16:57Z,45.37655000,7.80701667,1079.00,44.343
5009,3,278,2077.170901968813,-1515.110173895012,2020-08-08T12:16:58Z,45.37661667,7.80710000,1079.00,44.334
5010,3,279,2078.170901968813,-1514.110173895012,2020-08-08T12:16:59Z,45.37666667,7.80720000,1079.00,44.327
5011,3,280,2079.170901968813,-1513.110173895012,2020-08-08T12:17:00Z,45.37668333,7.80733333,1079.00,44.322
5012,3,281,2080.170901968813,-1512.110173895012,2020-08-08T12:17:01Z,45.37668333,7.80748333,1079.00,44.32
5013,3,282,2081.170901968813,-1511.110173895012,2020-08-08T12:17:02Z,45.37665000,7.80760000,1078.00,44.321
5014,3,283,2082.170901968813,-1510.110173895012,2020-08-08T12:17:03Z,45.37660000,7.80770000,1079.00,44.324
5015,3,284,2083.170901968813,-1509.110173895012,2020-08-08T12:17:04Z,45.37653333,7.80776667,1079.00,44.33
5016,3,285,2084.170901968813,-1508.110173895012,2020-08-08T12:17:05Z,45.37646667,7.80781667,1080.00,44.337
5017,3,286,2085.170901968813,-1507.110173895012,2020-08-08T12:17:06Z,45.37638333,7.80785000,1079.00,44.345
5018,3,287,2086.170901968813,-1506.110173895012,2020-08-08T12:17:07Z,45.37630000,7.80786667,1079.00,44.354
5019,3,288,2087.170901968813,-1505.110173895012,2020-08-08T12:17:08Z,45.37621667,7.80788333,1078.00,44.362
5020,3,289,2088.170901968813,-1504.110173895012,2020-08-08T12:17:09Z,45.37613333,7.80791667,1078.00,44.371
5021,3,290,2089.170901968813,-1503.110173895012,2020-08-08T12:17:10Z,45.37603333,7.80795000,1078.00,44.381
5022,3,291,2090.170901968813,-1502.110173895012,2020-08-08T12:17:11Z,45.37593333,7.80798333,1078.00,44.391
5023,3,292,2091.170901968813,-1501.110173895012,2020-08-08T12:17:12Z,45.37585000,7.80800000,1078.00,44.4
5024,3,293,2092.170901968813,-1500.110173895012,2020-08-08T12:17:13Z,45.37578333,7.80800000,1080.00,44.407
5025,3,294,2093.170901968813,-1499.110173895012,2020-08-08T12:17:14Z,45.37571667,7.80798333,1081.00,44.414
5026,3,295,2094.170901968813,-1498.110173895012,2020-08-08T12:17:15Z,45.37566667,7.80796667,1082.00,44.42
5027,3,296,2095.170901968813,-1497.110173895012,2020-08-08T12:17:16Z,45.37561667,7.80795000,1083.00,44.426
5028,3,297,2096.170901968813,-1496.110173895012,2020-08-08T12:17:17Z,45.37556667,7.80793333,1083.00,44.431
5029,3,298,2097.170901968813,-1495.110173895012,2020-08-08T12:17:18Z,45.37551667,7.80791667,1083.00,44.437
5030,3,299,2098.170901968813,-1494.110173895012,2020-08-08T12:17:19Z,45.37545000,7.80788333,1083.00,44.445
5031,3,300,2099.170901968813,-1493.110173895012,2020-08-08T12:17:20Z,45.37538333,7.80783333,1082.00,44.453
5032,3,301,2100.170901968813,-1492.110173895012,2020-08-08T12:17:21Z,45.37533333,7.80775000,1082.00,44.46
5033,3,302,2101.170901968813,-1491.110173895012,2020-08-08T12:17:22Z,45.37528333,7.80765000,1082.00,44.467
5034,3,303,2102.170901968813,-1490.110173895012,2020-08-08T12:17:23Z,45.37525000,7.80753333,1082.00,44.473
5035,3,304,2103.170901968813,-1489.110173895012,2020-08-08T12:17:24Z,45.37523333,7.80741667,1082.00,44.477
5036,3,305,2104.170901968813,-1488.110173895012,2020-08-08T12:17:25Z,45.37525000,7.80728333,1083.00,44.478
5037,3,306,2105.170901968813,-1487.110173895012,2020-08-08T12:17:26Z,45.37530000,7.80715000,1083.00,44.475
5038,3,307,2106.170901968813,-1486.110173895012,2020-08-08T12:17:27Z,45.37536667,7.80705000,1085.00,44.47
5039,3,308,2107.170901968813,-1485.110173895012,2020-08-08T12:17:28Z,45.37546667,7.80698333,1086.00,44.46
5040,3,309,2108.170901968813,-1484.110173895012,2020-08-08T12:17:29Z,45.37556667,7.80695000,1087.00,44.45
5041,3,310,2109.170901968813,-1483.110173895012,2020-08-08T12:17:30Z,45.37568333,7.80698333,1088.00,44.437
5042,3,311,2110.170901968813,-1482.110173895012,2020-08-08T12:17:31Z,45.37576667,7.80705000,1089.00,44.427
5043,3,312,2111.170901968813,-1481.110173895012,2020-08-08T12:17:32Z,45.37585000,7.80715000,1090.00,44.416
5044,3,313,2112.170901968813,-1480.110173895012,2020-08-08T12:17:33Z,45.37588333,7.80725000,1091.00,44.41
5045,3,314,2113.170901968813,-1479.110173895012,2020-08-08T12:17:34Z,45.37590000,7.80736667,1092.00,44.406
5046,3,315,2114.170901968813,-1478.110173895012,2020-08-08T12:17:35Z,45.37586667,7.80746667,1092.00,44.408
5047,3,316,2115.170901968813,-1477.110173895012,2020-08-08T12:17:36Z,45.37581667,7.80756667,1092.00,44.411
5048,3,317,2116.170901968813,-1476.110173895012,2020-08-08T12:17:37Z,45.37575000,7.80761667,1092.00,44.418
5049,3,318,2117.170901968813,-1475.110173895012,2020-08-08T12:17:38Z,45.37568333,7.80766667,1092.00,44.424
5050,3,319,2118.170901968813,-1474.110173895012,2020-08-08T12:17:39Z,45.37563333,7.80770000,1092.00,44.429
5051,3,320,2119.170901968813,-1473.110173895012,2020-08-08T12:17:40Z,45.37556667,7.80773333,1093.00,44.435
5052,3,321,2120.170901968813,-1472.110173895012,2020-08-08T12:17:41Z,45.37550000,7.80775000,1093.00,44.442
5053,3,322,2121.170901968813,-1471.110173895012,2020-08-08T12:17:42Z,45.37541667,7.80773333,1093.00,44.451
5054,3,323,2122.170901968813,-1470.110173895012,2020-08-08T12:17:43Z,45.37535000,7.80768333,1093.00,44.459
5055,3,324,2123.170901968813,-1469.110173895012,2020-08-08T12:17:44Z,45.37526667,7.80763333,1092.00,44.469
5056,3,325,2124.170901968813,-1468.110173895012,2020-08-08T12:17:45Z,45.37521667,7.80755000,1093.00,44.476
5057,3,326,2125.170901968813,-1467.110173895012,2020-08-08T12:17:46Z,45.37518333,7.80745000,1093.00,44.482
5058,3,327,2126.170901968813,-1466.110173895012,2020-08-08T12:17:47Z,45.37520000,7.80731667,1094.00,44.483
5059,3,328,2127.170901968813,-1465.110173895012,2020-08-08T12:17:48Z,45.37523333,7.80718333,1094.00,44.482
5060,3,329,2128.170901968813,-1464.110173895012,2020-08-08T12:17:49Z,45.37531667,7.80708333,1094.00,44.475
5061,3,330,2129.170901968813,-1463.110173895012,2020-08-08T12:17:50Z,45.37541667,7.80701667,1093.00,44.465
5062,3,331,2130.170901968813,-1462.110173895012,2020-08-08T12:17:51Z,45.37555000,7.80698333,1094.00,44.451
5063,3,332,2131.170901968813,-1461.110173895012,2020-08-08T12:17:52Z,45.37566667,7.80698333,1095.00,44.439
5064,3,333,2132.170901968813,-1460.110173895012,2020-08-08T12:17:53Z,45.37576667,7.80701667,1096.00,44.427
5065,3,334,2133.170901968813,-1459.110173895012,2020-08-08T12:17:54Z,45.37586667,7.80705000,1097.00,44.416
5066,3,335,2134.170901968813,-1458.110173895012,2020-08-08T12:17:55Z,45.37596667,7.80710000,1099.00,44.404
5067,3,336,2135.170901968813,-1457.110173895012,2020-08-08T12:17:56Z,45.37606667,7.80718333,1100.00,44.392
5068,3,337,2136.170901968813,-1456.110173895012,2020-08-08T12:17:57Z,45.37615000,7.80726667,1100.00,44.381
5069,3,338,2137.170901968813,-1455.110173895012,2020-08-08T12:17:58Z,45.37620000,7.80738333,1102.00,44.374
5070,3,339,2138.170901968813,-1454.110173895012,2020-08-08T12:17:59Z,45.37623333,7.80748333,1102.00,44.368
5071,3,340,2139.170901968813,-1453.110173895012,2020-08-08T12:18:00Z,45.37625000,7.80758333,1102.00,44.364
5072,3,341,2140.170901968813,-1452.110173895012,2020-08-08T12:18:01Z,45.37625000,7.80770000,1103.00,44.362
5073,3,342,2141.170901968813,-1451.110173895012,2020-08-08T12:18:02Z,45.37623333,7.80780000,1103.00,44.362
5074,3,343,2142.170901968813,-1450.110173895012,2020-08-08T12:18:03Z,45.37618333,7.80788333,1104.00,44.366
5075,3,344,2143.170901968813,-1449.110173895012,2020-08-08T12:18:04Z,45.37613333,7.80796667,1104.00,44.37
5076,3,345,2144.170901968813,-1448.110173895012,2020-08-08T12:18:05Z,45.37605000,7.80801667,1103.00,44.378
5077,3,346,2145.170901968813,-1447.110173895012,2020-08-08T12:18:06Z,45.37598333,7.80801667,1103.00,44.385
5078,3,347,2146.170901968813,-1446.110173895012,2020-08-08T12:18:07Z,45.37591667,7.80800000,1104.00,44.392
5079,3,348,2147.170901968813,-1445.110173895012,2020-08-08T12:18:08Z,45.37586667,7.80791667,1104.00,44.399
5080,3,349,2148.170901968813,-1444.110173895012,2020-08-08T12:18:09Z,45.37583333,7.80781667,1104.00,44.405
5081,3,350,2149.170901968813,-1443.110173895012,2020-08-08T12:18:10Z,45.37585000,7.80768333,1103.00,44.406
5082,3,351,2150.170901968813,-1442.110173895012,2020-08-08T12:18:11Z,45.37590000,7.80756667,1103.00,44.402
5083,3,352,2151.170901968813,-1441.110173895012,2020-08-08T12:18:12Z,45.37598333,7.80748333,1102.00,44.395
5084,3,353,2152.170901968813,-1440.110173895012,2020-08-08T12:18:13Z,45.37608333,7.80745000,1101.00,44.385
5085,3,354,2153.170901968813,-1439.110173895012,2020-08-08T12:18:14Z,45.37620000,7.80745000,1100.00,44.372
5086,3,355,2154.170901968813,-1438.110173895012,2020-08-08T12:18:15Z,45.37630000,7.80748333,1100.00,44.361
5087,3,356,2155.170901968813,-1437.110173895012,2020-08-08T12:18:16Z,45.37641667,7.80753333,1099.00,44.347
5088,3,357,2156.170901968813,-1436.110173895012,2020-08-08T12:18:17Z,45.37651667,7.80760000,1099.00,44.335
5089,3,358,2157.170901968813,-1435.110173895012,2020-08-08T12:18:18Z,45.37663333,7.80768333,1099.00,44.321
5090,3,359,2158.170901968813,-1434.110173895012,2020-08-08T12:18:19Z,45.37673333,7.80776667,1101.00,44.309
5091,3,360,2159.170901968813,-1433.110173895012,2020-08-08T12:18:20Z,45.37683333,7.80783333,1102.00,44.297
5092,3,361,2160.170901968813,-1432.110173895012,2020-08-08T12:18:21Z,45.37691667,7.80791667,1105.00,44.286
5093,3,362,2161.170901968813,-1431.110173895012,2020-08-08T12:18:22Z,45.37700000,7.80800000,1106.00,44.276
5094,3,363,2162.170901968813,-1430.110173895012,2020-08-08T12:18:23Z,45.37705000,7.80810000,1107.00,44.268
5095,3,364,2163.170901968813,-1429.110173895012,2020-08-08T12:18:24Z,45.37710000,7.80821667,1107.00,44.261
5096,3,365,2164.170901968813,-1428.110173895012,2020-08-08T12:18:25Z,45.37710000,7.80835000,1107.00,44.258
5097,3,366,2165.170901968813,-1427.110173895012,2020-08-08T12:18:26Z,45.37708333,7.80848333,1107.00,44.257
5098,3,367,2166.170901968813,-1426.110173895012,2020-08-08T12:18:27Z,45.37705000,7.80860000,1107.00,44.259
5099,3,368,2167.170901968813,-1425.110173895012,2020-08-08T12:18:28Z,45.37700000,7.80868333,1107.00,44.263
5100,3,369,2168.170901968813,-1424.110173895012,2020-08-08T12:18:29Z,45.37693333,7.80871667,1107.00,44.269
5101,3,370,2169.170901968813,-1423.110173895012,2020-08-08T12:18:30Z,45.37685000,7.80873333,1107.00,44.278
5102,3,371,2170.170901968813,-1422.110173895012,2020-08-08T12:18:31Z,45.37680000,7.80871667,1108.00,44.284
5103,3,372,2171.170901968813,-1421.110173895012,2020-08-08T12:18:32Z,45.37675000,7.80868333,1108.00,44.29
5104,3,373,2172.170901968813,-1420.110173895012,2020-08-08T12:18:33Z,45.37671667,7.80861667,1111.00,44.294
5105,3,374,2173.170901968813,-1419.110173895012,2020-08-08T12:18:34Z,45.37670000,7.80851667,1110.00,44.298
5106,3,375,2174.170901968813,-1418.110173895012,2020-08-08T12:18:35Z,45.37673333,7.80841667,1110.00,44.296
5107,3,376,2175.170901968813,-1417.110173895012,2020-08-08T12:18:36Z,45.37678333,7.80830000,1110.00,44.293
5108,3,377,2176.170901968813,-1416.110173895012,2020-08-08T12:18:37Z,45.37685000,7.80821667,1110.00,44.288
5109,3,378,2177.170901968813,-1415.110173895012,2020-08-08T12:18:38Z,45.37693333,7.80815000,1111.00,44.28
5110,3,379,2178.170901968813,-1414.110173895012,2020-08-08T12:18:39Z,45.37703333,7.80808333,1112.00,44.27
5111,3,380,2179.170901968813,-1413.110173895012,2020-08-08T12:18:40Z,45.37713333,7.80805000,1112.00,44.26
5112,3,381,2180.170901968813,-1412.110173895012,2020-08-08T12:18:41Z,45.37723333,7.80798333,1112.00,44.251
5113,3,382,2181.170901968813,-1411.110173895012,2020-08-08T12:18:42Z,45.37731667,7.80790000,1114.00,44.243
5114,3,383,2182.170901968813,-1410.110173895012,2020-08-08T12:18:43Z,45.37740000,7.80783333,1115.00,44.236
5115,3,384,2183.170901968813,-1409.110173895012,2020-08-08T12:18:44Z,45.37750000,7.80778333,1116.00,44.226
5116,3,385,2184.170901968813,-1408.110173895012,2020-08-08T12:18:45Z,45.37760000,7.80780000,1117.00,44.215
5117,3,386,2185.170901968813,-1407.110173895012,2020-08-08T12:18:46Z,45.37770000,7.80783333,1116.00,44.203
5118,3,387,2186.170901968813,-1406.110173895012,2020-08-08T12:18:47Z,45.37778333,7.80790000,1117.00,44.193
5119,3,388,2187.170901968813,-1405.110173895012,2020-08-08T12:18:48Z,45.37783333,7.80798333,1116.00,44.186
5120,3,389,2188.170901968813,-1404.110173895012,2020-08-08T12:18:49Z,45.37788333,7.80808333,1114.00,44.179
5121,3,390,2189.170901968813,-1403.110173895012,2020-08-08T12:18:50Z,45.37788333,7.80821667,1112.00,44.176
5122,3,391,2190.170901968813,-1402.110173895012,2020-08-08T12:18:51Z,45.37785000,7.80836667,1110.00,44.177
5123,3,392,2191.170901968813,-1401.110173895012,2020-08-08T12:18:52Z,45.37778333,7.80846667,1109.00,44.182
5124,3,393,2192.170901968813,-1400.110173895012,2020-08-08T12:18:53Z,45.37770000,7.80851667,1108.00,44.19
5125,3,394,2193.170901968813,-1399.110173895012,2020-08-08T12:18:54Z,45.37761667,7.80848333,1106.00,44.2
5126,3,395,2194.170901968813,-1398.110173895012,2020-08-08T12:18:55Z,45.37755000,7.80840000,1105.00,44.209
5127,3,396,2195.170901968813,-1397.110173895012,2020-08-08T12:18:56Z,45.37750000,7.80826667,1105.00,44.217
5128,3,397,2196.170901968813,-1396.110173895012,2020-08-08T12:18:57Z,45.37751667,7.80811667,1105.00,44.218
5129,3,398,2197.170901968813,-1395.110173895012,2020-08-08T12:18:58Z,45.37753333,7.80798333,1106.00,44.218
5130,3,399,2198.170901968813,-1394.110173895012,2020-08-08T12:18:59Z,45.37758333,7.80786667,1107.00,44.215
5131,3,400,2199.170901968813,-1393.110173895012,2020-08-08T12:19:00Z,45.37763333,7.80776667,1108.00,44.212
5132,3,401,2200.170901968813,-1392.110173895012,2020-08-08T12:19:01Z,45.37770000,7.80766667,1110.00,44.206
5133,3,402,2201.170901968813,-1391.110173895012,2020-08-08T12:19:02Z,45.37778333,7.80758333,1111.00,44.199
5134,3,403,2202.170901968813,-1390.110173895012,2020-08-08T12:19:03Z,45.37786667,7.80750000,1111.00,44.192
5135,3,404,2203.170901968813,-1389.110173895012,2020-08-08T12:19:04Z,45.37795000,7.80740000,1111.00,44.185
5136,3,405,2204.170901968813,-1388.110173895012,2020-08-08T12:19:05Z,45.37801667,7.80726667,1110.00,44.18
5137,3,406,2205.170901968813,-1387.110173895012,2020-08-08T12:19:06Z,45.37808333,7.80713333,1112.00,44.176
5138,3,407,2206.170901968813,-1386.110173895012,2020-08-08T12:19:07Z,45.37813333,7.80700000,1114.00,44.173
5139,3,408,2207.170901968813,-1385.110173895012,2020-08-08T12:19:08Z,45.37820000,7.80690000,1116.00,44.168
5140,3,409,2208.170901968813,-1384.110173895012,2020-08-08T12:19:09Z,45.37826667,7.80683333,1117.00,44.162
5141,3,410,2209.170901968813,-1383.110173895012,2020-08-08T12:19:10Z,45.37836667,7.80678333,1118.00,44.152
5142,3,411,2210.170901968813,-1382.110173895012,2020-08-08T12:19:11Z,45.37843333,7.80670000,1119.00,44.147
5143,3,412,2211.170901968813,-1381.110173895012,2020-08-08T12:19:12Z,45.37848333,7.80656667,1119.00,44.144
5144,3,413,2212.170901968813,-1380.110173895012,2020-08-08T12:19:13Z,45.37848333,7.80641667,1117.00,44.147
5145,3,414,2213.170901968813,-1379.110173895012,2020-08-08T12:19:14Z,45.37841667,7.80630000,1114.00,44.156
5146,3,415,2214.170901968813,-1378.110173895012,2020-08-08T12:19:15Z,45.37831667,7.80625000,1112.00,44.168
5147,3,416,2215.170901968813,-1377.110173895012,2020-08-08T12:19:16Z,45.37823333,7.80625000,1113.00,44.177
5148,3,417,2216.170901968813,-1376.110173895012,2020-08-08T12:19:17Z,45.37818333,7.80626667,1114.00,44.182
5149,3,418,2217.170901968813,-1375.110173895012,2020-08-08T12:19:18Z,45.37815000,7.80630000,1114.00,44.185
5150,3,419,2218.170901968813,-1374.110173895012,2020-08-08T12:19:19Z,45.37811667,7.80636667,1112.00,44.187
5151,3,420,2219.170901968813,-1373.110173895012,2020-08-08T12:19:20Z,45.37808333,7.80645000,1111.00,44.189
5152,3,421,2220.170901968813,-1372.110173895012,2020-08-08T12:19:21Z,45.37803333,7.80655000,1108.00,44.193
5153,3,422,2221.170901968813,-1371.110173895012,2020-08-08T12:19:22Z,45.37800000,7.80668333,1107.00,44.193
5154,3,423,2222.170901968813,-1370.110173895012,2020-08-08T12:19:23Z,45.37803333,7.80683333,1106.00,44.187
5155,3,424,2223.170901968813,-1369.110173895012,2020-08-08T12:19:24Z,45.37813333,7.80693333,1104.00,44.174
5156,3,425,2224.170901968813,-1368.110173895012,2020-08-08T12:19:25Z,45.37826667,7.80700000,1101.00,44.158
5157,3,426,2225.170901968813,-1367.110173895012,2020-08-08T12:19:26Z,45.37841667,7.80700000,1101.00,44.142
5158,3,427,2226.170901968813,-1366.110173895012,2020-08-08T12:19:27Z,45.37853333,7.80698333,1102.00,44.13
5159,3,428,2227.170901968813,-1365.110173895012,2020-08-08T12:19:28Z,45.37863333,7.80696667,1103.00,44.12
5160,3,429,2228.170901968813,-1364.110173895012,2020-08-08T12:19:29Z,45.37875000,7.80698333,1104.00,44.107
5161,3,430,2229.170901968813,-1363.110173895012,2020-08-08T12:19:30Z,45.37886667,7.80700000,1105.00,44.094
5162,3,431,2230.170901968813,-1362.110173895012,2020-08-08T12:19:31Z,45.37898333,7.80701667,1104.00,44.081
5163,3,432,2231.170901968813,-1361.110173895012,2020-08-08T12:19:32Z,45.37911667,7.80700000,1105.00,44.067
5164,3,433,2232.170901968813,-1360.110173895012,2020-08-08T12:19:33Z,45.37925000,7.80700000,1106.00,44.053
5165,3,434,2233.170901968813,-1359.110173895012,2020-08-08T12:19:34Z,45.37936667,7.80700000,1107.00,44.04
5166,3,435,2234.170901968813,-1358.110173895012,2020-08-08T12:19:35Z,45.37948333,7.80705000,1108.00,44.027
5167,3,436,2235.170901968813,-1357.110173895012,2020-08-08T12:19:36Z,45.37956667,7.80713333,1107.00,44.016
5168,3,437,2236.170901968813,-1356.110173895012,2020-08-08T12:19:37Z,45.37968333,7.80720000,1107.00,44.002
5169,3,438,2237.170901968813,-1355.110173895012,2020-08-08T12:19:38Z,45.37978333,7.80723333,1106.00,43.991
5170,3,439,2238.170901968813,-1354.110173895012,2020-08-08T12:19:39Z,45.37990000,7.80725000,1106.00,43.978
5171,3,440,2239.170901968813,-1353.110173895012,2020-08-08T12:19:40Z,45.38001667,7.80726667,1105.00,43.965
5172,3,441,2240.170901968813,-1352.110173895012,2020-08-08T12:19:41Z,45.38013333,7.80728333,1104.00,43.952
5173,3,442,2241.170901968813,-1351.110173895012,2020-08-08T12:19:42Z,45.38025000,7.80733333,1102.00,43.939
5174,3,443,2242.170901968813,-1350.110173895012,2020-08-08T12:19:43Z,45.38036667,7.80736667,1100.00,43.925
5175,3,444,2243.170901968813,-1349.110173895012,2020-08-08T12:19:44Z,45.38048333,7.80741667,1097.00,43.912
5176,3,445,2244.170901968813,-1348.110173895012,2020-08-08T12:19:45Z,45.38061667,7.80743333,1096.00,43.897
5177,3,446,2245.170901968813,-1347.110173895012,2020-08-08T12:19:46Z,45.38075000,7.80746667,1095.00,43.882
5178,3,447,2246.170901968813,-1346.110173895012,2020-08-08T12:19:47Z,45.38086667,7.80750000,1095.00,43.869
5179,3,448,2247.170901968813,-1345.110173895012,2020-08-08T12:19:48Z,45.38098333,7.80753333,1093.00,43.856
5180,3,449,2248.170901968813,-1344.110173895012,2020-08-08T12:19:49Z,45.38110000,7.80758333,1092.00,43.842
5181,3,450,2249.170901968813,-1343.110173895012,2020-08-08T12:19:50Z,45.38121667,7.80761667,1090.00,43.829
5182,3,451,2250.170901968813,-1342.110173895012,2020-08-08T12:19:51Z,45.38133333,7.80766667,1089.00,43.815
5183,3,452,2251.170901968813,-1341.110173895012,2020-08-08T12:19:52Z,45.38145000,7.80770000,1087.00,43.802
5184,3,453,2252.170901968813,-1340.110173895012,2020-08-08T12:19:53Z,45.38156667,7.80775000,1084.00,43.789
5185,3,454,2253.170901968813,-1339.110173895012,2020-08-08T12:19:54Z,45.38170000,7.80780000,1082.00,43.773
5186,3,455,2254.170901968813,-1338.110173895012,2020-08-08T12:19:55Z,45.38183333,7.80786667,1080.00,43.758
5187,3,456,2255.170901968813,-1337.110173895012,2020-08-08T12:19:56Z,45.38196667,7.80793333,1077.00,43.742
5188,3,457,2256.170901968813,-1336.110173895012,2020-08-08T12:19:57Z,45.38211667,7.80798333,1076.00,43.725
5189,3,458,2257.170901968813,-1335.110173895012,2020-08-08T12:19:58Z,45.38225000,7.80803333,1076.00,43.71
5190,3,459,2258.170901968813,-1334.110173895012,2020-08-08T12:19:59Z,45.38236667,7.80808333,1076.00,43.696
5191,3,460,2259.170901968813,-1333.110173895012,2020-08-08T12:20:00Z,45.38250000,7.80813333,1076.00,43.681
5192,3,461,2260.170901968813,-1332.110173895012,2020-08-08T12:20:01Z,45.38261667,7.80818333,1075.00,43.667
5193,3,462,2261.170901968813,-1331.110173895012,2020-08-08T12:20:02Z,45.38273333,7.80821667,1073.00,43.654
5194,3,463,2262.170901968813,-1330.110173895012,2020-08-08T12:20:03Z,45.38286667,7.80826667,1073.00,43.639
5195,3,464,2263.170901968813,-1329.110173895012,2020-08-08T12:20:04Z,45.38298333,7.80830000,1072.00,43.625
5196,3,465,2264.170901968813,-1328.110173895012,2020-08-08T12:20:05Z,45.38311667,7.80833333,1071.00,43.61
5197,3,466,2265.170901968813,-1327.110173895012,2020-08-08T12:20:06Z,45.38323333,7.80838333,1071.00,43.597
5198,3,467,2266.170901968813,-1326.110173895012,2020-08-08T12:20:07Z,45.38333333,7.80843333,1071.00,43.585
5199,3,468,2267.170901968813,-1325.110173895012,2020-08-08T12:20:08Z,45.38345000,7.80848333,1071.00,43.572
5200,3,469,2268.170901968813,-1324.110173895012,2020-08-08T12:20:09Z,45.38355000,7.80851667,1072.00,43.56
5201,3,470,2269.170901968813,-1323.110173895012,2020-08-08T12:20:10Z,45.38365000,7.80856667,1072.00,43.548
5202,3,471,2270.170901968813,-1322.110173895012,2020-08-08T12:20:11Z,45.38375000,7.80860000,1073.00,43.537
5203,3,472,2271.170901968813,-1321.110173895012,2020-08-08T12:20:12Z,45.38385000,7.80861667,1075.00,43.526
5204,3,473,2272.170901968813,-1320.110173895012,2020-08-08T12:20:13Z,45.38395000,7.80863333,1076.00,43.515
5205,3,474,2273.170901968813,-1319.110173895012,2020-08-08T12:20:14Z,45.38403333,7.80866667,1078.00,43.505
5206,3,475,2274.170901968813,-1318.110173895012,2020-08-08T12:20:15Z,45.38413333,7.80870000,1078.00,43.494
5207,3,476,2275.170901968813,-1317.110173895012,2020-08-08T12:20:16Z,45.38421667,7.80873333,1078.00,43.484
5208,3,477,2276.170901968813,-1316.110173895012,2020-08-08T12:20:17Z,45.38430000,7.80876667,1079.00,43.475
5209,3,478,2277.170901968813,-1315.110173895012,2020-08-08T12:20:18Z,45.38440000,7.80880000,1078.00,43.463
5210,3,479,2278.170901968813,-1314.110173895012,2020-08-08T12:20:19Z,45.38450000,7.80883333,1078.00,43.452
5211,3,480,2279.170901968813,-1313.110173895012,2020-08-08T12:20:20Z,45.38460000,7.80886667,1077.00,43.44
5212,3,481,2280.170901968813,-1312.110173895012,2020-08-08T12:20:21Z,45.38470000,7.80890000,1077.00,43.429
5213,3,482,2281.170901968813,-1311.110173895012,2020-08-08T12:20:22Z,45.38480000,7.80893333,1076.00,43.417
5214,3,483,2282.170901968813,-1310.110173895012,2020-08-08T12:20:23Z,45.38490000,7.80896667,1074.00,43.406
5215,3,484,2283.170901968813,-1309.110173895012,2020-08-08T12:20:24Z,45.38500000,7.80901667,1073.00,43.394
5216,3,485,2284.170901968813,-1308.110173895012,2020-08-08T12:20:25Z,45.38511667,7.80903333,1072.00,43.381
5217,3,486,2285.170901968813,-1307.110173895012,2020-08-08T12:20:26Z,45.38523333,7.80901667,1072.00,43.369
5218,3,487,2286.170901968813,-1306.110173895012,2020-08-08T12:20:27Z,45.38533333,7.80901667,1073.00,43.358
5219,3,488,2287.170901968813,-1305.110173895012,2020-08-08T12:20:28Z,45.38541667,7.80903333,1072.00,43.349
5220,3,489,2288.170901968813,-1304.110173895012,2020-08-08T12:20:29Z,45.38551667,7.80908333,1069.00,43.337
5221,3,490,2289.170901968813,-1303.110173895012,2020-08-08T12:20:30Z,45.38561667,7.80915000,1067.00,43.325
5222,3,491,2290.170901968813,-1302.110173895012,2020-08-08T12:20:31Z,45.38571667,7.80921667,1064.00,43.313
5223,3,492,2291.170901968813,-1301.110173895012,2020-08-08T12:20:32Z,45.38583333,7.80926667,1062.00,43.3
5224,3,493,2292.170901968813,-1300.110173895012,2020-08-08T12:20:33Z,45.38595000,7.80930000,1062.00,43.287
5225,3,494,2293.170901968813,-1299.110173895012,2020-08-08T12:20:34Z,45.38605000,7.80931667,1062.00,43.275
5226,3,495,2294.170901968813,-1298.110173895012,2020-08-08T12:20:35Z,45.38613333,7.80933333,1061.00,43.266
5227,3,496,2295.170901968813,-1297.110173895012,2020-08-08T12:20:36Z,45.38623333,7.80935000,1060.00,43.255
5228,3,497,2296.170901968813,-1296.110173895012,2020-08-08T12:20:37Z,45.38631667,7.80936667,1058.00,43.246
5229,3,498,2297.170901968813,-1295.110173895012,2020-08-08T12:20:38Z,45.38643333,7.80941667,1056.00,43.232
5230,3,499,2298.170901968813,-1294.110173895012,2020-08-08T12:20:39Z,45.38653333,7.80945000,1054.00,43.221
5231,3,500,2299.170901968813,-1293.110173895012,2020-08-08T12:20:40Z,45.38665000,7.80950000,1053.00,43.207
5232,3,501,2300.170901968813,-1292.110173895012,2020-08-08T12:20:41Z,45.38676667,7.80953333,1054.00,43.194
5233,3,502,2301.170901968813,-1291.110173895012,2020-08-08T12:20:42Z,45.38685000,7.80956667,1053.00,43.184
5234,3,503,2302.170901968813,-1290.110173895012,2020-08-08T12:20:43Z,45.38695000,7.80958333,1053.00,43.173
5235,3,504,2303.170901968813,-1289.110173895012,2020-08-08T12:20:44Z,45.38703333,7.80960000,1052.00,43.164
5236,3,505,2304.170901968813,-1288.110173895012,2020-08-08T12:20:45Z,45.38713333,7.80961667,1051.00,43.153
5237,3,506,2305.170901968813,-1287.110173895012,2020-08-08T12:20:46Z,45.38725000,7.80965000,1049.00,43.14
5238,3,507,2306.170901968813,-1286.110173895012,2020-08-08T12:20:47Z,45.38736667,7.80966667,1048.00,43.127
5239,3,508,2307.170901968813,-1285.110173895012,2020-08-08T12:20:48Z,45.38750000,7.80971667,1047.00,43.112
5240,3,509,2308.170901968813,-1284.110173895012,2020-08-08T12:20:49Z,45.38760000,7.80976667,1048.00,43.1
5241,3,510,2309.170901968813,-1283.110173895012,2020-08-08T12:20:50Z,45.38768333,7.80983333,1050.00,43.09
5242,3,511,2310.170901968813,-1282.110173895012,2020-08-08T12:20:51Z,45.38776667,7.80990000,1051.00,43.079
5243,3,512,2311.170901968813,-1281.110173895012,2020-08-08T12:20:52Z,45.38783333,7.80995000,1052.00,43.071
5244,3,513,2312.170901968813,-1280.110173895012,2020-08-08T12:20:53Z,45.38793333,7.81000000,1051.00,43.059
5245,3,514,2313.170901968813,-1279.110173895012,2020-08-08T12:20:54Z,45.38805000,7.81003333,1050.00,43.046
5246,3,515,2314.170901968813,-1278.110173895012,2020-08-08T12:20:55Z,45.38816667,7.81010000,1050.00,43.032
5247,3,516,2315.170901968813,-1277.110173895012,2020-08-08T12:20:56Z,45.38828333,7.81015000,1050.00,43.019
5248,3,517,2316.170901968813,-1276.110173895012,2020-08-08T12:20:57Z,45.38838333,7.81020000,1052.00,43.007
5249,3,518,2317.170901968813,-1275.110173895012,2020-08-08T12:20:58Z,45.38848333,7.81023333,1052.00,42.996
5250,3,519,2318.170901968813,-1274.110173895012,2020-08-08T12:20:59Z,45.38858333,7.81026667,1052.00,42.984
5251,3,520,2319.170901968813,-1273.110173895012,2020-08-08T12:21:00Z,45.38870000,7.81030000,1051.00,42.971
5252,3,521,2320.170901968813,-1272.110173895012,2020-08-08T12:21:01Z,45.38878333,7.81033333,1050.00,42.961
5253,3,522,2321.170901968813,-1271.110173895012,2020-08-08T12:21:02Z,45.38888333,7.81036667,1049.00,42.95
5254,3,523,2322.170901968813,-1270.110173895012,2020-08-08T12:21:03Z,45.38898333,7.81040000,1048.00,42.939
5255,3,524,2323.170901968813,-1269.110173895012,2020-08-08T12:21:04Z,45.38908333,7.81043333,1046.00,42.927
5256,3,525,2324.170901968813,-1268.110173895012,2020-08-08T12:21:05Z,45.38918333,7.81045000,1044.00,42.916
5257,3,526,2325.170901968813,-1267.110173895012,2020-08-08T12:21:06Z,45.38930000,7.81046667,1041.00,42.903
5258,3,527,2326.170901968813,-1266.110173895012,2020-08-08T12:21:07Z,45.38940000,7.81048333,1039.00,42.892
5259,3,528,2327.170901968813,-1265.110173895012,2020-08-08T12:21:08Z,45.38951667,7.81048333,1038.00,42.88
5260,3,529,2328.170901968813,-1264.110173895012,2020-08-08T12:21:09Z,45.38961667,7.81050000,1036.00,42.868
5261,3,530,2329.170901968813,-1263.110173895012,2020-08-08T12:21:10Z,45.38973333,7.81051667,1033.00,42.856
5262,3,531,2330.170901968813,-1262.110173895012,2020-08-08T12:21:11Z,45.38983333,7.81053333,1031.00,42.844
5263,3,532,2331.170901968813,-1261.110173895012,2020-08-08T12:21:12Z,45.38995000,7.81055000,1029.00,42.832
5264,3,533,2332.170901968813,-1260.110173895012,2020-08-08T12:21:13Z,45.39006667,7.81056667,1027.00,42.819
5265,3,534,2333.170901968813,-1259.110173895012,2020-08-08T12:21:14Z,45.39018333,7.81063333,1025.00,42.805
5266,3,535,2334.170901968813,-1258.110173895012,2020-08-08T12:21:15Z,45.39030000,7.81070000,1022.00,42.791
5267,3,536,2335.170901968813,-1257.110173895012,2020-08-08T12:21:16Z,45.39040000,7.81078333,1022.00,42.779
5268,3,537,2336.170901968813,-1256.110173895012,2020-08-08T12:21:17Z,45.39051667,7.81083333,1020.00,42.765
5269,3,538,2337.170901968813,-1255.110173895012,2020-08-08T12:21:18Z,45.39061667,7.81088333,1019.00,42.753
5270,3,539,2338.170901968813,-1254.110173895012,2020-08-08T12:21:19Z,45.39071667,7.81093333,1018.00,42.742
5271,3,540,2339.170901968813,-1253.110173895012,2020-08-08T12:21:20Z,45.39083333,7.81098333,1017.00,42.728
5272,3,541,2340.170901968813,-1252.110173895012,2020-08-08T12:21:21Z,45.39095000,7.81103333,1017.00,42.714
5273,3,542,2341.170901968813,-1251.110173895012,2020-08-08T12:21:22Z,45.39106667,7.81108333,1016.00,42.701
5274,3,543,2342.170901968813,-1250.110173895012,2020-08-08T12:21:23Z,45.39116667,7.81111667,1016.00,42.689
5275,3,544,2343.170901968813,-1249.110173895012,2020-08-08T12:21:24Z,45.39128333,7.81115000,1017.00,42.676
5276,3,545,2344.170901968813,-1248.110173895012,2020-08-08T12:21:25Z,45.39138333,7.81116667,1017.00,42.665
5277,3,546,2345.170901968813,-1247.110173895012,2020-08-08T12:21:26Z,45.39148333,7.81120000,1017.00,42.654
5278,3,547,2346.170901968813,-1246.110173895012,2020-08-08T12:21:27Z,45.39160000,7.81121667,1017.00,42.641
5279,3,548,2347.170901968813,-1245.110173895012,2020-08-08T12:21:28Z,45.39171667,7.81121667,1016.00,42.628
5280,3,549,2348.170901968813,-1244.110173895012,2020-08-08T12:21:29Z,45.39183333,7.81123333,1016.00,42.616
5281,3,550,2349.170901968813,-1243.110173895012,2020-08-08T12:21:30Z,45.39195000,7.81126667,1016.00,42.602
5282,3,551,2350.170901968813,-1242.110173895012,2020-08-08T12:21:31Z,45.39206667,7.81130000,1016.00,42.589
5283,3,552,2351.170901968813,-1241.110173895012,2020-08-08T12:21:32Z,45.39216667,7.81135000,1017.00,42.577
5284,3,553,2352.170901968813,-1240.110173895012,2020-08-08T12:21:33Z,45.39228333,7.81138333,1018.00,42.564
5285,3,554,2353.170901968813,-1239.110173895012,2020-08-08T12:21:34Z,45.39238333,7.81141667,1018.00,42.553
5286,3,555,2354.170901968813,-1238.110173895012,2020-08-08T12:21:35Z,45.39250000,7.81143333,1018.00,42.54
5287,3,556,2355.170901968813,-1237.110173895012,2020-08-08T12:21:36Z,45.39261667,7.81145000,1018.00,42.527
5288,3,557,2356.170901968813,-1236.110173895012,2020-08-08T12:21:37Z,45.39273333,7.81145000,1018.00,42.514
5289,3,558,2357.170901968813,-1235.110173895012,2020-08-08T12:21:38Z,45.39283333,7.81143333,1016.00,42.504
5290,3,559,2358.170901968813,-1234.110173895012,2020-08-08T12:21:39Z,45.39296667,7.81143333,1016.00,42.49
5291,3,560,2359.170901968813,-1233.110173895012,2020-08-08T12:21:40Z,45.39308333,7.81141667,1014.00,42.478
5292,3,561,2360.170901968813,-1232.110173895012,2020-08-08T12:21:41Z,45.39321667,7.81141667,1012.00,42.463
5293,3,562,2361.170901968813,-1231.110173895012,2020-08-08T12:21:42Z,45.39333333,7.81143333,1011.00,42.45
5294,3,563,2362.170901968813,-1230.110173895012,2020-08-08T12:21:43Z,45.39346667,7.81143333,1010.00,42.436
5295,3,564,2363.170901968813,-1229.110173895012,2020-08-08T12:21:44Z,45.39358333,7.81143333,1009.00,42.424
5296,3,565,2364.170901968813,-1228.110173895012,2020-08-08T12:21:45Z,45.39371667,7.81143333,1009.00,42.409
5297,3,566,2365.170901968813,-1227.110173895012,2020-08-08T12:21:46Z,45.39385000,7.81141667,1009.00,42.395
5298,3,567,2366.170901968813,-1226.110173895012,2020-08-08T12:21:47Z,45.39396667,7.81138333,1009.00,42.383
5299,3,568,2367.170901968813,-1225.110173895012,2020-08-08T12:21:48Z,45.39408333,7.81135000,1009.00,42.372
5300,3,569,2368.170901968813,-1224.110173895012,2020-08-08T12:21:49Z,45.39420000,7.81131667,1009.00,42.36
5301,3,570,2369.170901968813,-1223.110173895012,2020-08-08T12:21:50Z,45.39431667,7.81126667,1009.00,42.348
5302,3,571,2370.170901968813,-1222.110173895012,2020-08-08T12:21:51Z,45.39443333,7.81121667,1008.00,42.337
5303,3,572,2371.170901968813,-1221.110173895012,2020-08-08T12:21:52Z,45.39455000,7.81116667,1008.00,42.325
5304,3,573,2372.170901968813,-1220.110173895012,2020-08-08T12:21:53Z,45.39466667,7.81110000,1008.00,42.314
5305,3,574,2373.170901968813,-1219.110173895012,2020-08-08T12:21:54Z,45.39476667,7.81105000,1009.00,42.304
5306,3,575,2374.170901968813,-1218.110173895012,2020-08-08T12:21:55Z,45.39486667,7.81100000,1009.00,42.295
5307,3,576,2375.170901968813,-1217.110173895012,2020-08-08T12:21:56Z,45.39495000,7.81095000,1009.00,42.287
5308,3,577,2376.170901968813,-1216.110173895012,2020-08-08T12:21:57Z,45.39505000,7.81090000,1007.00,42.277
5309,3,578,2377.170901968813,-1215.110173895012,2020-08-08T12:21:58Z,45.39515000,7.81083333,1006.00,42.268
5310,3,579,2378.170901968813,-1214.110173895012,2020-08-08T12:21:59Z,45.39526667,7.81076667,1005.00,42.257
5311,3,580,2379.170901968813,-1213.110173895012,2020-08-08T12:22:00Z,45.39538333,7.81068333,1004.00,42.246
5312,3,581,2380.170901968813,-1212.110173895012,2020-08-08T12:22:01Z,45.39550000,7.81060000,1002.00,42.235
5313,3,582,2381.170901968813,-1211.110173895012,2020-08-08T12:22:02Z,45.39561667,7.81051667,1001.00,42.225
5314,3,583,2382.170901968813,-1210.110173895012,2020-08-08T12:22:03Z,45.39573333,7.81043333,999.00,42.214
5315,3,584,2383.170901968813,-1209.110173895012,2020-08-08T12:22:04Z,45.39585000,7.81036667,997.00,42.203
5316,3,585,2384.170901968813,-1208.110173895012,2020-08-08T12:22:05Z,45.39596667,7.81028333,993.00,42.192
5317,3,586,2385.170901968813,-1207.110173895012,2020-08-08T12:22:06Z,45.39608333,7.81018333,990.00,42.182
5318,3,587,2386.170901968813,-1206.110173895012,2020-08-08T12:22:07Z,45.39621667,7.81010000,988.00,42.169
5319,3,588,2387.170901968813,-1205.110173895012,2020-08-08T12:22:08Z,45.39635000,7.81000000,986.00,42.157
5320,3,589,2388.170901968813,-1204.110173895012,2020-08-08T12:22:09Z,45.39648333,7.80990000,985.00,42.145
5321,3,590,2389.170901968813,-1203.110173895012,2020-08-08T12:22:10Z,45.39660000,7.80980000,984.00,42.135
5322,3,591,2390.170901968813,-1202.110173895012,2020-08-08T12:22:11Z,45.39670000,7.80970000,982.00,42.126
5323,3,592,2391.170901968813,-1201.110173895012,2020-08-08T12:22:12Z,45.39681667,7.80961667,981.00,42.116
5324,3,593,2392.170901968813,-1200.110173895012,2020-08-08T12:22:13Z,45.39693333,7.80951667,978.00,42.105
5325,3,594,2393.170901968813,-1199.110173895012,2020-08-08T12:22:14Z,45.39705000,7.80941667,976.00,42.095
5326,3,595,2394.170901968813,-1198.110173895012,2020-08-08T12:22:15Z,45.39716667,7.80931667,974.00,42.085
5327,3,596,2395.170901968813,-1197.110173895012,2020-08-08T12:22:16Z,45.39728333,7.80921667,973.00,42.075
5328,3,597,2396.170901968813,-1196.110173895012,2020-08-08T12:22:17Z,45.39738333,7.80910000,972.00,42.067
5329,3,598,2397.170901968813,-1195.110173895012,2020-08-08T12:22:18Z,45.39750000,7.80900000,971.00,42.056
5330,3,599,2398.170901968813,-1194.110173895012,2020-08-08T12:22:19Z,45.39758333,7.80890000,970.00,42.05
5331,3,600,2399.170901968813,-1193.110173895012,2020-08-08T12:22:20Z,45.39768333,7.80880000,970.00,42.041
5332,3,601,2400.170901968813,-1192.110173895012,2020-08-08T12:22:21Z,45.39780000,7.80870000,967.00,42.031
5333,3,602,2401.170901968813,-1191.110173895012,2020-08-08T12:22:22Z,45.39790000,7.80860000,966.00,42.023
5334,3,603,2402.170901968813,-1190.110173895012,2020-08-08T12:22:23Z,45.39800000,7.80850000,964.00,42.014
5335,3,604,2403.170901968813,-1189.110173895012,2020-08-08T12:22:24Z,45.39810000,7.80840000,963.00,42.006
5336,3,605,2404.170901968813,-1188.110173895012,2020-08-08T12:22:25Z,45.39818333,7.80830000,962.00,41.999
5337,3,606,2405.170901968813,-1187.110173895012,2020-08-08T12:22:26Z,45.39828333,7.80821667,961.00,41.991
5338,3,607,2406.170901968813,-1186.110173895012,2020-08-08T12:22:27Z,45.39838333,7.80811667,959.00,41.982
5339,3,608,2407.170901968813,-1185.110173895012,2020-08-08T12:22:28Z,45.39850000,7.80803333,959.00,41.972
5340,3,609,2408.170901968813,-1184.110173895012,2020-08-08T12:22:29Z,45.39860000,7.80793333,958.00,41.964
5341,3,610,2409.170901968813,-1183.110173895012,2020-08-08T12:22:30Z,45.39868333,7.80786667,958.00,41.956
5342,3,611,2410.170901968813,-1182.110173895012,2020-08-08T12:22:31Z,45.39878333,7.80780000,959.00,41.947
5343,3,612,2411.170901968813,-1181.110173895012,2020-08-08T12:22:32Z,45.39886667,7.80775000,958.00,41.94
5344,3,613,2412.170901968813,-1180.110173895012,2020-08-08T12:22:33Z,45.39896667,7.80766667,956.00,41.931
5345,3,614,2413.170901968813,-1179.110173895012,2020-08-08T12:22:34Z,45.39906667,7.80756667,955.00,41.923
5346,3,615,2414.170901968813,-1178.110173895012,2020-08-08T12:22:35Z,45.39916667,7.80746667,953.00,41.914
5347,3,616,2415.170901968813,-1177.110173895012,2020-08-08T12:22:36Z,45.39928333,7.80736667,951.00,41.904
5348,3,617,2416.170901968813,-1176.110173895012,2020-08-08T12:22:37Z,45.39940000,7.80726667,950.00,41.894
5349,3,618,2417.170901968813,-1175.110173895012,2020-08-08T12:22:38Z,45.39951667,7.80715000,949.00,41.885
5350,3,619,2418.170901968813,-1174.110173895012,2020-08-08T12:22:39Z,45.39965000,7.80703333,948.00,41.873
5351,3,620,2419.170901968813,-1173.110173895012,2020-08-08T12:22:40Z,45.39976667,7.80690000,947.00,41.864
5352,3,621,2420.170901968813,-1172.110173895012,2020-08-08T12:22:41Z,45.39988333,7.80678333,946.00,41.855
5353,3,622,2421.170901968813,-1171.110173895012,2020-08-08T12:22:42Z,45.39998333,7.80666667,946.00,41.847
5354,3,623,2422.170901968813,-1170.110173895012,2020-08-08T12:22:43Z,45.40010000,7.80655000,945.00,41.837
5355,3,624,2423.170901968813,-1169.110173895012,2020-08-08T12:22:44Z,45.40020000,7.80643333,943.00,41.829
5356,3,625,2424.170901968813,-1168.110173895012,2020-08-08T12:22:45Z,45.40031667,7.80633333,941.00,41.82
5357,3,626,2425.170901968813,-1167.110173895012,2020-08-08T12:22:46Z,45.40045000,7.80623333,937.00,41.808
5358,3,627,2426.170901968813,-1166.110173895012,2020-08-08T12:22:47Z,45.40058333,7.80611667,934.00,41.797
5359,3,628,2427.170901968813,-1165.110173895012,2020-08-08T12:22:48Z,45.40071667,7.80601667,930.00,41.785
5360,3,629,2428.170901968813,-1164.110173895012,2020-08-08T12:22:49Z,45.40085000,7.80590000,927.00,41.774
5361,3,630,2429.170901968813,-1163.110173895012,2020-08-08T12:22:50Z,45.40100000,7.80578333,923.00,41.761
5362,3,631,2430.170901968813,-1162.110173895012,2020-08-08T12:22:51Z,45.40115000,7.80565000,921.00,41.748
5363,3,632,2431.170901968813,-1161.110173895012,2020-08-08T12:22:52Z,45.40128333,7.80553333,918.00,41.737
5364,3,633,2432.170901968813,-1160.110173895012,2020-08-08T12:22:53Z,45.40141667,7.80541667,915.00,41.725
5365,3,634,2433.170901968813,-1159.110173895012,2020-08-08T12:22:54Z,45.40156667,7.80531667,913.00,41.712
5366,3,635,2434.170901968813,-1158.110173895012,2020-08-08T12:22:55Z,45.40170000,7.80523333,910.00,41.699
5367,3,636,2435.170901968813,-1157.110173895012,2020-08-08T12:22:56Z,45.40183333,7.80513333,907.00,41.687
5368,3,637,2436.170901968813,-1156.110173895012,2020-08-08T12:22:57Z,45.40198333,7.80505000,905.00,41.673
5369,3,638,2437.170901968813,-1155.110173895012,2020-08-08T12:22:58Z,45.40211667,7.80495000,901.00,41.661
5370,3,639,2438.170901968813,-1154.110173895012,2020-08-08T12:22:59Z,45.40226667,7.80485000,897.00,41.648
5371,3,640,2439.170901968813,-1153.110173895012,2020-08-08T12:23:00Z,45.40241667,7.80475000,895.00,41.634
5372,3,641,2440.170901968813,-1152.110173895012,2020-08-08T12:23:01Z,45.40255000,7.80463333,891.00,41.622
5373,3,642,2441.170901968813,-1151.110173895012,2020-08-08T12:23:02Z,45.40270000,7.80451667,888.00,41.609
5374,3,643,2442.170901968813,-1150.110173895012,2020-08-08T12:23:03Z,45.40283333,7.80440000,886.00,41.598
5375,3,644,2443.170901968813,-1149.110173895012,2020-08-08T12:23:04Z,45.40298333,7.80430000,883.00,41.584
5376,3,645,2444.170901968813,-1148.110173895012,2020-08-08T12:23:05Z,45.40311667,7.80420000,881.00,41.572
5377,3,646,2445.170901968813,-1147.110173895012,2020-08-08T12:23:06Z,45.40326667,7.80410000,878.00,41.559
5378,3,647,2446.170901968813,-1146.110173895012,2020-08-08T12:23:07Z,45.40340000,7.80398333,875.00,41.547
5379,3,648,2447.170901968813,-1145.110173895012,2020-08-08T12:23:08Z,45.40353333,7.80386667,872.00,41.536
5380,3,649,2448.170901968813,-1144.110173895012,2020-08-08T12:23:09Z,45.40368333,7.80375000,870.00,41.523
5381,3,650,2449.170901968813,-1143.110173895012,2020-08-08T12:23:10Z,45.40381667,7.80365000,867.00,41.511
5382,3,651,2450.170901968813,-1142.110173895012,2020-08-08T12:23:11Z,45.40396667,7.80355000,864.00,41.497
5383,3,652,2451.170901968813,-1141.110173895012,2020-08-08T12:23:12Z,45.40410000,7.80345000,861.00,41.486
5384,3,653,2452.170901968813,-1140.110173895012,2020-08-08T12:23:13Z,45.40425000,7.80333333,859.00,41.473
5385,3,654,2453.170901968813,-1139.110173895012,2020-08-08T12:23:14Z,45.40438333,7.80321667,856.00,41.461
5386,3,655,2454.170901968813,-1138.110173895012,2020-08-08T12:23:15Z,45.40453333,7.80308333,853.00,41.449
5387,3,656,2455.170901968813,-1137.110173895012,2020-08-08T12:23:16Z,45.40466667,7.80296667,851.00,41.437
5388,3,657,2456.170901968813,-1136.110173895012,2020-08-08T12:23:17Z,45.40481667,7.80285000,849.00,41.424
5389,3,658,2457.170901968813,-1135.110173895012,2020-08-08T12:23:18Z,45.40496667,7.80276667,848.00,41.411
5390,3,659,2458.170901968813,-1134.110173895012,2020-08-08T12:23:19Z,45.40510000,7.80270000,846.00,41.398
5391,3,660,2459.170901968813,-1133.110173895012,2020-08-08T12:23:20Z,45.40525000,7.80261667,844.00,41.384
5392,3,661,2460.170901968813,-1132.110173895012,2020-08-08T12:23:21Z,45.40538333,7.80253333,841.00,41.372
5393,3,662,2461.170901968813,-1131.110173895012,2020-08-08T12:23:22Z,45.40551667,7.80243333,838.00,41.361
5394,3,663,2462.170901968813,-1130.110173895012,2020-08-08T12:23:23Z,45.40566667,7.80235000,835.00,41.347
5395,3,664,2463.170901968813,-1129.110173895012,2020-08-08T12:23:24Z,45.40580000,7.80225000,832.00,41.335
5396,3,665,2464.170901968813,-1128.110173895012,2020-08-08T12:23:25Z,45.40595000,7.80216667,831.00,41.322
5397,3,666,2465.170901968813,-1127.110173895012,2020-08-08T12:23:26Z,45.40608333,7.80208333,830.00,41.31
5398,3,667,2466.170901968813,-1126.110173895012,2020-08-08T12:23:27Z,45.40621667,7.80203333,828.00,41.297
5399,3,668,2467.170901968813,-1125.110173895012,2020-08-08T12:23:28Z,45.40635000,7.80198333,827.00,41.284
5400,3,669,2468.170901968813,-1124.110173895012,2020-08-08T12:23:29Z,45.40648333,7.80191667,825.00,41.272
5401,3,670,2469.170901968813,-1123.110173895012,2020-08-08T12:23:30Z,45.40661667,7.80185000,822.00,41.26
5402,3,671,2470.170901968813,-1122.110173895012,2020-08-08T12:23:31Z,45.40675000,7.80178333,819.00,41.247
5403,3,672,2471.170901968813,-1121.110173895012,2020-08-08T12:23:32Z,45.40688333,7.80170000,817.00,41.235
5404,3,673,2472.170901968813,-1120.110173895012,2020-08-08T12:23:33Z,45.40701667,7.80163333,815.00,41.223
5405,3,674,2473.170901968813,-1119.110173895012,2020-08-08T12:23:34Z,45.40713333,7.80155000,813.00,41.213
5406,3,675,2474.170901968813,-1118.110173895012,2020-08-08T12:23:35Z,45.40726667,7.80148333,811.00,41.201
5407,3,676,2475.170901968813,-1117.110173895012,2020-08-08T12:23:36Z,45.40740000,7.80141667,808.00,41.188
5408,3,677,2476.170901968813,-1116.110173895012,2020-08-08T12:23:37Z,45.40751667,7.80135000,806.00,41.178
5409,3,678,2477.170901968813,-1115.110173895012,2020-08-08T12:23:38Z,45.40766667,7.80128333,802.00,41.164
5410,3,679,2478.170901968813,-1114.110173895012,2020-08-08T12:23:39Z,45.40780000,7.80121667,801.00,41.152
5411,3,680,2479.170901968813,-1113.110173895012,2020-08-08T12:23:40Z,45.40793333,7.80115000,799.00,41.139
5412,3,681,2480.170901968813,-1112.110173895012,2020-08-08T12:23:41Z,45.40806667,7.80110000,798.00,41.127
5413,3,682,2481.170901968813,-1111.110173895012,2020-08-08T12:23:42Z,45.40818333,7.80105000,797.00,41.116
5414,3,683,2482.170901968813,-1110.110173895012,2020-08-08T12:23:43Z,45.40830000,7.80098333,796.00,41.105
5415,3,684,2483.170901968813,-1109.110173895012,2020-08-08T12:23:44Z,45.40840000,7.80091667,795.00,41.097
5416,3,685,2484.170901968813,-1108.110173895012,2020-08-08T12:23:45Z,45.40851667,7.80086667,794.00,41.086
5417,3,686,2485.170901968813,-1107.110173895012,2020-08-08T12:23:46Z,45.40863333,7.80081667,793.00,41.075
5418,3,687,2486.170901968813,-1106.110173895012,2020-08-08T12:23:47Z,45.40875000,7.80076667,789.00,41.064
5419,3,688,2487.170901968813,-1105.110173895012,2020-08-08T12:23:48Z,45.40888333,7.80071667,788.00,41.051
5420,3,689,2488.170901968813,-1104.110173895012,2020-08-08T12:23:49Z,45.40901667,7.80066667,786.00,41.039
5421,3,690,2489.170901968813,-1103.110173895012,2020-08-08T12:23:50Z,45.40913333,7.80060000,785.00,41.028
5422,3,691,2490.170901968813,-1102.110173895012,2020-08-08T12:23:51Z,45.40925000,7.80056667,785.00,41.017
5423,3,692,2491.170901968813,-1101.110173895012,2020-08-08T12:23:52Z,45.40935000,7.80051667,785.00,41.008
5424,3,693,2492.170901968813,-1100.110173895012,2020-08-08T12:23:53Z,45.40945000,7.80048333,784.00,40.998
5425,3,694,2493.170901968813,-1099.110173895012,2020-08-08T12:23:54Z,45.40955000,7.80045000,785.00,40.989
5426,3,695,2494.170901968813,-1098.110173895012,2020-08-08T12:23:55Z,45.40966667,7.80040000,783.00,40.978
5427,3,696,2495.170901968813,-1097.110173895012,2020-08-08T12:23:56Z,45.40978333,7.80035000,784.00,40.967
5428,3,697,2496.170901968813,-1096.110173895012,2020-08-08T12:23:57Z,45.40988333,7.80031667,785.00,40.957
5429,3,698,2497.170901968813,-1095.110173895012,2020-08-08T12:23:58Z,45.40996667,7.80028333,786.00,40.95
5430,3,699,2498.170901968813,-1094.110173895012,2020-08-08T12:23:59Z,45.41006667,7.80028333,787.00,40.939
5431,3,700,2499.170901968813,-1093.110173895012,2020-08-08T12:24:00Z,45.41015000,7.80026667,787.00,40.931
5432,3,701,2500.170901968813,-1092.110173895012,2020-08-08T12:24:01Z,45.41026667,7.80023333,787.00,40.92
5433,3,702,2501.170901968813,-1091.110173895012,2020-08-08T12:24:02Z,45.41038333,7.80016667,786.00,40.909
5434,3,703,2502.170901968813,-1090.110173895012,2020-08-08T12:24:03Z,45.41050000,7.80010000,786.00,40.899
5435,3,704,2503.170901968813,-1089.110173895012,2020-08-08T12:24:04Z,45.41060000,7.80001667,786.00,40.891
5436,3,705,2504.170901968813,-1088.110173895012,2020-08-08T12:24:05Z,45.41070000,7.79995000,787.00,40.882
5437,3,706,2505.170901968813,-1087.110173895012,2020-08-08T12:24:06Z,45.41081667,7.79988333,789.00,40.872
5438,3,707,2506.170901968813,-1086.110173895012,2020-08-08T12:24:07Z,45.41091667,7.79980000,790.00,40.864
5439,3,708,2507.170901968813,-1085.110173895012,2020-08-08T12:24:08Z,45.41103333,7.79975000,792.00,40.853
5440,3,709,2508.170901968813,-1084.110173895012,2020-08-08T12:24:09Z,45.41115000,7.79971667,793.00,40.842
5441,3,710,2509.170901968813,-1083.110173895012,2020-08-08T12:24:10Z,45.41126667,7.79971667,795.00,40.83
5442,3,711,2510.170901968813,-1082.110173895012,2020-08-08T12:24:11Z,45.41136667,7.79973333,797.00,40.819
5443,3,712,2511.170901968813,-1081.110173895012,2020-08-08T12:24:12Z,45.41145000,7.79978333,798.00,40.809
5444,3,713,2512.170901968813,-1080.110173895012,2020-08-08T12:24:13Z,45.41151667,7.79988333,798.00,40.799
5445,3,714,2513.170901968813,-1079.110173895012,2020-08-08T12:24:14Z,45.41156667,7.80000000,799.00,40.791
5446,3,715,2514.170901968813,-1078.110173895012,2020-08-08T12:24:15Z,45.41158333,7.80015000,798.00,40.785
5447,3,716,2515.170901968813,-1077.110173895012,2020-08-08T12:24:16Z,45.41156667,7.80030000,799.00,40.783
5448,3,717,2516.170901968813,-1076.110173895012,2020-08-08T12:24:17Z,45.41150000,7.80041667,802.00,40.786
5449,3,718,2517.170901968813,-1075.110173895012,2020-08-08T12:24:18Z,45.41143333,7.80048333,803.00,40.791
5450,3,719,2518.170901968813,-1074.110173895012,2020-08-08T12:24:19Z,45.41138333,7.80050000,805.00,40.796
5451,3,720,2519.170901968813,-1073.110173895012,2020-08-08T12:24:20Z,45.41133333,7.80050000,807.00,40.801
5452,3,721,2520.170901968813,-1072.110173895012,2020-08-08T12:24:21Z,45.41128333,7.80046667,808.00,40.807
5453,3,722,2521.170901968813,-1071.110173895012,2020-08-08T12:24:22Z,45.41121667,7.80040000,808.00,40.816
5454,3,723,2522.170901968813,-1070.110173895012,2020-08-08T12:24:23Z,45.41116667,7.80031667,808.00,40.824
5455,3,724,2523.170901968813,-1069.110173895012,2020-08-08T12:24:24Z,45.41113333,7.80018333,809.00,40.831
5456,3,725,2524.170901968813,-1068.110173895012,2020-08-08T12:24:25Z,45.41115000,7.80005000,810.00,40.833
5457,3,726,2525.170901968813,-1067.110173895012,2020-08-08T12:24:26Z,45.41120000,7.79991667,811.00,40.831
5458,3,727,2526.170901968813,-1066.110173895012,2020-08-08T12:24:27Z,45.41126667,7.79980000,811.00,40.828
5459,3,728,2527.170901968813,-1065.110173895012,2020-08-08T12:24:28Z,45.41136667,7.79968333,813.00,40.82
5460,3,729,2528.170901968813,-1064.110173895012,2020-08-08T12:24:29Z,45.41146667,7.79961667,814.00,40.812
5461,3,730,2529.170901968813,-1063.110173895012,2020-08-08T12:24:30Z,45.41158333,7.79960000,816.00,40.8
5462,3,731,2530.170901968813,-1062.110173895012,2020-08-08T12:24:31Z,45.41168333,7.79963333,816.00,40.789
5463,3,732,2531.170901968813,-1061.110173895012,2020-08-08T12:24:32Z,45.41176667,7.79975000,817.00,40.777
5464,3,733,2532.170901968813,-1060.110173895012,2020-08-08T12:24:33Z,45.41181667,7.79988333,816.00,40.768
5465,3,734,2533.170901968813,-1059.110173895012,2020-08-08T12:24:34Z,45.41183333,7.80003333,817.00,40.762
5466,3,735,2534.170901968813,-1058.110173895012,2020-08-08T12:24:35Z,45.41181667,7.80015000,819.00,40.761
5467,3,736,2535.170901968813,-1057.110173895012,2020-08-08T12:24:36Z,45.41178333,7.80025000,821.00,40.761
5468,3,737,2536.170901968813,-1056.110173895012,2020-08-08T12:24:37Z,45.41173333,7.80033333,822.00,40.764
5469,3,738,2537.170901968813,-1055.110173895012,2020-08-08T12:24:38Z,45.41168333,7.80036667,823.00,40.769
5470,3,739,2538.170901968813,-1054.110173895012,2020-08-08T12:24:39Z,45.41160000,7.80038333,823.00,40.777
5471,3,740,2539.170901968813,-1053.110173895012,2020-08-08T12:24:40Z,45.41153333,7.80035000,824.00,40.785
5472,3,741,2540.170901968813,-1052.110173895012,2020-08-08T12:24:41Z,45.41145000,7.80031667,824.00,40.794
5473,3,742,2541.170901968813,-1051.110173895012,2020-08-08T12:24:42Z,45.41138333,7.80023333,825.00,40.803
5474,3,743,2542.170901968813,-1050.110173895012,2020-08-08T12:24:43Z,45.41131667,7.80013333,827.00,40.813
5475,3,744,2543.170901968813,-1049.110173895012,2020-08-08T12:24:44Z,45.41126667,7.80001667,828.00,40.822
5476,3,745,2544.170901968813,-1048.110173895012,2020-08-08T12:24:45Z,45.41125000,7.79990000,830.00,40.827
5477,3,746,2545.170901968813,-1047.110173895012,2020-08-08T12:24:46Z,45.41126667,7.79978333,832.00,40.828
5478,3,747,2546.170901968813,-1046.110173895012,2020-08-08T12:24:47Z,45.41130000,7.79966667,833.00,40.828
5479,3,748,2547.170901968813,-1045.110173895012,2020-08-08T12:24:48Z,45.41136667,7.79955000,833.00,40.824
5480,3,749,2548.170901968813,-1044.110173895012,2020-08-08T12:24:49Z,45.41146667,7.79946667,833.00,40.816
5481,3,750,2549.170901968813,-1043.110173895012,2020-08-08T12:24:50Z,45.41158333,7.79940000,833.00,40.806
5482,3,751,2550.170901968813,-1042.110173895012,2020-08-08T12:24:51Z,45.41170000,7.79940000,834.00,40.794
5483,3,752,2551.170901968813,-1041.110173895012,2020-08-08T12:24:52Z,45.41180000,7.79945000,835.00,40.782
5484,3,753,2552.170901968813,-1040.110173895012,2020-08-08T12:24:53Z,45.41186667,7.79956667,837.00,40.772
5485,3,754,2553.170901968813,-1039.110173895012,2020-08-08T12:24:54Z,45.41190000,7.79970000,837.00,40.765
5486,3,755,2554.170901968813,-1038.110173895012,2020-08-08T12:24:55Z,45.41190000,7.79983333,838.00,40.761
5487,3,756,2555.170901968813,-1037.110173895012,2020-08-08T12:24:56Z,45.41186667,7.79993333,838.00,40.761
5488,3,757,2556.170901968813,-1036.110173895012,2020-08-08T12:24:57Z,45.41180000,7.80000000,840.00,40.767
5489,3,758,2557.170901968813,-1035.110173895012,2020-08-08T12:24:58Z,45.41175000,7.80003333,840.00,40.771
5490,3,759,2558.170901968813,-1034.110173895012,2020-08-08T12:24:59Z,45.41168333,7.80003333,841.00,40.778
5491,3,760,2559.170901968813,-1033.110173895012,2020-08-08T12:25:00Z,45.41160000,7.80000000,842.00,40.787
5492,3,761,2560.170901968813,-1032.110173895012,2020-08-08T12:25:01Z,45.41153333,7.79993333,843.00,40.796
5493,3,762,2561.170901968813,-1031.110173895012,2020-08-08T12:25:02Z,45.41148333,7.79983333,844.00,40.804
5494,3,763,2562.170901968813,-1030.110173895012,2020-08-08T12:25:03Z,45.41145000,7.79971667,845.00,40.811
5495,3,764,2563.170901968813,-1029.110173895012,2020-08-08T12:25:04Z,45.41145000,7.79956667,845.00,40.815
5496,3,765,2564.170901968813,-1028.110173895012,2020-08-08T12:25:05Z,45.41148333,7.79941667,846.00,40.816
5497,3,766,2565.170901968813,-1027.110173895012,2020-08-08T12:25:06Z,45.41151667,7.79928333,847.00,40.816
5498,3,767,2566.170901968813,-1026.110173895012,2020-08-08T12:25:07Z,45.41158333,7.79916667,847.00,40.812
5499,3,768,2567.170901968813,-1025.110173895012,2020-08-08T12:25:08Z,45.41165000,7.79906667,850.00,40.808
5500,3,769,2568.170901968813,-1024.110173895012,2020-08-08T12:25:09Z,45.41171667,7.79898333,851.00,40.804
5501,3,770,2569.170901968813,-1023.110173895012,2020-08-08T12:25:10Z,45.41180000,7.79891667,852.00,40.797
5502,3,771,2570.170901968813,-1022.110173895012,2020-08-08T12:25:11Z,45.41190000,7.79886667,851.00,40.788
5503,3,772,2571.170901968813,-1021.110173895012,2020-08-08T12:25:12Z,45.41200000,7.79885000,851.00,40.778
5504,3,773,2572.170901968813,-1020.110173895012,2020-08-08T12:25:13Z,45.41213333,7.79886667,850.00,40.764
5505,3,774,2573.170901968813,-1019.110173895012,2020-08-08T12:25:14Z,45.41225000,7.79890000,850.00,40.751
5506,3,775,2574.170901968813,-1018.110173895012,2020-08-08T12:25:15Z,45.41236667,7.79896667,850.00,40.737
5507,3,776,2575.170901968813,-1017.110173895012,2020-08-08T12:25:16Z,45.41245000,7.79903333,851.00,40.726
5508,3,777,2576.170901968813,-1016.110173895012,2020-08-08T12:25:17Z,45.41253333,7.79913333,853.00,40.715
5509,3,778,2577.170901968813,-1015.110173895012,2020-08-08T12:25:18Z,45.41258333,7.79923333,853.00,40.707
5510,3,779,2578.170901968813,-1014.110173895012,2020-08-08T12:25:19Z,45.41261667,7.79935000,853.00,40.7
5511,3,780,2579.170901968813,-1013.110173895012,2020-08-08T12:25:20Z,45.41261667,7.79948333,853.00,40.696
5512,3,781,2580.170901968813,-1012.110173895012,2020-08-08T12:25:21Z,45.41260000,7.79963333,852.00,40.694
5513,3,782,2581.170901968813,-1011.110173895012,2020-08-08T12:25:22Z,45.41258333,7.79976667,852.00,40.692
5514,3,783,2582.170901968813,-1010.110173895012,2020-08-08T12:25:23Z,45.41253333,7.79988333,852.00,40.694
5515,3,784,2583.170901968813,-1009.110173895012,2020-08-08T12:25:24Z,45.41248333,7.79998333,854.00,40.696
5516,3,785,2584.170901968813,-1008.110173895012,2020-08-08T12:25:25Z,45.41243333,7.80006667,856.00,40.699
5517,3,786,2585.170901968813,-1007.110173895012,2020-08-08T12:25:26Z,45.41240000,7.80013333,858.00,40.701
5518,3,787,2586.170901968813,-1006.110173895012,2020-08-08T12:25:27Z,45.41235000,7.80018333,859.00,40.704
5519,3,788,2587.170901968813,-1005.110173895012,2020-08-08T12:25:28Z,45.41230000,7.80021667,859.00,40.709
5520,3,789,2588.170901968813,-1004.110173895012,2020-08-08T12:25:29Z,45.41223333,7.80023333,860.00,40.715
5521,3,790,2589.170901968813,-1003.110173895012,2020-08-08T12:25:30Z,45.41216667,7.80020000,860.00,40.723
5522,3,791,2590.170901968813,-1002.110173895012,2020-08-08T12:25:31Z,45.41208333,7.80015000,860.00,40.733
5523,3,792,2591.170901968813,-1001.110173895012,2020-08-08T12:25:32Z,45.41201667,7.80005000,861.00,40.743
5524,3,793,2592.170901968813,-1000.110173895012,2020-08-08T12:25:33Z,45.41198333,7.79995000,863.00,40.749
5525,3,794,2593.170901968813,-999.110173895012,2020-08-08T12:25:34Z,45.41198333,7.79981667,864.00,40.753
5526,3,795,2594.170901968813,-998.110173895012,2020-08-08T12:25:35Z,45.41200000,7.79968333,866.00,40.755
5527,3,796,2595.170901968813,-997.110173895012,2020-08-08T12:25:36Z,45.41203333,7.79956667,866.00,40.754
5528,3,797,2596.170901968813,-996.110173895012,2020-08-08T12:25:37Z,45.41210000,7.79943333,867.00,40.751
5529,3,798,2597.170901968813,-995.110173895012,2020-08-08T12:25:38Z,45.41218333,7.79931667,868.00,40.746
5530,3,799,2598.170901968813,-994.110173895012,2020-08-08T12:25:39Z,45.41226667,7.79921667,868.00,40.74
5531,3,800,2599.170901968813,-993.110173895012,2020-08-08T12:25:40Z,45.41236667,7.79915000,870.00,40.732
5532,3,801,2600.170901968813,-992.110173895012,2020-08-08T12:25:41Z,45.41248333,7.79913333,871.00,40.72
5533,3,802,2601.170901968813,-991.110173895012,2020-08-08T12:25:42Z,45.41258333,7.79915000,873.00,40.709
5534,3,803,2602.170901968813,-990.110173895012,2020-08-08T12:25:43Z,45.41268333,7.79920000,874.00,40.697
5535,3,804,2603.170901968813,-989.110173895012,2020-08-08T12:25:44Z,45.41276667,7.79925000,875.00,40.687
5536,3,805,2604.170901968813,-988.110173895012,2020-08-08T12:25:45Z,45.41281667,7.79933333,876.00,40.68
5537,3,806,2605.170901968813,-987.110173895012,2020-08-08T12:25:46Z,45.41286667,7.79941667,877.00,40.672
5538,3,807,2606.170901968813,-986.110173895012,2020-08-08T12:25:47Z,45.41290000,7.79953333,877.00,40.665
5539,3,808,2607.170901968813,-985.110173895012,2020-08-08T12:25:48Z,45.41290000,7.79965000,878.00,40.662
5540,3,809,2608.170901968813,-984.110173895012,2020-08-08T12:25:49Z,45.41290000,7.79976667,878.00,40.659
5541,3,810,2609.170901968813,-983.110173895012,2020-08-08T12:25:50Z,45.41288333,7.79988333,879.00,40.657
5542,3,811,2610.170901968813,-982.110173895012,2020-08-08T12:25:51Z,45.41285000,7.79998333,880.00,40.658
5543,3,812,2611.170901968813,-981.110173895012,2020-08-08T12:25:52Z,45.41281667,7.80010000,881.00,40.658
5544,3,813,2612.170901968813,-980.110173895012,2020-08-08T12:25:53Z,45.41280000,7.80020000,882.00,40.657
5545,3,814,2613.170901968813,-979.110173895012,2020-08-08T12:25:54Z,45.41276667,7.80030000,883.00,40.658
5546,3,815,2614.170901968813,-978.110173895012,2020-08-08T12:25:55Z,45.41275000,7.80040000,883.00,40.657
5547,3,816,2615.170901968813,-977.110173895012,2020-08-08T12:25:56Z,45.41273333,7.80048333,884.00,40.656
5548,3,817,2616.170901968813,-976.110173895012,2020-08-08T12:25:57Z,45.41271667,7.80058333,884.00,40.655
5549,3,818,2617.170901968813,-975.110173895012,2020-08-08T12:25:58Z,45.41270000,7.80068333,883.00,40.654
5550,3,819,2618.170901968813,-974.110173895012,2020-08-08T12:25:59Z,45.41268333,7.80078333,883.00,40.653
5551,3,820,2619.170901968813,-973.110173895012,2020-08-08T12:26:00Z,45.41268333,7.80090000,882.00,40.65
5552,3,821,2620.170901968813,-972.110173895012,2020-08-08T12:26:01Z,45.41270000,7.80100000,881.00,40.645
5553,3,822,2621.170901968813,-971.110173895012,2020-08-08T12:26:02Z,45.41275000,7.80111667,880.00,40.637
5554,3,823,2622.170901968813,-970.110173895012,2020-08-08T12:26:03Z,45.41283333,7.80121667,877.00,40.626
5555,3,824,2623.170901968813,-969.110173895012,2020-08-08T12:26:04Z,45.41295000,7.80121667,876.00,40.613
5556,3,825,2624.170901968813,-968.110173895012,2020-08-08T12:26:05Z,45.41308333,7.80115000,873.00,40.601
5557,3,826,2625.170901968813,-967.110173895012,2020-08-08T12:26:06Z,45.41318333,7.80100000,874.00,40.595
5558,3,827,2626.170901968813,-966.110173895012,2020-08-08T12:26:07Z,45.41320000,7.80083333,875.00,40.598
5559,3,828,2627.170901968813,-965.110173895012,2020-08-08T12:26:08Z,45.41318333,7.80070000,877.00,40.603
5560,3,829,2628.170901968813,-964.110173895012,2020-08-08T12:26:09Z,45.41315000,7.80061667,878.00,40.609
5561,3,830,2629.170901968813,-963.110173895012,2020-08-08T12:26:10Z,45.41313333,7.80053333,879.00,40.613
5562,3,831,2630.170901968813,-962.110173895012,2020-08-08T12:26:11Z,45.41311667,7.80041667,879.00,40.618
5563,3,832,2631.170901968813,-961.110173895012,2020-08-08T12:26:12Z,45.41310000,7.80030000,878.00,40.623
5564,3,833,2632.170901968813,-960.110173895012,2020-08-08T12:26:13Z,45.41308333,7.80015000,878.00,40.629
5565,3,834,2633.170901968813,-959.110173895012,2020-08-08T12:26:14Z,45.41308333,7.79998333,877.00,40.634
5566,3,835,2634.170901968813,-958.110173895012,2020-08-08T12:26:15Z,45.41310000,7.79981667,879.00,40.637
5567,3,836,2635.170901968813,-957.110173895012,2020-08-08T12:26:16Z,45.41313333,7.79966667,880.00,40.638
5568,3,837,2636.170901968813,-956.110173895012,2020-08-08T12:26:17Z,45.41320000,7.79955000,881.00,40.634
5569,3,838,2637.170901968813,-955.110173895012,2020-08-08T12:26:18Z,45.41328333,7.79946667,882.00,40.628
5570,3,839,2638.170901968813,-954.110173895012,2020-08-08T12:26:19Z,45.41336667,7.79941667,882.00,40.62
5571,3,840,2639.170901968813,-953.110173895012,2020-08-08T12:26:20Z,45.41348333,7.79941667,881.00,40.608
5572,3,841,2640.170901968813,-952.110173895012,2020-08-08T12:26:21Z,45.41360000,7.79946667,882.00,40.595
5573,3,842,2641.170901968813,-951.110173895012,2020-08-08T12:26:22Z,45.41368333,7.79958333,883.00,40.583
5574,3,843,2642.170901968813,-950.110173895012,2020-08-08T12:26:23Z,45.41371667,7.79973333,883.00,40.575
5575,3,844,2643.170901968813,-949.110173895012,2020-08-08T12:26:24Z,45.41370000,7.79988333,883.00,40.573
5576,3,845,2644.170901968813,-948.110173895012,2020-08-08T12:26:25Z,45.41363333,7.79998333,884.00,40.577
5577,3,846,2645.170901968813,-947.110173895012,2020-08-08T12:26:26Z,45.41356667,7.80003333,885.00,40.582
5578,3,847,2646.170901968813,-946.110173895012,2020-08-08T12:26:27Z,45.41350000,7.80005000,886.00,40.589
5579,3,848,2647.170901968813,-945.110173895012,2020-08-08T12:26:28Z,45.41343333,7.80001667,888.00,40.597
5580,3,849,2648.170901968813,-944.110173895012,2020-08-08T12:26:29Z,45.41336667,7.79996667,889.00,40.605
5581,3,850,2649.170901968813,-943.110173895012,2020-08-08T12:26:30Z,45.41331667,7.79990000,889.00,40.612
5582,3,851,2650.170901968813,-942.110173895012,2020-08-08T12:26:31Z,45.41326667,7.79981667,890.00,40.619
5583,3,852,2651.170901968813,-941.110173895012,2020-08-08T12:26:32Z,45.41323333,7.79970000,890.00,40.626
5584,3,853,2652.170901968813,-940.110173895012,2020-08-08T12:26:33Z,45.41323333,7.79958333,890.00,40.63
5585,3,854,2653.170901968813,-939.110173895012,2020-08-08T12:26:34Z,45.41325000,7.79945000,891.00,40.632
5586,3,855,2654.170901968813,-938.110173895012,2020-08-08T12:26:35Z,45.41330000,7.79933333,891.00,40.63
5587,3,856,2655.170901968813,-937.110173895012,2020-08-08T12:26:36Z,45.41338333,7.79925000,891.00,40.623
5588,3,857,2656.170901968813,-936.110173895012,2020-08-08T12:26:37Z,45.41348333,7.79921667,891.00,40.614
5589,3,858,2657.170901968813,-935.110173895012,2020-08-08T12:26:38Z,45.41360000,7.79923333,890.00,40.602
5590,3,859,2658.170901968813,-934.110173895012,2020-08-08T12:26:39Z,45.41370000,7.79930000,891.00,40.589
5591,3,860,2659.170901968813,-933.110173895012,2020-08-08T12:26:40Z,45.41378333,7.79938333,891.00,40.578
5592,3,861,2660.170901968813,-932.110173895012,2020-08-08T12:26:41Z,45.41385000,7.79950000,891.00,40.568
5593,3,862,2661.170901968813,-931.110173895012,2020-08-08T12:26:42Z,45.41390000,7.79961667,892.00,40.56
5594,3,863,2662.170901968813,-930.110173895012,2020-08-08T12:26:43Z,45.41393333,7.79971667,893.00,40.553
5595,3,864,2663.170901968813,-929.110173895012,2020-08-08T12:26:44Z,45.41396667,7.79983333,894.00,40.546
5596,3,865,2664.170901968813,-928.110173895012,2020-08-08T12:26:45Z,45.41400000,7.79993333,894.00,40.54
5597,3,866,2665.170901968813,-927.110173895012,2020-08-08T12:26:46Z,45.41401667,7.80003333,895.00,40.536
5598,3,867,2666.170901968813,-926.110173895012,2020-08-08T12:26:47Z,45.41401667,7.80015000,897.00,40.532
5599,3,868,2667.170901968813,-925.110173895012,2020-08-08T12:26:48Z,45.41398333,7.80025000,896.00,40.533
5600,3,869,2668.170901968813,-924.110173895012,2020-08-08T12:26:49Z,45.41393333,7.80033333,897.00,40.536
5601,3,870,2669.170901968813,-923.110173895012,2020-08-08T12:26:50Z,45.41386667,7.80038333,897.00,40.541
5602,3,871,2670.170901968813,-922.110173895012,2020-08-08T12:26:51Z,45.41378333,7.80040000,898.00,40.549
5603,3,872,2671.170901968813,-921.110173895012,2020-08-08T12:26:52Z,45.41370000,7.80035000,898.00,40.559
5604,3,873,2672.170901968813,-920.110173895012,2020-08-08T12:26:53Z,45.41363333,7.80028333,898.00,40.568
5605,3,874,2673.170901968813,-919.110173895012,2020-08-08T12:26:54Z,45.41358333,7.80018333,898.00,40.576
5606,3,875,2674.170901968813,-918.110173895012,2020-08-08T12:26:55Z,45.41356667,7.80006667,898.00,40.581
5607,3,876,2675.170901968813,-917.110173895012,2020-08-08T12:26:56Z,45.41356667,7.79991667,897.00,40.586
5608,3,877,2676.170901968813,-916.110173895012,2020-08-08T12:26:57Z,45.41360000,7.79978333,898.00,40.586
5609,3,878,2677.170901968813,-915.110173895012,2020-08-08T12:26:58Z,45.41366667,7.79965000,897.00,40.583
5610,3,879,2678.170901968813,-914.110173895012,2020-08-08T12:26:59Z,45.41371667,7.79951667,898.00,40.581
5611,3,880,2679.170901968813,-913.110173895012,2020-08-08T12:27:00Z,45.41378333,7.79940000,898.00,40.578
5612,3,881,2680.170901968813,-912.110173895012,2020-08-08T12:27:01Z,45.41385000,7.79930000,898.00,40.574
5613,3,882,2681.170901968813,-911.110173895012,2020-08-08T12:27:02Z,45.41391667,7.79920000,898.00,40.57
5614,3,883,2682.170901968813,-910.110173895012,2020-08-08T12:27:03Z,45.41400000,7.79910000,898.00,40.564
5615,3,884,2683.170901968813,-909.110173895012,2020-08-08T12:27:04Z,45.41411667,7.79901667,898.00,40.554
5616,3,885,2684.170901968813,-908.110173895012,2020-08-08T12:27:05Z,45.41423333,7.79895000,898.00,40.544
5617,3,886,2685.170901968813,-907.110173895012,2020-08-08T12:27:06Z,45.41435000,7.79891667,898.00,40.533
5618,3,887,2686.170901968813,-906.110173895012,2020-08-08T12:27:07Z,45.41445000,7.79890000,900.00,40.523
5619,3,888,2687.170901968813,-905.110173895012,2020-08-08T12:27:08Z,45.41455000,7.79891667,903.00,40.513
5620,3,889,2688.170901968813,-904.110173895012,2020-08-08T12:27:09Z,45.41461667,7.79895000,903.00,40.505
5621,3,890,2689.170901968813,-903.110173895012,2020-08-08T12:27:10Z,45.41468333,7.79901667,903.00,40.496
5622,3,891,2690.170901968813,-902.110173895012,2020-08-08T12:27:11Z,45.41475000,7.79910000,903.00,40.487
5623,3,892,2691.170901968813,-901.110173895012,2020-08-08T12:27:12Z,45.41478333,7.79921667,903.00,40.48
5624,3,893,2692.170901968813,-900.110173895012,2020-08-08T12:27:13Z,45.41478333,7.79931667,903.00,40.477
5625,3,894,2693.170901968813,-899.110173895012,2020-08-08T12:27:14Z,45.41476667,7.79943333,904.00,40.475
5626,3,895,2694.170901968813,-898.110173895012,2020-08-08T12:27:15Z,45.41471667,7.79950000,903.00,40.478
5627,3,896,2695.170901968813,-897.110173895012,2020-08-08T12:27:16Z,45.41465000,7.79956667,903.00,40.483
5628,3,897,2696.170901968813,-896.110173895012,2020-08-08T12:27:17Z,45.41456667,7.79960000,904.00,40.491
5629,3,898,2697.170901968813,-895.110173895012,2020-08-08T12:27:18Z,45.41450000,7.79965000,905.00,40.497
5630,3,899,2698.170901968813,-894.110173895012,2020-08-08T12:27:19Z,45.41441667,7.79970000,906.00,40.504
5631,3,900,2699.170901968813,-893.110173895012,2020-08-08T12:27:20Z,45.41435000,7.79975000,906.00,40.509
5632,3,901,2700.170901968813,-892.110173895012,2020-08-08T12:27:21Z,45.41426667,7.79978333,906.00,40.517
5633,3,902,2701.170901968813,-891.110173895012,2020-08-08T12:27:22Z,45.41420000,7.79980000,907.00,40.523
5634,3,903,2702.170901968813,-890.110173895012,2020-08-08T12:27:23Z,45.41410000,7.79981667,908.00,40.533
5635,3,904,2703.170901968813,-889.110173895012,2020-08-08T12:27:24Z,45.41401667,7.79983333,908.00,40.541
5636,3,905,2704.170901968813,-888.110173895012,2020-08-08T12:27:25Z,45.41393333,7.79985000,909.00,40.549
5637,3,906,2705.170901968813,-887.110173895012,2020-08-08T12:27:26Z,45.41385000,7.79985000,908.00,40.558
5638,3,907,2706.170901968813,-886.110173895012,2020-08-08T12:27:27Z,45.41378333,7.79981667,908.00,40.566
5639,3,908,2707.170901968813,-885.110173895012,2020-08-08T12:27:28Z,45.41370000,7.79976667,908.00,40.576
5640,3,909,2708.170901968813,-884.110173895012,2020-08-08T12:27:29Z,45.41361667,7.79970000,908.00,40.586
5641,3,910,2709.170901968813,-883.110173895012,2020-08-08T12:27:30Z,45.41355000,7.79963333,909.00,40.595
5642,3,911,2710.170901968813,-882.110173895012,2020-08-08T12:27:31Z,45.41346667,7.79955000,909.00,40.606
5643,3,912,2711.170901968813,-881.110173895012,2020-08-08T12:27:32Z,45.41340000,7.79948333,909.00,40.615
5644,3,913,2712.170901968813,-880.110173895012,2020-08-08T12:27:33Z,45.41335000,7.79938333,909.00,40.623
5645,3,914,2713.170901968813,-879.110173895012,2020-08-08T12:27:34Z,45.41331667,7.79925000,909.00,40.63
5646,3,915,2714.170901968813,-878.110173895012,2020-08-08T12:27:35Z,45.41331667,7.79911667,909.00,40.634
5647,3,916,2715.170901968813,-877.110173895012,2020-08-08T12:27:36Z,45.41335000,7.79898333,909.00,40.635
5648,3,917,2716.170901968813,-876.110173895012,2020-08-08T12:27:37Z,45.41340000,7.79885000,910.00,40.633
5649,3,918,2717.170901968813,-875.110173895012,2020-08-08T12:27:38Z,45.41346667,7.79875000,911.00,40.629
5650,3,919,2718.170901968813,-874.110173895012,2020-08-08T12:27:39Z,45.41353333,7.79866667,912.00,40.625
5651,3,920,2719.170901968813,-873.110173895012,2020-08-08T12:27:40Z,45.41361667,7.79860000,914.00,40.618
5652,3,921,2720.170901968813,-872.110173895012,2020-08-08T12:27:41Z,45.41370000,7.79855000,913.00,40.611
5653,3,922,2721.170901968813,-871.110173895012,2020-08-08T12:27:42Z,45.41378333,7.79850000,914.00,40.604
5654,3,923,2722.170901968813,-870.110173895012,2020-08-08T12:27:43Z,45.41386667,7.79846667,914.00,40.596
5655,3,924,2723.170901968813,-869.110173895012,2020-08-08T12:27:44Z,45.41395000,7.79843333,914.00,40.589
5656,3,925,2724.170901968813,-868.110173895012,2020-08-08T12:27:45Z,45.41405000,7.79838333,912.00,40.58
5657,3,926,2725.170901968813,-867.110173895012,2020-08-08T12:27:46Z,45.41413333,7.79835000,912.00,40.572
5658,3,927,2726.170901968813,-866.110173895012,2020-08-08T12:27:47Z,45.41425000,7.79830000,910.00,40.562
5659,3,928,2727.170901968813,-865.110173895012,2020-08-08T12:27:48Z,45.41436667,7.79823333,909.00,40.551
5660,3,929,2728.170901968813,-864.110173895012,2020-08-08T12:27:49Z,45.41450000,7.79818333,909.00,40.539
5661,3,930,2729.170901968813,-863.110173895012,2020-08-08T12:27:50Z,45.41461667,7.79813333,910.00,40.529
5662,3,931,2730.170901968813,-862.110173895012,2020-08-08T12:27:51Z,45.41471667,7.79806667,912.00,40.52
5663,3,932,2731.170901968813,-861.110173895012,2020-08-08T12:27:52Z,45.41480000,7.79801667,913.00,40.513
5664,3,933,2732.170901968813,-860.110173895012,2020-08-08T12:27:53Z,45.41490000,7.79796667,913.00,40.504
5665,3,934,2733.170901968813,-859.110173895012,2020-08-08T12:27:54Z,45.41500000,7.79790000,912.00,40.496
5666,3,935,2734.170901968813,-858.110173895012,2020-08-08T12:27:55Z,45.41511667,7.79783333,911.00,40.486
5667,3,936,2735.170901968813,-857.110173895012,2020-08-08T12:27:56Z,45.41523333,7.79776667,910.00,40.476
5668,3,937,2736.170901968813,-856.110173895012,2020-08-08T12:27:57Z,45.41535000,7.79771667,909.00,40.466
5669,3,938,2737.170901968813,-855.110173895012,2020-08-08T12:27:58Z,45.41546667,7.79765000,909.00,40.456
5670,3,939,2738.170901968813,-854.110173895012,2020-08-08T12:27:59Z,45.41558333,7.79760000,910.00,40.445
5671,3,940,2739.170901968813,-853.110173895012,2020-08-08T12:28:00Z,45.41568333,7.79753333,910.00,40.437
5672,3,941,2740.170901968813,-852.110173895012,2020-08-08T12:28:01Z,45.41578333,7.79748333,910.00,40.428
5673,3,942,2741.170901968813,-851.110173895012,2020-08-08T12:28:02Z,45.41588333,7.79743333,910.00,40.42
5674,3,943,2742.170901968813,-850.110173895012,2020-08-08T12:28:03Z,45.41600000,7.79738333,908.00,40.409
5675,3,944,2743.170901968813,-849.110173895012,2020-08-08T12:28:04Z,45.41610000,7.79733333,907.00,40.4
5676,3,945,2744.170901968813,-848.110173895012,2020-08-08T12:28:05Z,45.41621667,7.79726667,905.00,40.39
5677,3,946,2745.170901968813,-847.110173895012,2020-08-08T12:28:06Z,45.41631667,7.79720000,905.00,40.382
5678,3,947,2746.170901968813,-846.110173895012,2020-08-08T12:28:07Z,45.41641667,7.79711667,904.00,40.375
5679,3,948,2747.170901968813,-845.110173895012,2020-08-08T12:28:08Z,45.41653333,7.79705000,903.00,40.365
5680,3,949,2748.170901968813,-844.110173895012,2020-08-08T12:28:09Z,45.41663333,7.79698333,903.00,40.357
5681,3,950,2749.170901968813,-843.110173895012,2020-08-08T12:28:10Z,45.41671667,7.79691667,903.00,40.35
5682,3,951,2750.170901968813,-842.110173895012,2020-08-08T12:28:11Z,45.41681667,7.79686667,902.00,40.341
5683,3,952,2751.170901968813,-841.110173895012,2020-08-08T12:28:12Z,45.41691667,7.79680000,900.00,40.333
5684,3,953,2752.170901968813,-840.110173895012,2020-08-08T12:28:13Z,45.41701667,7.79675000,898.00,40.325
5685,3,954,2753.170901968813,-839.110173895012,2020-08-08T12:28:14Z,45.41713333,7.79668333,896.00,40.315
5686,3,955,2754.170901968813,-838.110173895012,2020-08-08T12:28:15Z,45.41725000,7.79663333,893.00,40.305
5687,3,956,2755.170901968813,-837.110173895012,2020-08-08T12:28:16Z,45.41736667,7.79658333,891.00,40.294
5688,3,957,2756.170901968813,-836.110173895012,2020-08-08T12:28:17Z,45.41748333,7.79653333,889.00,40.284
5689,3,958,2757.170901968813,-835.110173895012,2020-08-08T12:28:18Z,45.41758333,7.79648333,887.00,40.275
5690,3,959,2758.170901968813,-834.110173895012,2020-08-08T12:28:19Z,45.41768333,7.79643333,886.00,40.267
5691,3,960,2759.170901968813,-833.110173895012,2020-08-08T12:28:20Z,45.41780000,7.79640000,884.00,40.256
5692,3,961,2760.170901968813,-832.110173895012,2020-08-08T12:28:21Z,45.41791667,7.79636667,882.00,40.245
5693,3,962,2761.170901968813,-831.110173895012,2020-08-08T12:28:22Z,45.41803333,7.79635000,880.00,40.234
5694,3,963,2762.170901968813,-830.110173895012,2020-08-08T12:28:23Z,45.41815000,7.79633333,877.00,40.222
5695,3,964,2763.170901968813,-829.110173895012,2020-08-08T12:28:24Z,45.41825000,7.79631667,876.00,40.213
5696,3,965,2764.170901968813,-828.110173895012,2020-08-08T12:28:25Z,45.41836667,7.79628333,875.00,40.202
5697,3,966,2765.170901968813,-827.110173895012,2020-08-08T12:28:26Z,45.41846667,7.79625000,872.00,40.193
5698,3,967,2766.170901968813,-826.110173895012,2020-08-08T12:28:27Z,45.41856667,7.79620000,871.00,40.184
5699,3,968,2767.170901968813,-825.110173895012,2020-08-08T12:28:28Z,45.41868333,7.79616667,869.00,40.173
5700,3,969,2768.170901968813,-824.110173895012,2020-08-08T12:28:29Z,45.41880000,7.79611667,867.00,40.163
5701,3,970,2769.170901968813,-823.110173895012,2020-08-08T12:28:30Z,45.41890000,7.79608333,864.00,40.154
5702,3,971,2770.170901968813,-822.110173895012,2020-08-08T12:28:31Z,45.41901667,7.79603333,862.00,40.144
5703,3,972,2771.170901968813,-821.110173895012,2020-08-08T12:28:32Z,45.41911667,7.79600000,861.00,40.135
5704,3,973,2772.170901968813,-820.110173895012,2020-08-08T12:28:33Z,45.41923333,7.79593333,858.00,40.125
5705,3,974,2773.170901968813,-819.110173895012,2020-08-08T12:28:34Z,45.41933333,7.79588333,855.00,40.117
5706,3,975,2774.170901968813,-818.110173895012,2020-08-08T12:28:35Z,45.41945000,7.79583333,852.00,40.107
5707,3,976,2775.170901968813,-817.110173895012,2020-08-08T12:28:36Z,45.41956667,7.79578333,851.00,40.096
5708,3,977,2776.170901968813,-816.110173895012,2020-08-08T12:28:37Z,45.41966667,7.79575000,848.00,40.087
5709,3,978,2777.170901968813,-815.110173895012,2020-08-08T12:28:38Z,45.41978333,7.79571667,847.00,40.077
5710,3,979,2778.170901968813,-814.110173895012,2020-08-08T12:28:39Z,45.41986667,7.79568333,844.00,40.069
5711,3,980,2779.170901968813,-813.110173895012,2020-08-08T12:28:40Z,45.41998333,7.79563333,840.00,40.059
5712,3,981,2780.170901968813,-812.110173895012,2020-08-08T12:28:41Z,45.42008333,7.79558333,837.00,40.051
5713,3,982,2781.170901968813,-811.110173895012,2020-08-08T12:28:42Z,45.42021667,7.79551667,833.00,40.039
5714,3,983,2782.170901968813,-810.110173895012,2020-08-08T12:28:43Z,45.42035000,7.79545000,828.00,40.028
5715,3,984,2783.170901968813,-809.110173895012,2020-08-08T12:28:44Z,45.42048333,7.79538333,827.00,40.017
5716,3,985,2784.170901968813,-808.110173895012,2020-08-08T12:28:45Z,45.42060000,7.79531667,825.00,40.007
5717,3,986,2785.170901968813,-807.110173895012,2020-08-08T12:28:46Z,45.42071667,7.79526667,825.00,39.997
5718,3,987,2786.170901968813,-806.110173895012,2020-08-08T12:28:47Z,45.42080000,7.79520000,825.00,39.991
5719,3,988,2787.170901968813,-805.110173895012,2020-08-08T12:28:48Z,45.42090000,7.79516667,823.00,39.982
5720,3,989,2788.170901968813,-804.110173895012,2020-08-08T12:28:49Z,45.42101667,7.79511667,821.00,39.972
5721,3,990,2789.170901968813,-803.110173895012,2020-08-08T12:28:50Z,45.42115000,7.79508333,819.00,39.96
5722,3,991,2790.170901968813,-802.110173895012,2020-08-08T12:28:51Z,45.42128333,7.79503333,817.00,39.948
5723,3,992,2791.170901968813,-801.110173895012,2020-08-08T12:28:52Z,45.42140000,7.79500000,817.00,39.937
5724,3,993,2792.170901968813,-800.110173895012,2020-08-08T12:28:53Z,45.42151667,7.79495000,817.00,39.927
5725,3,994,2793.170901968813,-799.110173895012,2020-08-08T12:28:54Z,45.42161667,7.79490000,818.00,39.919
5726,3,995,2794.170901968813,-798.110173895012,2020-08-08T12:28:55Z,45.42171667,7.79485000,817.00,39.911
5727,3,996,2795.170901968813,-797.110173895012,2020-08-08T12:28:56Z,45.42181667,7.79480000,815.00,39.902
5728,3,997,2796.170901968813,-796.110173895012,2020-08-08T12:28:57Z,45.42195000,7.79476667,814.00,39.89
5729,3,998,2797.170901968813,-795.110173895012,2020-08-08T12:28:58Z,45.42208333,7.79471667,813.00,39.879
5730,3,999,2798.170901968813,-794.110173895012,2020-08-08T12:28:59Z,45.42221667,7.79468333,814.00,39.866
5731,3,1000,2799.170901968813,-793.110173895012,2020-08-08T12:29:00Z,45.42233333,7.79463333,815.00,39.856
5732,3,1001,2800.170901968813,-792.110173895012,2020-08-08T12:29:01Z,45.42241667,7.79456667,817.00,39.85
5733,3,1002,2801.170901968813,-791.110173895012,2020-08-08T12:29:02Z,45.42251667,7.79451667,817.00,39.842
5734,3,1003,2802.170901968813,-790.110173895012,2020-08-08T12:29:03Z,45.42261667,7.79446667,818.00,39.834
5735,3,1004,2803.170901968813,-789.110173895012,2020-08-08T12:29:04Z,45.42273333,7.79443333,818.00,39.823
5736,3,1005,2804.170901968813,-788.110173895012,2020-08-08T12:29:05Z,45.42285000,7.79438333,818.00,39.813
5737,3,1006,2805.170901968813,-787.110173895012,2020-08-08T12:29:06Z,45.42298333,7.79431667,817.00,39.802
5738,3,1007,2806.170901968813,-786.110173895012,2020-08-08T12:29:07Z,45.42311667,7.79426667,818.00,39.791
5739,3,1008,2807.170901968813,-785.110173895012,2020-08-08T12:29:08Z,45.42325000,7.79421667,819.00,39.779
5740,3,1009,2808.170901968813,-784.110173895012,2020-08-08T12:29:09Z,45.42336667,7.79415000,820.00,39.77
5741,3,1010,2809.170901968813,-783.110173895012,2020-08-08T12:29:10Z,45.42348333,7.79406667,821.00,39.761
5742,3,1011,2810.170901968813,-782.110173895012,2020-08-08T12:29:11Z,45.42361667,7.79400000,823.00,39.75
5743,3,1012,2811.170901968813,-781.110173895012,2020-08-08T12:29:12Z,45.42373333,7.79393333,823.00,39.741
5744,3,1013,2812.170901968813,-780.110173895012,2020-08-08T12:29:13Z,45.42386667,7.79388333,823.00,39.729
5745,3,1014,2813.170901968813,-779.110173895012,2020-08-08T12:29:14Z,45.42401667,7.79381667,822.00,39.717
5746,3,1015,2814.170901968813,-778.110173895012,2020-08-08T12:29:15Z,45.42416667,7.79375000,823.00,39.704
5747,3,1016,2815.170901968813,-777.110173895012,2020-08-08T12:29:16Z,45.42430000,7.79370000,823.00,39.693
5748,3,1017,2816.170901968813,-776.110173895012,2020-08-08T12:29:17Z,45.42443333,7.79365000,824.00,39.681
5749,3,1018,2817.170901968813,-775.110173895012,2020-08-08T12:29:18Z,45.42456667,7.79360000,825.00,39.67
5750,3,1019,2818.170901968813,-774.110173895012,2020-08-08T12:29:19Z,45.42466667,7.79356667,826.00,39.661
5751,3,1020,2819.170901968813,-773.110173895012,2020-08-08T12:29:20Z,45.42476667,7.79353333,828.00,39.653
5752,3,1021,2820.170901968813,-772.110173895012,2020-08-08T12:29:21Z,45.42486667,7.79350000,829.00,39.644
5753,3,1022,2821.170901968813,-771.110173895012,2020-08-08T12:29:22Z,45.42496667,7.79348333,828.00,39.635
5754,3,1023,2822.170901968813,-770.110173895012,2020-08-08T12:29:23Z,45.42506667,7.79343333,829.00,39.626
5755,3,1024,2823.170901968813,-769.110173895012,2020-08-08T12:29:24Z,45.42518333,7.79338333,827.00,39.617
5756,3,1025,2824.170901968813,-768.110173895012,2020-08-08T12:29:25Z,45.42530000,7.79333333,828.00,39.607
5757,3,1026,2825.170901968813,-767.110173895012,2020-08-08T12:29:26Z,45.42541667,7.79328333,829.00,39.597
5758,3,1027,2826.170901968813,-766.110173895012,2020-08-08T12:29:27Z,45.42553333,7.79325000,830.00,39.586
5759,3,1028,2827.170901968813,-765.110173895012,2020-08-08T12:29:28Z,45.42563333,7.79323333,831.00,39.576
5760,3,1029,2828.170901968813,-764.110173895012,2020-08-08T12:29:29Z,45.42575000,7.79320000,832.00,39.566
5761,3,1030,2829.170901968813,-763.110173895012,2020-08-08T12:29:30Z,45.42585000,7.79318333,833.00,39.556
5762,3,1031,2830.170901968813,-762.110173895012,2020-08-08T12:29:31Z,45.42596667,7.79315000,833.00,39.546
5763,3,1032,2831.170901968813,-761.110173895012,2020-08-08T12:29:32Z,45.42608333,7.79313333,833.00,39.534
5764,3,1033,2832.170901968813,-760.110173895012,2020-08-08T12:29:33Z,45.42618333,7.79310000,834.00,39.525
5765,3,1034,2833.170901968813,-759.110173895012,2020-08-08T12:29:34Z,45.42630000,7.79306667,834.00,39.515
5766,3,1035,2834.170901968813,-758.110173895012,2020-08-08T12:29:35Z,45.42641667,7.79301667,834.00,39.505
5767,3,1036,2835.170901968813,-757.110173895012,2020-08-08T12:29:36Z,45.42653333,7.79296667,835.00,39.495
5768,3,1037,2836.170901968813,-756.110173895012,2020-08-08T12:29:37Z,45.42665000,7.79291667,835.00,39.485
5769,3,1038,2837.170901968813,-755.110173895012,2020-08-08T12:29:38Z,45.42675000,7.79288333,837.00,39.476
5770,3,1039,2838.170901968813,-754.110173895012,2020-08-08T12:29:39Z,45.42686667,7.79286667,836.00,39.465
5771,3,1040,2839.170901968813,-753.110173895012,2020-08-08T12:29:40Z,45.42696667,7.79283333,837.00,39.456
5772,3,1041,2840.170901968813,-752.110173895012,2020-08-08T12:29:41Z,45.42706667,7.79281667,838.00,39.446
5773,3,1042,2841.170901968813,-751.110173895012,2020-08-08T12:29:42Z,45.42716667,7.79278333,839.00,39.437
5774,3,1043,2842.170901968813,-750.110173895012,2020-08-08T12:29:43Z,45.42726667,7.79275000,841.00,39.429
5775,3,1044,2843.170901968813,-749.110173895012,2020-08-08T12:29:44Z,45.42736667,7.79271667,842.00,39.42
5776,3,1045,2844.170901968813,-748.110173895012,2020-08-08T12:29:45Z,45.42746667,7.79268333,843.00,39.411
5777,3,1046,2845.170901968813,-747.110173895012,2020-08-08T12:29:46Z,45.42755000,7.79265000,844.00,39.404
5778,3,1047,2846.170901968813,-746.110173895012,2020-08-08T12:29:47Z,45.42765000,7.79261667,844.00,39.395
5779,3,1048,2847.170901968813,-745.110173895012,2020-08-08T12:29:48Z,45.42775000,7.79256667,844.00,39.386
5780,3,1049,2848.170901968813,-744.110173895012,2020-08-08T12:29:49Z,45.42786667,7.79253333,844.00,39.376
5781,3,1050,2849.170901968813,-743.110173895012,2020-08-08T12:29:50Z,45.42796667,7.79248333,845.00,39.368
5782,3,1051,2850.170901968813,-742.110173895012,2020-08-08T12:29:51Z,45.42806667,7.79245000,846.00,39.359
5783,3,1052,2851.170901968813,-741.110173895012,2020-08-08T12:29:52Z,45.42816667,7.79240000,846.00,39.351
5784,3,1053,2852.170901968813,-740.110173895012,2020-08-08T12:29:53Z,45.42826667,7.79236667,846.00,39.342
5785,3,1054,2853.170901968813,-739.110173895012,2020-08-08T12:29:54Z,45.42836667,7.79231667,846.00,39.333
5786,3,1055,2854.170901968813,-738.110173895012,2020-08-08T12:29:55Z,45.42846667,7.79226667,845.00,39.325
5787,3,1056,2855.170901968813,-737.110173895012,2020-08-08T12:29:56Z,45.42856667,7.79223333,845.00,39.316
5788,3,1057,2856.170901968813,-736.110173895012,2020-08-08T12:29:57Z,45.42868333,7.79220000,844.00,39.306
5789,3,1058,2857.170901968813,-735.110173895012,2020-08-08T12:29:58Z,45.42878333,7.79216667,844.00,39.297
5790,3,1059,2858.170901968813,-734.110173895012,2020-08-08T12:29:59Z,45.42890000,7.79213333,844.00,39.287
5791,3,1060,2859.170901968813,-733.110173895012,2020-08-08T12:30:00Z,45.42900000,7.79210000,843.00,39.278
5792,3,1061,2860.170901968813,-732.110173895012,2020-08-08T12:30:01Z,45.42910000,7.79205000,842.00,39.27
5793,3,1062,2861.170901968813,-731.110173895012,2020-08-08T12:30:02Z,45.42921667,7.79200000,843.00,39.26
5794,3,1063,2862.170901968813,-730.110173895012,2020-08-08T12:30:03Z,45.42933333,7.79195000,841.00,39.25
5795,3,1064,2863.170901968813,-729.110173895012,2020-08-08T12:30:04Z,45.42945000,7.79191667,842.00,39.24
5796,3,1065,2864.170901968813,-728.110173895012,2020-08-08T12:30:05Z,45.42955000,7.79186667,842.00,39.232
5797,3,1066,2865.170901968813,-727.110173895012,2020-08-08T12:30:06Z,45.42966667,7.79181667,841.00,39.222
5798,3,1067,2866.170901968813,-726.110173895012,2020-08-08T12:30:07Z,45.42978333,7.79178333,840.00,39.211
5799,3,1068,2867.170901968813,-725.110173895012,2020-08-08T12:30:08Z,45.42990000,7.79175000,840.00,39.201
5800,3,1069,2868.170901968813,-724.110173895012,2020-08-08T12:30:09Z,45.43001667,7.79170000,838.00,39.191
5801,3,1070,2869.170901968813,-723.110173895012,2020-08-08T12:30:10Z,45.43015000,7.79166667,838.00,39.179
5802,3,1071,2870.170901968813,-722.110173895012,2020-08-08T12:30:11Z,45.43026667,7.79165000,838.00,39.168
5803,3,1072,2871.170901968813,-721.110173895012,2020-08-08T12:30:12Z,45.43038333,7.79161667,838.00,39.158
5804,3,1073,2872.170901968813,-720.110173895012,2020-08-08T12:30:13Z,45.43048333,7.79158333,839.00,39.149
5805,3,1074,2873.170901968813,-719.110173895012,2020-08-08T12:30:14Z,45.43060000,7.79153333,839.00,39.14
5806,3,1075,2874.170901968813,-718.110173895012,2020-08-08T12:30:15Z,45.43070000,7.79148333,840.00,39.131
5807,3,1076,2875.170901968813,-717.110173895012,2020-08-08T12:30:16Z,45.43080000,7.79145000,840.00,39.123
5808,3,1077,2876.170901968813,-716.110173895012,2020-08-08T12:30:17Z,45.43091667,7.79140000,839.00,39.113
5809,3,1078,2877.170901968813,-715.110173895012,2020-08-08T12:30:18Z,45.43105000,7.79136667,840.00,39.101
5810,3,1079,2878.170901968813,-714.110173895012,2020-08-08T12:30:19Z,45.43116667,7.79135000,840.00,39.09
5811,3,1080,2879.170901968813,-713.110173895012,2020-08-08T12:30:20Z,45.43130000,7.79133333,840.00,39.078
5812,3,1081,2880.170901968813,-712.110173895012,2020-08-08T12:30:21Z,45.43141667,7.79133333,841.00,39.066
5813,3,1082,2881.170901968813,-711.110173895012,2020-08-08T12:30:22Z,45.43151667,7.79133333,843.00,39.056
5814,3,1083,2882.170901968813,-710.110173895012,2020-08-08T12:30:23Z,45.43160000,7.79136667,844.00,39.047
5815,3,1084,2883.170901968813,-709.110173895012,2020-08-08T12:30:24Z,45.43168333,7.79143333,844.00,39.036
5816,3,1085,2884.170901968813,-708.110173895012,2020-08-08T12:30:25Z,45.43176667,7.79153333,844.00,39.025
5817,3,1086,2885.170901968813,-707.110173895012,2020-08-08T12:30:26Z,45.43181667,7.79166667,843.00,39.015
5818,3,1087,2886.170901968813,-706.110173895012,2020-08-08T12:30:27Z,45.43183333,7.79181667,842.00,39.008
5819,3,1088,2887.170901968813,-705.110173895012,2020-08-08T12:30:28Z,45.43183333,7.79195000,842.00,39.003
5820,3,1089,2888.170901968813,-704.110173895012,2020-08-08T12:30:29Z,45.43178333,7.79208333,842.00,39.003
5821,3,1090,2889.170901968813,-703.110173895012,2020-08-08T12:30:30Z,45.43173333,7.79218333,842.00,39.004
5822,3,1091,2890.170901968813,-702.110173895012,2020-08-08T12:30:31Z,45.43168333,7.79228333,842.00,39.006
5823,3,1092,2891.170901968813,-701.110173895012,2020-08-08T12:30:32Z,45.43163333,7.79236667,842.00,39.008
5824,3,1093,2892.170901968813,-700.110173895012,2020-08-08T12:30:33Z,45.43158333,7.79245000,842.00,39.01
5825,3,1094,2893.170901968813,-699.110173895012,2020-08-08T12:30:34Z,45.43153333,7.79253333,842.00,39.011
5826,3,1095,2894.170901968813,-698.110173895012,2020-08-08T12:30:35Z,45.43146667,7.79261667,842.00,39.015
5827,3,1096,2895.170901968813,-697.110173895012,2020-08-08T12:30:36Z,45.43140000,7.79268333,841.00,39.019
5828,3,1097,2896.170901968813,-696.110173895012,2020-08-08T12:30:37Z,45.43131667,7.79276667,841.00,39.025
5829,3,1098,2897.170901968813,-695.110173895012,2020-08-08T12:30:38Z,45.43123333,7.79283333,840.00,39.03
5830,3,1099,2898.170901968813,-694.110173895012,2020-08-08T12:30:39Z,45.43116667,7.79290000,840.00,39.035
5831,3,1100,2899.170901968813,-693.110173895012,2020-08-08T12:30:40Z,45.43108333,7.79296667,840.00,39.041
5832,3,1101,2900.170901968813,-692.110173895012,2020-08-08T12:30:41Z,45.43100000,7.79301667,840.00,39.047
5833,3,1102,2901.170901968813,-691.110173895012,2020-08-08T12:30:42Z,45.43091667,7.79308333,840.00,39.053
5834,3,1103,2902.170901968813,-690.110173895012,2020-08-08T12:30:43Z,45.43081667,7.79313333,840.00,39.061
5835,3,1104,2903.170901968813,-689.110173895012,2020-08-08T12:30:44Z,45.43075000,7.79318333,840.00,39.066
5836,3,1105,2904.170901968813,-688.110173895012,2020-08-08T12:30:45Z,45.43066667,7.79325000,840.00,39.072
5837,3,1106,2905.170901968813,-687.110173895012,2020-08-08T12:30:46Z,45.43058333,7.79331667,840.00,39.078
5838,3,1107,2906.170901968813,-686.110173895012,2020-08-08T12:30:47Z,45.43051667,7.79338333,840.00,39.082
5839,3,1108,2907.170901968813,-685.110173895012,2020-08-08T12:30:48Z,45.43043333,7.79346667,840.00,39.088
5840,3,1109,2908.170901968813,-684.110173895012,2020-08-08T12:30:49Z,45.43036667,7.79355000,839.00,39.091
5841,3,1110,2909.170901968813,-683.110173895012,2020-08-08T12:30:50Z,45.43030000,7.79365000,839.00,39.095
5842,3,1111,2910.170901968813,-682.110173895012,2020-08-08T12:30:51Z,45.43023333,7.79375000,839.00,39.098
5843,3,1112,2911.170901968813,-681.110173895012,2020-08-08T12:30:52Z,45.43018333,7.79386667,840.00,39.099
5844,3,1113,2912.170901968813,-680.110173895012,2020-08-08T12:30:53Z,45.43013333,7.79398333,841.00,39.1
5845,3,1114,2913.170901968813,-679.110173895012,2020-08-08T12:30:54Z,45.43010000,7.79410000,842.00,39.099
5846,3,1115,2914.170901968813,-678.110173895012,2020-08-08T12:30:55Z,45.43010000,7.79423333,842.00,39.095
5847,3,1116,2915.170901968813,-677.110173895012,2020-08-08T12:30:56Z,45.43011667,7.79438333,842.00,39.088
5848,3,1117,2916.170901968813,-676.110173895012,2020-08-08T12:30:57Z,45.43015000,7.79455000,842.00,39.079
5849,3,1118,2917.170901968813,-675.110173895012,2020-08-08T12:30:58Z,45.43018333,7.79470000,842.00,39.07
5850,3,1119,2918.170901968813,-674.110173895012,2020-08-08T12:30:59Z,45.43025000,7.79481667,842.00,39.06
5851,3,1120,2919.170901968813,-673.110173895012,2020-08-08T12:31:00Z,45.43033333,7.79490000,844.00,39.048
5852,3,1121,2920.170901968813,-672.110173895012,2020-08-08T12:31:01Z,45.43043333,7.79496667,844.00,39.036
5853,3,1122,2921.170901968813,-671.110173895012,2020-08-08T12:31:02Z,45.43055000,7.79496667,843.00,39.025
5854,3,1123,2922.170901968813,-670.110173895012,2020-08-08T12:31:03Z,45.43065000,7.79491667,842.00,39.016
5855,3,1124,2923.170901968813,-669.110173895012,2020-08-08T12:31:04Z,45.43075000,7.79481667,841.00,39.01
5856,3,1125,2924.170901968813,-668.110173895012,2020-08-08T12:31:05Z,45.43080000,7.79466667,841.00,39.01
5857,3,1126,2925.170901968813,-667.110173895012,2020-08-08T12:31:06Z,45.43081667,7.79451667,842.00,39.013
5858,3,1127,2926.170901968813,-666.110173895012,2020-08-08T12:31:07Z,45.43081667,7.79440000,843.00,39.017
5859,3,1128,2927.170901968813,-665.110173895012,2020-08-08T12:31:08Z,45.43078333,7.79431667,844.00,39.023
5860,3,1129,2928.170901968813,-664.110173895012,2020-08-08T12:31:09Z,45.43076667,7.79423333,846.00,39.028
5861,3,1130,2929.170901968813,-663.110173895012,2020-08-08T12:31:10Z,45.43073333,7.79416667,846.00,39.034
5862,3,1131,2930.170901968813,-662.110173895012,2020-08-08T12:31:11Z,45.43068333,7.79410000,845.00,39.041
5863,3,1132,2931.170901968813,-661.110173895012,2020-08-08T12:31:12Z,45.43060000,7.79405000,845.00,39.051
5864,3,1133,2932.170901968813,-660.110173895012,2020-08-08T12:31:13Z,45.43051667,7.79403333,845.00,39.06
5865,3,1134,2933.170901968813,-659.110173895012,2020-08-08T12:31:14Z,45.43043333,7.79403333,846.00,39.068
5866,3,1135,2934.170901968813,-658.110173895012,2020-08-08T12:31:15Z,45.43036667,7.79406667,848.00,39.074
5867,3,1136,2935.170901968813,-657.110173895012,2020-08-08T12:31:16Z,45.43030000,7.79410000,849.00,39.079
5868,3,1137,2936.170901968813,-656.110173895012,2020-08-08T12:31:17Z,45.43025000,7.79415000,850.00,39.082
5869,3,1138,2937.170901968813,-655.110173895012,2020-08-08T12:31:18Z,45.43016667,7.79418333,849.00,39.09
5870,3,1139,2938.170901968813,-654.110173895012,2020-08-08T12:31:19Z,45.43008333,7.79421667,849.00,39.097
5871,3,1140,2939.170901968813,-653.110173895012,2020-08-08T12:31:20Z,45.42998333,7.79423333,850.00,39.106
5872,3,1141,2940.170901968813,-652.110173895012,2020-08-08T12:31:21Z,45.42990000,7.79423333,852.00,39.115
5873,3,1142,2941.170901968813,-651.110173895012,2020-08-08T12:31:22Z,45.42983333,7.79426667,854.00,39.12
5874,3,1143,2942.170901968813,-650.110173895012,2020-08-08T12:31:23Z,45.42978333,7.79431667,857.00,39.123
5875,3,1144,2943.170901968813,-649.110173895012,2020-08-08T12:31:24Z,45.42975000,7.79438333,859.00,39.124
5876,3,1145,2944.170901968813,-648.110173895012,2020-08-08T12:31:25Z,45.42973333,7.79448333,860.00,39.123
5877,3,1146,2945.170901968813,-647.110173895012,2020-08-08T12:31:26Z,45.42975000,7.79460000,861.00,39.117
5878,3,1147,2946.170901968813,-646.110173895012,2020-08-08T12:31:27Z,45.42976667,7.79471667,862.00,39.111
5879,3,1148,2947.170901968813,-645.110173895012,2020-08-08T12:31:28Z,45.42983333,7.79481667,863.00,39.101
5880,3,1149,2948.170901968813,-644.110173895012,2020-08-08T12:31:29Z,45.42993333,7.79488333,864.00,39.089
5881,3,1150,2949.170901968813,-643.110173895012,2020-08-08T12:31:30Z,45.43005000,7.79488333,863.00,39.077
5882,3,1151,2950.170901968813,-642.110173895012,2020-08-08T12:31:31Z,45.43015000,7.79483333,864.00,39.069
5883,3,1152,2951.170901968813,-641.110173895012,2020-08-08T12:31:32Z,45.43023333,7.79473333,866.00,39.064
5884,3,1153,2952.170901968813,-640.110173895012,2020-08-08T12:31:33Z,45.43028333,7.79463333,868.00,39.063
5885,3,1154,2953.170901968813,-639.110173895012,2020-08-08T12:31:34Z,45.43031667,7.79453333,870.00,39.063
5886,3,1155,2954.170901968813,-638.110173895012,2020-08-08T12:31:35Z,45.43031667,7.79446667,872.00,39.065
5887,3,1156,2955.170901968813,-637.110173895012,2020-08-08T12:31:36Z,45.43030000,7.79440000,873.00,39.069
5888,3,1157,2956.170901968813,-636.110173895012,2020-08-08T12:31:37Z,45.43028333,7.79433333,873.00,39.073
5889,3,1158,2957.170901968813,-635.110173895012,2020-08-08T12:31:38Z,45.43023333,7.79426667,875.00,39.08
5890,3,1159,2958.170901968813,-634.110173895012,2020-08-08T12:31:39Z,45.43018333,7.79423333,875.00,39.086
5891,3,1160,2959.170901968813,-633.110173895012,2020-08-08T12:31:40Z,45.43010000,7.79426667,876.00,39.093
5892,3,1161,2960.170901968813,-632.110173895012,2020-08-08T12:31:41Z,45.43003333,7.79433333,877.00,39.098
5893,3,1162,2961.170901968813,-631.110173895012,2020-08-08T12:31:42Z,45.42998333,7.79445000,878.00,39.099
5894,3,1163,2962.170901968813,-630.110173895012,2020-08-08T12:31:43Z,45.42996667,7.79458333,879.00,39.096
5895,3,1164,2963.170901968813,-629.110173895012,2020-08-08T12:31:44Z,45.43001667,7.79473333,880.00,39.086
5896,3,1165,2964.170901968813,-628.110173895012,2020-08-08T12:31:45Z,45.43008333,7.79483333,881.00,39.076
5897,3,1166,2965.170901968813,-627.110173895012,2020-08-08T12:31:46Z,45.43016667,7.79491667,883.00,39.065
5898,3,1167,2966.170901968813,-626.110173895012,2020-08-08T12:31:47Z,45.43026667,7.79493333,885.00,39.054
5899,3,1168,2967.170901968813,-625.110173895012,2020-08-08T12:31:48Z,45.43036667,7.79491667,887.00,39.045
5900,3,1169,2968.170901968813,-624.110173895012,2020-08-08T12:31:49Z,45.43045000,7.79488333,888.00,39.037
5901,3,1170,2969.170901968813,-623.110173895012,2020-08-08T12:31:50Z,45.43051667,7.79481667,890.00,39.033
5902,3,1171,2970.170901968813,-622.110173895012,2020-08-08T12:31:51Z,45.43056667,7.79471667,891.00,39.031
5903,3,1172,2971.170901968813,-621.110173895012,2020-08-08T12:31:52Z,45.43058333,7.79461667,891.00,39.033
5904,3,1173,2972.170901968813,-620.110173895012,2020-08-08T12:31:53Z,45.43055000,7.79453333,891.00,39.039
5905,3,1174,2973.170901968813,-619.110173895012,2020-08-08T12:31:54Z,45.43048333,7.79446667,892.00,39.048
5906,3,1175,2974.170901968813,-618.110173895012,2020-08-08T12:31:55Z,45.43040000,7.79446667,892.00,39.057
5907,3,1176,2975.170901968813,-617.110173895012,2020-08-08T12:31:56Z,45.43033333,7.79451667,893.00,39.062
5908,3,1177,2976.170901968813,-616.110173895012,2020-08-08T12:31:57Z,45.43028333,7.79463333,894.00,39.063
5909,3,1178,2977.170901968813,-615.110173895012,2020-08-08T12:31:58Z,45.43026667,7.79476667,895.00,39.06
5910,3,1179,2978.170901968813,-614.110173895012,2020-08-08T12:31:59Z,45.43028333,7.79491667,896.00,39.053
5911,3,1180,2979.170901968813,-613.110173895012,2020-08-08T12:32:00Z,45.43031667,7.79505000,898.00,39.045
5912,3,1181,2980.170901968813,-612.110173895012,2020-08-08T12:32:01Z,45.43038333,7.79516667,900.00,39.034
5913,3,1182,2981.170901968813,-611.110173895012,2020-08-08T12:32:02Z,45.43046667,7.79523333,900.00,39.024
5914,3,1183,2982.170901968813,-610.110173895012,2020-08-08T12:32:03Z,45.43056667,7.79526667,901.00,39.013
5915,3,1184,2983.170901968813,-609.110173895012,2020-08-08T12:32:04Z,45.43068333,7.79525000,901.00,39.002
5916,3,1185,2984.170901968813,-608.110173895012,2020-08-08T12:32:05Z,45.43078333,7.79521667,901.00,38.993
5917,3,1186,2985.170901968813,-607.110173895012,2020-08-08T12:32:06Z,45.43086667,7.79513333,902.00,38.987
5918,3,1187,2986.170901968813,-606.110173895012,2020-08-08T12:32:07Z,45.43093333,7.79501667,903.00,38.984
5919,3,1188,2987.170901968813,-605.110173895012,2020-08-08T12:32:08Z,45.43095000,7.79491667,904.00,38.986
5920,3,1189,2988.170901968813,-604.110173895012,2020-08-08T12:32:09Z,45.43096667,7.79480000,905.00,38.989
5921,3,1190,2989.170901968813,-603.110173895012,2020-08-08T12:32:10Z,45.43095000,7.79471667,905.00,38.993
5922,3,1191,2990.170901968813,-602.110173895012,2020-08-08T12:32:11Z,45.43090000,7.79463333,906.00,39.001
5923,3,1192,2991.170901968813,-601.110173895012,2020-08-08T12:32:12Z,45.43083333,7.79458333,906.00,39.009
5924,3,1193,2992.170901968813,-600.110173895012,2020-08-08T12:32:13Z,45.43076667,7.79456667,908.00,39.016
5925,3,1194,2993.170901968813,-599.110173895012,2020-08-08T12:32:14Z,45.43071667,7.79460000,910.00,39.02
5926,3,1195,2994.170901968813,-598.110173895012,2020-08-08T12:32:15Z,45.43066667,7.79466667,911.00,39.023
5927,3,1196,2995.170901968813,-597.110173895012,2020-08-08T12:32:16Z,45.43063333,7.79478333,912.00,39.022
5928,3,1197,2996.170901968813,-596.110173895012,2020-08-08T12:32:17Z,45.43063333,7.79491667,913.00,39.018
5929,3,1198,2997.170901968813,-595.110173895012,2020-08-08T12:32:18Z,45.43068333,7.79506667,915.00,39.008
5930,3,1199,2998.170901968813,-594.110173895012,2020-08-08T12:32:19Z,45.43076667,7.79516667,916.00,38.996
5931,3,1200,2999.170901968813,-593.110173895012,2020-08-08T12:32:20Z,45.43086667,7.79523333,917.00,38.984
5932,3,1201,3000.170901968813,-592.110173895012,2020-08-08T12:32:21Z,45.43098333,7.79525000,918.00,38.972
5933,3,1202,3001.170901968813,-591.110173895012,2020-08-08T12:32:22Z,45.43108333,7.79521667,919.00,38.963
5934,3,1203,3002.170901968813,-590.110173895012,2020-08-08T12:32:23Z,45.43116667,7.79515000,920.00,38.957
5935,3,1204,3003.170901968813,-589.110173895012,2020-08-08T12:32:24Z,45.43125000,7.79508333,921.00,38.951
5936,3,1205,3004.170901968813,-588.110173895012,2020-08-08T12:32:25Z,45.43131667,7.79501667,922.00,38.946
5937,3,1206,3005.170901968813,-587.110173895012,2020-08-08T12:32:26Z,45.43136667,7.79495000,923.00,38.943
5938,3,1207,3006.170901968813,-586.110173895012,2020-08-08T12:32:27Z,45.43140000,7.79486667,924.00,38.943
5939,3,1208,3007.170901968813,-585.110173895012,2020-08-08T12:32:28Z,45.43140000,7.79475000,924.00,38.947
5940,3,1209,3008.170901968813,-584.110173895012,2020-08-08T12:32:29Z,45.43136667,7.79465000,922.00,38.954
5941,3,1210,3009.170901968813,-583.110173895012,2020-08-08T12:32:30Z,45.43130000,7.79456667,923.00,38.963
5942,3,1211,3010.170901968813,-582.110173895012,2020-08-08T12:32:31Z,45.43120000,7.79455000,923.00,38.974
5943,3,1212,3011.170901968813,-581.110173895012,2020-08-08T12:32:32Z,45.43111667,7.79460000,924.00,38.98
5944,3,1213,3012.170901968813,-580.110173895012,2020-08-08T12:32:33Z,45.43106667,7.79470000,926.00,38.982
5945,3,1214,3013.170901968813,-579.110173895012,2020-08-08T12:32:34Z,45.43105000,7.79481667,928.00,38.98
5946,3,1215,3014.170901968813,-578.110173895012,2020-08-08T12:32:35Z,45.43103333,7.79493333,930.00,38.977
5947,3,1216,3015.170901968813,-577.110173895012,2020-08-08T12:32:36Z,45.43106667,7.79506667,932.00,38.969
5948,3,1217,3016.170901968813,-576.110173895012,2020-08-08T12:32:37Z,45.43110000,7.79518333,933.00,38.962
5949,3,1218,3017.170901968813,-575.110173895012,2020-08-08T12:32:38Z,45.43116667,7.79530000,934.00,38.951
5950,3,1219,3018.170901968813,-574.110173895012,2020-08-08T12:32:39Z,45.43128333,7.79538333,935.00,38.937
5951,3,1220,3019.170901968813,-573.110173895012,2020-08-08T12:32:40Z,45.43140000,7.79540000,936.00,38.925
5952,3,1221,3020.170901968813,-572.110173895012,2020-08-08T12:32:41Z,45.43151667,7.79533333,936.00,38.915
5953,3,1222,3021.170901968813,-571.110173895012,2020-08-08T12:32:42Z,45.43160000,7.79520000,936.00,38.912
5954,3,1223,3022.170901968813,-570.110173895012,2020-08-08T12:32:43Z,45.43161667,7.79505000,935.00,38.915
5955,3,1224,3023.170901968813,-569.110173895012,2020-08-08T12:32:44Z,45.43158333,7.79493333,937.00,38.922
5956,3,1225,3024.170901968813,-568.110173895012,2020-08-08T12:32:45Z,45.43151667,7.79486667,938.00,38.931
5957,3,1226,3025.170901968813,-567.110173895012,2020-08-08T12:32:46Z,45.43145000,7.79488333,939.00,38.937
5958,3,1227,3026.170901968813,-566.110173895012,2020-08-08T12:32:47Z,45.43138333,7.79495000,941.00,38.942
5959,3,1228,3027.170901968813,-565.110173895012,2020-08-08T12:32:48Z,45.43133333,7.79501667,943.00,38.944
5960,3,1229,3028.170901968813,-564.110173895012,2020-08-08T12:32:49Z,45.43131667,7.79511667,944.00,38.943
5961,3,1230,3029.170901968813,-563.110173895012,2020-08-08T12:32:50Z,45.43130000,7.79521667,946.00,38.941
5962,3,1231,3030.170901968813,-562.110173895012,2020-08-08T12:32:51Z,45.43133333,7.79533333,947.00,38.934
5963,3,1232,3031.170901968813,-561.110173895012,2020-08-08T12:32:52Z,45.43138333,7.79545000,947.00,38.925
5964,3,1233,3032.170901968813,-560.110173895012,2020-08-08T12:32:53Z,45.43148333,7.79553333,947.00,38.912
5965,3,1234,3033.170901968813,-559.110173895012,2020-08-08T12:32:54Z,45.43158333,7.79558333,948.00,38.9
5966,3,1235,3034.170901968813,-558.110173895012,2020-08-08T12:32:55Z,45.43170000,7.79556667,948.00,38.889
5967,3,1236,3035.170901968813,-557.110173895012,2020-08-08T12:32:56Z,45.43181667,7.79550000,948.00,38.88
5968,3,1237,3036.170901968813,-556.110173895012,2020-08-08T12:32:57Z,45.43188333,7.79540000,949.00,38.876
5969,3,1238,3037.170901968813,-555.110173895012,2020-08-08T12:32:58Z,45.43193333,7.79528333,950.00,38.875
5970,3,1239,3038.170901968813,-554.110173895012,2020-08-08T12:32:59Z,45.43195000,7.79516667,952.00,38.878
5971,3,1240,3039.170901968813,-553.110173895012,2020-08-08T12:33:00Z,45.43195000,7.79508333,953.00,38.881
5972,3,1241,3040.170901968813,-552.110173895012,2020-08-08T12:33:01Z,45.43191667,7.79500000,954.00,38.887
5973,3,1242,3041.170901968813,-551.110173895012,2020-08-08T12:33:02Z,45.43186667,7.79495000,954.00,38.893
5974,3,1243,3042.170901968813,-550.110173895012,2020-08-08T12:33:03Z,45.43180000,7.79493333,955.00,38.901
5975,3,1244,3043.170901968813,-549.110173895012,2020-08-08T12:33:04Z,45.43173333,7.79496667,956.00,38.906
5976,3,1245,3044.170901968813,-548.110173895012,2020-08-08T12:33:05Z,45.43170000,7.79505000,957.00,38.907
5977,3,1246,3045.170901968813,-547.110173895012,2020-08-08T12:33:06Z,45.43166667,7.79515000,958.00,38.907
5978,3,1247,3046.170901968813,-546.110173895012,2020-08-08T12:33:07Z,45.43166667,7.79528333,959.00,38.902
5979,3,1248,3047.170901968813,-545.110173895012,2020-08-08T12:33:08Z,45.43170000,7.79541667,960.00,38.894
5980,3,1249,3048.170901968813,-544.110173895012,2020-08-08T12:33:09Z,45.43176667,7.79551667,962.00,38.884
5981,3,1250,3049.170901968813,-543.110173895012,2020-08-08T12:33:10Z,45.43185000,7.79560000,962.00,38.873
5982,3,1251,3050.170901968813,-542.110173895012,2020-08-08T12:33:11Z,45.43195000,7.79566667,962.00,38.861
5983,3,1252,3051.170901968813,-541.110173895012,2020-08-08T12:33:12Z,45.43205000,7.79566667,963.00,38.851
5984,3,1253,3052.170901968813,-540.110173895012,2020-08-08T12:33:13Z,45.43215000,7.79565000,963.00,38.841
5985,3,1254,3053.170901968813,-539.110173895012,2020-08-08T12:33:14Z,45.43223333,7.79558333,963.00,38.835
5986,3,1255,3054.170901968813,-538.110173895012,2020-08-08T12:33:15Z,45.43231667,7.79550000,964.00,38.83
5987,3,1256,3055.170901968813,-537.110173895012,2020-08-08T12:33:16Z,45.43238333,7.79540000,965.00,38.826
5988,3,1257,3056.170901968813,-536.110173895012,2020-08-08T12:33:17Z,45.43243333,7.79530000,964.00,38.825
5989,3,1258,3057.170901968813,-535.110173895012,2020-08-08T12:33:18Z,45.43246667,7.79521667,964.00,38.824
5990,3,1259,3058.170901968813,-534.110173895012,2020-08-08T12:33:19Z,45.43245000,7.79511667,964.00,38.83
5991,3,1260,3059.170901968813,-533.110173895012,2020-08-08T12:33:20Z,45.43241667,7.79503333,963.00,38.836
5992,3,1261,3060.170901968813,-532.110173895012,2020-08-08T12:33:21Z,45.43236667,7.79495000,963.00,38.844
5993,3,1262,3061.170901968813,-531.110173895012,2020-08-08T12:33:22Z,45.43230000,7.79488333,964.00,38.853
5994,3,1263,3062.170901968813,-530.110173895012,2020-08-08T12:33:23Z,45.43225000,7.79486667,966.00,38.858
5995,3,1264,3063.170901968813,-529.110173895012,2020-08-08T12:33:24Z,45.43218333,7.79490000,966.00,38.864
5996,3,1265,3064.170901968813,-528.110173895012,2020-08-08T12:33:25Z,45.43213333,7.79495000,966.00,38.867
5997,3,1266,3065.170901968813,-527.110173895012,2020-08-08T12:33:26Z,45.43208333,7.79505000,967.00,38.868
5998,3,1267,3066.170901968813,-526.110173895012,2020-08-08T12:33:27Z,45.43201667,7.79515000,968.00,38.872
5999,3,1268,3067.170901968813,-525.110173895012,2020-08-08T12:33:28Z,45.43198333,7.79526667,970.00,38.871
6000,3,1269,3068.170901968813,-524.110173895012,2020-08-08T12:33:29Z,45.43196667,7.79538333,973.00,38.869
6001,3,1270,3069.170901968813,-523.110173895012,2020-08-08T12:33:30Z,45.43198333,7.79551667,974.00,38.862
6002,3,1271,3070.170901968813,-522.110173895012,2020-08-08T12:33:31Z,45.43203333,7.79563333,975.00,38.853
6003,3,1272,3071.170901968813,-521.110173895012,2020-08-08T12:33:32Z,45.43210000,7.79575000,974.00,38.843
6004,3,1273,3072.170901968813,-520.110173895012,2020-08-08T12:33:33Z,45.43218333,7.79585000,975.00,38.831
6005,3,1274,3073.170901968813,-519.110173895012,2020-08-08T12:33:34Z,45.43230000,7.79591667,977.00,38.817
6006,3,1275,3074.170901968813,-518.110173895012,2020-08-08T12:33:35Z,45.43240000,7.79590000,977.00,38.808
6007,3,1276,3075.170901968813,-517.110173895012,2020-08-08T12:33:36Z,45.43250000,7.79580000,977.00,38.801
6008,3,1277,3076.170901968813,-516.110173895012,2020-08-08T12:33:37Z,45.43258333,7.79566667,977.00,38.797
6009,3,1278,3077.170901968813,-515.110173895012,2020-08-08T12:33:38Z,45.43260000,7.79551667,978.00,38.801
6010,3,1279,3078.170901968813,-514.110173895012,2020-08-08T12:33:39Z,45.43260000,7.79541667,981.00,38.804
6011,3,1280,3079.170901968813,-513.110173895012,2020-08-08T12:33:40Z,45.43258333,7.79535000,983.00,38.808
6012,3,1281,3080.170901968813,-512.110173895012,2020-08-08T12:33:41Z,45.43256667,7.79530000,985.00,38.812
6013,3,1282,3081.170901968813,-511.110173895012,2020-08-08T12:33:42Z,45.43255000,7.79525000,987.00,38.815
6014,3,1283,3082.170901968813,-510.110173895012,2020-08-08T12:33:43Z,45.43251667,7.79520000,988.00,38.82
6015,3,1284,3083.170901968813,-509.110173895012,2020-08-08T12:33:44Z,45.43246667,7.79516667,987.00,38.826
6016,3,1285,3084.170901968813,-508.110173895012,2020-08-08T12:33:45Z,45.43238333,7.79520000,986.00,38.833
6017,3,1286,3085.170901968813,-507.110173895012,2020-08-08T12:33:46Z,45.43231667,7.79531667,985.00,38.836
6018,3,1287,3086.170901968813,-506.110173895012,2020-08-08T12:33:47Z,45.43228333,7.79551667,985.00,38.832
6019,3,1288,3087.170901968813,-505.110173895012,2020-08-08T12:33:48Z,45.43233333,7.79568333,986.00,38.822
6020,3,1289,3088.170901968813,-504.110173895012,2020-08-08T12:33:49Z,45.43240000,7.79580000,988.00,38.811
6021,3,1290,3089.170901968813,-503.110173895012,2020-08-08T12:33:50Z,45.43248333,7.79586667,990.00,38.8
6022,3,1291,3090.170901968813,-502.110173895012,2020-08-08T12:33:51Z,45.43255000,7.79590000,993.00,38.793
6023,3,1292,3091.170901968813,-501.110173895012,2020-08-08T12:33:52Z,45.43265000,7.79593333,994.00,38.782
6024,3,1293,3092.170901968813,-500.110173895012,2020-08-08T12:33:53Z,45.43273333,7.79595000,994.00,38.773
6025,3,1294,3093.170901968813,-499.110173895012,2020-08-08T12:33:54Z,45.43285000,7.79593333,993.00,38.762
6026,3,1295,3094.170901968813,-498.110173895012,2020-08-08T12:33:55Z,45.43296667,7.79590000,993.00,38.751
6027,3,1296,3095.170901968813,-497.110173895012,2020-08-08T12:33:56Z,45.43306667,7.79583333,993.00,38.743
6028,3,1297,3096.170901968813,-496.110173895012,2020-08-08T12:33:57Z,45.43313333,7.79576667,994.00,38.739
6029,3,1298,3097.170901968813,-495.110173895012,2020-08-08T12:33:58Z,45.43318333,7.79568333,995.00,38.737
6030,3,1299,3098.170901968813,-494.110173895012,2020-08-08T12:33:59Z,45.43320000,7.79560000,996.00,38.738
6031,3,1300,3099.170901968813,-493.110173895012,2020-08-08T12:34:00Z,45.43318333,7.79551667,995.00,38.743
6032,3,1301,3100.170901968813,-492.110173895012,2020-08-08T12:34:01Z,45.43313333,7.79543333,994.00,38.751
6033,3,1302,3101.170901968813,-491.110173895012,2020-08-08T12:34:02Z,45.43305000,7.79540000,994.00,38.76
6034,3,1303,3102.170901968813,-490.110173895012,2020-08-08T12:34:03Z,45.43296667,7.79541667,994.00,38.768
6035,3,1304,3103.170901968813,-489.110173895012,2020-08-08T12:34:04Z,45.43290000,7.79550000,994.00,38.771
6036,3,1305,3104.170901968813,-488.110173895012,2020-08-08T12:34:05Z,45.43285000,7.79563333,995.00,38.772
6037,3,1306,3105.170901968813,-487.110173895012,2020-08-08T12:34:06Z,45.43285000,7.79576667,996.00,38.767
6038,3,1307,3106.170901968813,-486.110173895012,2020-08-08T12:34:07Z,45.43290000,7.79590000,997.00,38.758
6039,3,1308,3107.170901968813,-485.110173895012,2020-08-08T12:34:08Z,45.43295000,7.79603333,997.00,38.748
6040,3,1309,3108.170901968813,-484.110173895012,2020-08-08T12:34:09Z,45.43305000,7.79613333,998.00,38.735
6041,3,1310,3109.170901968813,-483.110173895012,2020-08-08T12:34:10Z,45.43313333,7.79618333,999.00,38.725
6042,3,1311,3110.170901968813,-482.110173895012,2020-08-08T12:34:11Z,45.43323333,7.79620000,1000.00,38.714
6043,3,1312,3111.170901968813,-481.110173895012,2020-08-08T12:34:12Z,45.43333333,7.79620000,999.00,38.704
6044,3,1313,3112.170901968813,-480.110173895012,2020-08-08T12:34:13Z,45.43341667,7.79618333,1000.00,38.696
6045,3,1314,3113.170901968813,-479.110173895012,2020-08-08T12:34:14Z,45.43351667,7.79615000,1000.00,38.688
6046,3,1315,3114.170901968813,-478.110173895012,2020-08-08T12:34:15Z,45.43363333,7.79611667,999.00,38.677
6047,3,1316,3115.170901968813,-477.110173895012,2020-08-08T12:34:16Z,45.43375000,7.79606667,998.00,38.667
6048,3,1317,3116.170901968813,-476.110173895012,2020-08-08T12:34:17Z,45.43386667,7.79603333,998.00,38.657
6049,3,1318,3117.170901968813,-475.110173895012,2020-08-08T12:34:18Z,45.43398333,7.79600000,999.00,38.646
6050,3,1319,3118.170901968813,-474.110173895012,2020-08-08T12:34:19Z,45.43408333,7.79596667,1000.00,38.637
6051,3,1320,3119.170901968813,-473.110173895012,2020-08-08T12:34:20Z,45.43416667,7.79593333,1000.00,38.63
6052,3,1321,3120.170901968813,-472.110173895012,2020-08-08T12:34:21Z,45.43425000,7.79588333,1000.00,38.624
6053,3,1322,3121.170901968813,-471.110173895012,2020-08-08T12:34:22Z,45.43433333,7.79585000,1000.00,38.617
6054,3,1323,3122.170901968813,-470.110173895012,2020-08-08T12:34:23Z,45.43443333,7.79581667,999.00,38.608
6055,3,1324,3123.170901968813,-469.110173895012,2020-08-08T12:34:24Z,45.43455000,7.79576667,997.00,38.598
6056,3,1325,3124.170901968813,-468.110173895012,2020-08-08T12:34:25Z,45.43468333,7.79570000,994.00,38.587
6057,3,1326,3125.170901968813,-467.110173895012,2020-08-08T12:34:26Z,45.43481667,7.79561667,992.00,38.577
6058,3,1327,3126.170901968813,-466.110173895012,2020-08-08T12:34:27Z,45.43493333,7.79555000,991.00,38.568
6059,3,1328,3127.170901968813,-465.110173895012,2020-08-08T12:34:28Z,45.43503333,7.79546667,991.00,38.561
6060,3,1329,3128.170901968813,-464.110173895012,2020-08-08T12:34:29Z,45.43511667,7.79540000,991.00,38.555
6061,3,1330,3129.170901968813,-463.110173895012,2020-08-08T12:34:30Z,45.43520000,7.79533333,989.00,38.549
6062,3,1331,3130.170901968813,-462.110173895012,2020-08-08T12:34:31Z,45.43528333,7.79526667,987.00,38.543
6063,3,1332,3131.170901968813,-461.110173895012,2020-08-08T12:34:32Z,45.43540000,7.79520000,983.00,38.534
6064,3,1333,3132.170901968813,-460.110173895012,2020-08-08T12:34:33Z,45.43550000,7.79511667,980.00,38.527
6065,3,1334,3133.170901968813,-459.110173895012,2020-08-08T12:34:34Z,45.43561667,7.79501667,979.00,38.519
6066,3,1335,3134.170901968813,-458.110173895012,2020-08-08T12:34:35Z,45.43573333,7.79491667,979.00,38.511
6067,3,1336,3135.170901968813,-457.110173895012,2020-08-08T12:34:36Z,45.43581667,7.79485000,979.00,38.506
6068,3,1337,3136.170901968813,-456.110173895012,2020-08-08T12:34:37Z,45.43591667,7.79478333,980.00,38.498
6069,3,1338,3137.170901968813,-455.110173895012,2020-08-08T12:34:38Z,45.43600000,7.79473333,979.00,38.492
6070,3,1339,3138.170901968813,-454.110173895012,2020-08-08T12:34:39Z,45.43610000,7.79465000,977.00,38.485
6071,3,1340,3139.170901968813,-453.110173895012,2020-08-08T12:34:40Z,45.43621667,7.79455000,975.00,38.477
6072,3,1341,3140.170901968813,-452.110173895012,2020-08-08T12:34:41Z,45.43631667,7.79443333,973.00,38.472
6073,3,1342,3141.170901968813,-451.110173895012,2020-08-08T12:34:42Z,45.43643333,7.79431667,974.00,38.464
6074,3,1343,3142.170901968813,-450.110173895012,2020-08-08T12:34:43Z,45.43653333,7.79421667,975.00,38.458
6075,3,1344,3143.170901968813,-449.110173895012,2020-08-08T12:34:44Z,45.43663333,7.79411667,976.00,38.452
6076,3,1345,3144.170901968813,-448.110173895012,2020-08-08T12:34:45Z,45.43671667,7.79405000,978.00,38.447
6077,3,1346,3145.170901968813,-447.110173895012,2020-08-08T12:34:46Z,45.43680000,7.79396667,978.00,38.442
6078,3,1347,3146.170901968813,-446.110173895012,2020-08-08T12:34:47Z,45.43688333,7.79390000,979.00,38.436
6079,3,1348,3147.170901968813,-445.110173895012,2020-08-08T12:34:48Z,45.43698333,7.79381667,980.00,38.429
6080,3,1349,3148.170901968813,-444.110173895012,2020-08-08T12:34:49Z,45.43706667,7.79373333,980.00,38.424
6081,3,1350,3149.170901968813,-443.110173895012,2020-08-08T12:34:50Z,45.43716667,7.79365000,980.00,38.418
6082,3,1351,3150.170901968813,-442.110173895012,2020-08-08T12:34:51Z,45.43726667,7.79358333,980.00,38.41
6083,3,1352,3151.170901968813,-441.110173895012,2020-08-08T12:34:52Z,45.43736667,7.79350000,980.00,38.404
6084,3,1353,3152.170901968813,-440.110173895012,2020-08-08T12:34:53Z,45.43745000,7.79343333,981.00,38.398
6085,3,1354,3153.170901968813,-439.110173895012,2020-08-08T12:34:54Z,45.43755000,7.79336667,982.00,38.391
6086,3,1355,3154.170901968813,-438.110173895012,2020-08-08T12:34:55Z,45.43765000,7.79330000,983.00,38.384
6087,3,1356,3155.170901968813,-437.110173895012,2020-08-08T12:34:56Z,45.43775000,7.79321667,983.00,38.377
6088,3,1357,3156.170901968813,-436.110173895012,2020-08-08T12:34:57Z,45.43783333,7.79315000,983.00,38.372
6089,3,1358,3157.170901968813,-435.110173895012,2020-08-08T12:34:58Z,45.43793333,7.79306667,982.00,38.365
6090,3,1359,3158.170901968813,-434.110173895012,2020-08-08T12:34:59Z,45.43803333,7.79298333,983.00,38.359
6091,3,1360,3159.170901968813,-433.110173895012,2020-08-08T12:35:00Z,45.43813333,7.79293333,984.00,38.351
6092,3,1361,3160.170901968813,-432.110173895012,2020-08-08T12:35:01Z,45.43823333,7.79288333,985.00,38.343
6093,3,1362,3161.170901968813,-431.110173895012,2020-08-08T12:35:02Z,45.43833333,7.79286667,985.00,38.334
6094,3,1363,3162.170901968813,-430.110173895012,2020-08-08T12:35:03Z,45.43841667,7.79286667,987.00,38.326
6095,3,1364,3163.170901968813,-429.110173895012,2020-08-08T12:35:04Z,45.43850000,7.79286667,987.00,38.318
6096,3,1365,3164.170901968813,-428.110173895012,2020-08-08T12:35:05Z,45.43858333,7.79290000,988.00,38.309
6097,3,1366,3165.170901968813,-427.110173895012,2020-08-08T12:35:06Z,45.43868333,7.79298333,988.00,38.296
6098,3,1367,3166.170901968813,-426.110173895012,2020-08-08T12:35:07Z,45.43875000,7.79308333,988.00,38.286
6099,3,1368,3167.170901968813,-425.110173895012,2020-08-08T12:35:08Z,45.43880000,7.79323333,988.00,38.275
6100,3,1369,3168.170901968813,-424.110173895012,2020-08-08T12:35:09Z,45.43880000,7.79338333,988.00,38.269
6101,3,1370,3169.170901968813,-423.110173895012,2020-08-08T12:35:10Z,45.43875000,7.79351667,987.00,38.269
6102,3,1371,3170.170901968813,-422.110173895012,2020-08-08T12:35:11Z,45.43866667,7.79360000,987.00,38.274
6103,3,1372,3171.170901968813,-421.110173895012,2020-08-08T12:35:12Z,45.43858333,7.79363333,986.00,38.281
6104,3,1373,3172.170901968813,-420.110173895012,2020-08-08T12:35:13Z,45.43848333,7.79361667,987.00,38.291
6105,3,1374,3173.170901968813,-419.110173895012,2020-08-08T12:35:14Z,45.43843333,7.79355000,988.00,38.298
6106,3,1375,3174.170901968813,-418.110173895012,2020-08-08T12:35:15Z,45.43840000,7.79345000,988.00,38.306
6107,3,1376,3175.170901968813,-417.110173895012,2020-08-08T12:35:16Z,45.43838333,7.79333333,988.00,38.312
6108,3,1377,3176.170901968813,-416.110173895012,2020-08-08T12:35:17Z,45.43841667,7.79321667,988.00,38.313
6109,3,1378,3177.170901968813,-415.110173895012,2020-08-08T12:35:18Z,45.43846667,7.79310000,988.00,38.313
6110,3,1379,3178.170901968813,-414.110173895012,2020-08-08T12:35:19Z,45.43851667,7.79300000,987.00,38.312
6111,3,1380,3179.170901968813,-413.110173895012,2020-08-08T12:35:20Z,45.43860000,7.79291667,987.00,38.307
6112,3,1381,3180.170901968813,-412.110173895012,2020-08-08T12:35:21Z,45.43870000,7.79285000,985.00,38.3
6113,3,1382,3181.170901968813,-411.110173895012,2020-08-08T12:35:22Z,45.43883333,7.79280000,983.00,38.289
6114,3,1383,3182.170901968813,-410.110173895012,2020-08-08T12:35:23Z,45.43895000,7.79275000,983.00,38.28
6115,3,1384,3183.170901968813,-409.110173895012,2020-08-08T12:35:24Z,45.43906667,7.79271667,983.00,38.27
6116,3,1385,3184.170901968813,-408.110173895012,2020-08-08T12:35:25Z,45.43918333,7.79270000,985.00,38.259
6117,3,1386,3185.170901968813,-407.110173895012,2020-08-08T12:35:26Z,45.43928333,7.79270000,986.00,38.249
6118,3,1387,3186.170901968813,-406.110173895012,2020-08-08T12:35:27Z,45.43938333,7.79270000,986.00,38.24
6119,3,1388,3187.170901968813,-405.110173895012,2020-08-08T12:35:28Z,45.43950000,7.79268333,986.00,38.229
6120,3,1389,3188.170901968813,-404.110173895012,2020-08-08T12:35:29Z,45.43963333,7.79266667,986.00,38.217
6121,3,1390,3189.170901968813,-403.110173895012,2020-08-08T12:35:30Z,45.43976667,7.79265000,987.00,38.205
6122,3,1391,3190.170901968813,-402.110173895012,2020-08-08T12:35:31Z,45.43988333,7.79263333,988.00,38.195
6123,3,1392,3191.170901968813,-401.110173895012,2020-08-08T12:35:32Z,45.44000000,7.79260000,989.00,38.185
6124,3,1393,3192.170901968813,-400.110173895012,2020-08-08T12:35:33Z,45.44011667,7.79258333,989.00,38.174
6125,3,1394,3193.170901968813,-399.110173895012,2020-08-08T12:35:34Z,45.44023333,7.79255000,989.00,38.164
6126,3,1395,3194.170901968813,-398.110173895012,2020-08-08T12:35:35Z,45.44035000,7.79253333,988.00,38.154
6127,3,1396,3195.170901968813,-397.110173895012,2020-08-08T12:35:36Z,45.44048333,7.79251667,987.00,38.142
6128,3,1397,3196.170901968813,-396.110173895012,2020-08-08T12:35:37Z,45.44061667,7.79248333,985.00,38.13
6129,3,1398,3197.170901968813,-395.110173895012,2020-08-08T12:35:38Z,45.44073333,7.79245000,984.00,38.121
6130,3,1399,3198.170901968813,-394.110173895012,2020-08-08T12:35:39Z,45.44086667,7.79243333,982.00,38.109
6131,3,1400,3199.170901968813,-393.110173895012,2020-08-08T12:35:40Z,45.44100000,7.79241667,981.00,38.097
6132,3,1401,3200.170901968813,-392.110173895012,2020-08-08T12:35:41Z,45.44113333,7.79240000,981.00,38.085
6133,3,1402,3201.170901968813,-391.110173895012,2020-08-08T12:35:42Z,45.44126667,7.79238333,981.00,38.073
6134,3,1403,3202.170901968813,-390.110173895012,2020-08-08T12:35:43Z,45.44141667,7.79235000,981.00,38.06
6135,3,1404,3203.170901968813,-389.110173895012,2020-08-08T12:35:44Z,45.44155000,7.79231667,980.00,38.048
6136,3,1405,3204.170901968813,-388.110173895012,2020-08-08T12:35:45Z,45.44170000,7.79228333,979.00,38.035
6137,3,1406,3205.170901968813,-387.110173895012,2020-08-08T12:35:46Z,45.44183333,7.79225000,978.00,38.024
6138,3,1407,3206.170901968813,-386.110173895012,2020-08-08T12:35:47Z,45.44196667,7.79221667,978.00,38.013
6139,3,1408,3207.170901968813,-385.110173895012,2020-08-08T12:35:48Z,45.44210000,7.79218333,977.00,38.002
6140,3,1409,3208.170901968813,-384.110173895012,2020-08-08T12:35:49Z,45.44223333,7.79216667,978.00,37.99
6141,3,1410,3209.170901968813,-383.110173895012,2020-08-08T12:35:50Z,45.44236667,7.79213333,978.00,37.979
6142,3,1411,3210.170901968813,-382.110173895012,2020-08-08T12:35:51Z,45.44250000,7.79210000,978.00,37.967
6143,3,1412,3211.170901968813,-381.110173895012,2020-08-08T12:35:52Z,45.44265000,7.79206667,978.00,37.955
6144,3,1413,3212.170901968813,-380.110173895012,2020-08-08T12:35:53Z,45.44278333,7.79201667,979.00,37.944
6145,3,1414,3213.170901968813,-379.110173895012,2020-08-08T12:35:54Z,45.44290000,7.79195000,980.00,37.936
6146,3,1415,3214.170901968813,-378.110173895012,2020-08-08T12:35:55Z,45.44301667,7.79188333,985.00,37.928
6147,3,1416,3215.170901968813,-377.110173895012,2020-08-08T12:35:56Z,45.44311667,7.79183333,989.00,37.92
6148,3,1417,3216.170901968813,-376.110173895012,2020-08-08T12:35:57Z,45.44321667,7.79180000,990.00,37.912
6149,3,1418,3217.170901968813,-375.110173895012,2020-08-08T12:35:58Z,45.44331667,7.79176667,991.00,37.904
6150,3,1419,3218.170901968813,-374.110173895012,2020-08-08T12:35:59Z,45.44345000,7.79175000,991.00,37.893
6151,3,1420,3219.170901968813,-373.110173895012,2020-08-08T12:36:00Z,45.44356667,7.79175000,991.00,37.882
6152,3,1421,3220.170901968813,-372.110173895012,2020-08-08T12:36:01Z,45.44370000,7.79173333,990.00,37.87
6153,3,1422,3221.170901968813,-371.110173895012,2020-08-08T12:36:02Z,45.44383333,7.79171667,991.00,37.858
6154,3,1423,3222.170901968813,-370.110173895012,2020-08-08T12:36:03Z,45.44396667,7.79170000,993.00,37.846
6155,3,1424,3223.170901968813,-369.110173895012,2020-08-08T12:36:04Z,45.44410000,7.79168333,996.00,37.835
6156,3,1425,3224.170901968813,-368.110173895012,2020-08-08T12:36:05Z,45.44420000,7.79166667,1000.00,37.826
6157,3,1426,3225.170901968813,-367.110173895012,2020-08-08T12:36:06Z,45.44428333,7.79165000,1001.00,37.819
6158,3,1427,3226.170901968813,-366.110173895012,2020-08-08T12:36:07Z,45.44436667,7.79160000,1003.00,37.813
6159,3,1428,3227.170901968813,-365.110173895012,2020-08-08T12:36:08Z,45.44445000,7.79151667,1003.00,37.809
6160,3,1429,3228.170901968813,-364.110173895012,2020-08-08T12:36:09Z,45.44451667,7.79138333,1003.00,37.809
6161,3,1430,3229.170901968813,-363.110173895012,2020-08-08T12:36:10Z,45.44455000,7.79125000,1004.00,37.811
6162,3,1431,3230.170901968813,-362.110173895012,2020-08-08T12:36:11Z,45.44455000,7.79110000,1005.00,37.818
6163,3,1432,3231.170901968813,-361.110173895012,2020-08-08T12:36:12Z,45.44450000,7.79100000,1006.00,37.827
6164,3,1433,3232.170901968813,-360.110173895012,2020-08-08T12:36:13Z,45.44441667,7.79096667,1007.00,37.836
6165,3,1434,3233.170901968813,-359.110173895012,2020-08-08T12:36:14Z,45.44433333,7.79101667,1008.00,37.841
6166,3,1435,3234.170901968813,-358.110173895012,2020-08-08T12:36:15Z,45.44426667,7.79113333,1008.00,37.843
6167,3,1436,3235.170901968813,-357.110173895012,2020-08-08T12:36:16Z,45.44426667,7.79126667,1011.00,37.837
6168,3,1437,3236.170901968813,-356.110173895012,2020-08-08T12:36:17Z,45.44430000,7.79140000,1012.00,37.828
6169,3,1438,3237.170901968813,-355.110173895012,2020-08-08T12:36:18Z,45.44436667,7.79151667,1014.00,37.817
6170,3,1439,3238.170901968813,-354.110173895012,2020-08-08T12:36:19Z,45.44446667,7.79158333,1015.00,37.805
6171,3,1440,3239.170901968813,-353.110173895012,2020-08-08T12:36:20Z,45.44456667,7.79165000,1017.00,37.793
6172,3,1441,3240.170901968813,-352.110173895012,2020-08-08T12:36:21Z,45.44468333,7.79166667,1020.00,37.781
6173,3,1442,3241.170901968813,-351.110173895012,2020-08-08T12:36:22Z,45.44480000,7.79166667,1021.00,37.77
6174,3,1443,3242.170901968813,-350.110173895012,2020-08-08T12:36:23Z,45.44490000,7.79163333,1023.00,37.762
6175,3,1444,3243.170901968813,-349.110173895012,2020-08-08T12:36:24Z,45.44500000,7.79156667,1025.00,37.756
6176,3,1445,3244.170901968813,-348.110173895012,2020-08-08T12:36:25Z,45.44510000,7.79150000,1026.00,37.75
6177,3,1446,3245.170901968813,-347.110173895012,2020-08-08T12:36:26Z,45.44521667,7.79140000,1028.00,37.743
6178,3,1447,3246.170901968813,-346.110173895012,2020-08-08T12:36:27Z,45.44531667,7.79130000,1030.00,37.738
6179,3,1448,3247.170901968813,-345.110173895012,2020-08-08T12:36:28Z,45.44540000,7.79121667,1033.00,37.734
6180,3,1449,3248.170901968813,-344.110173895012,2020-08-08T12:36:29Z,45.44548333,7.79113333,1035.00,37.73
6181,3,1450,3249.170901968813,-343.110173895012,2020-08-08T12:36:30Z,45.44555000,7.79103333,1036.00,37.728
6182,3,1451,3250.170901968813,-342.110173895012,2020-08-08T12:36:31Z,45.44561667,7.79093333,1038.00,37.726
6183,3,1452,3251.170901968813,-341.110173895012,2020-08-08T12:36:32Z,45.44566667,7.79081667,1040.00,37.727
6184,3,1453,3252.170901968813,-340.110173895012,2020-08-08T12:36:33Z,45.44571667,7.79066667,1041.00,37.729
6185,3,1454,3253.170901968813,-339.110173895012,2020-08-08T12:36:34Z,45.44573333,7.79053333,1043.00,37.733
6186,3,1455,3254.170901968813,-338.110173895012,2020-08-08T12:36:35Z,45.44573333,7.79041667,1046.00,37.738
6187,3,1456,3255.170901968813,-337.110173895012,2020-08-08T12:36:36Z,45.44571667,7.79031667,1047.00,37.744
6188,3,1457,3256.170901968813,-336.110173895012,2020-08-08T12:36:37Z,45.44566667,7.79021667,1050.00,37.753
6189,3,1458,3257.170901968813,-335.110173895012,2020-08-08T12:36:38Z,45.44561667,7.79016667,1051.00,37.76
6190,3,1459,3258.170901968813,-334.110173895012,2020-08-08T12:36:39Z,45.44553333,7.79013333,1053.00,37.769
6191,3,1460,3259.170901968813,-333.110173895012,2020-08-08T12:36:40Z,45.44545000,7.79015000,1055.00,37.776
6192,3,1461,3260.170901968813,-332.110173895012,2020-08-08T12:36:41Z,45.44538333,7.79020000,1058.00,37.78
6193,3,1462,3261.170901968813,-331.110173895012,2020-08-08T12:36:42Z,45.44533333,7.79028333,1061.00,37.781
6194,3,1463,3262.170901968813,-330.110173895012,2020-08-08T12:36:43Z,45.44530000,7.79036667,1063.00,37.78
6195,3,1464,3263.170901968813,-329.110173895012,2020-08-08T12:36:44Z,45.44530000,7.79048333,1066.00,37.775
6196,3,1465,3264.170901968813,-328.110173895012,2020-08-08T12:36:45Z,45.44530000,7.79058333,1068.00,37.771
6197,3,1466,3265.170901968813,-327.110173895012,2020-08-08T12:36:46Z,45.44531667,7.79071667,1071.00,37.764
6198,3,1467,3266.170901968813,-326.110173895012,2020-08-08T12:36:47Z,45.44536667,7.79085000,1073.00,37.753
6199,3,1468,3267.170901968813,-325.110173895012,2020-08-08T12:36:48Z,45.44541667,7.79096667,1075.00,37.743
6200,3,1469,3268.170901968813,-324.110173895012,2020-08-08T12:36:49Z,45.44550000,7.79108333,1077.00,37.731
6201,3,1470,3269.170901968813,-323.110173895012,2020-08-08T12:36:50Z,45.44560000,7.79113333,1080.00,37.719
6202,3,1471,3270.170901968813,-322.110173895012,2020-08-08T12:36:51Z,45.44570000,7.79115000,1083.00,37.709
6203,3,1472,3271.170901968813,-321.110173895012,2020-08-08T12:36:52Z,45.44578333,7.79111667,1085.00,37.703
6204,3,1473,3272.170901968813,-320.110173895012,2020-08-08T12:36:53Z,45.44586667,7.79103333,1087.00,37.699
6205,3,1474,3273.170901968813,-319.110173895012,2020-08-08T12:36:54Z,45.44590000,7.79091667,1088.00,37.701
6206,3,1475,3274.170901968813,-318.110173895012,2020-08-08T12:36:55Z,45.44591667,7.79080000,1089.00,37.705
6207,3,1476,3275.170901968813,-317.110173895012,2020-08-08T12:36:56Z,45.44590000,7.79068333,1090.00,37.711
6208,3,1477,3276.170901968813,-316.110173895012,2020-08-08T12:36:57Z,45.44583333,7.79060000,1092.00,37.721
6209,3,1478,3277.170901968813,-315.110173895012,2020-08-08T12:36:58Z,45.44573333,7.79055000,1093.00,37.733
6210,3,1479,3278.170901968813,-314.110173895012,2020-08-08T12:36:59Z,45.44565000,7.79056667,1096.00,37.739
6211,3,1480,3279.170901968813,-313.110173895012,2020-08-08T12:37:00Z,45.44556667,7.79061667,1098.00,37.745
6212,3,1481,3280.170901968813,-312.110173895012,2020-08-08T12:37:01Z,45.44551667,7.79066667,1102.00,37.747
6213,3,1482,3281.170901968813,-311.110173895012,2020-08-08T12:37:02Z,45.44548333,7.79075000,1106.00,37.747
6214,3,1483,3282.170901968813,-310.110173895012,2020-08-08T12:37:03Z,45.44546667,7.79086667,1108.00,37.743
6215,3,1484,3283.170901968813,-309.110173895012,2020-08-08T12:37:04Z,45.44546667,7.79098333,1109.00,37.738
6216,3,1485,3284.170901968813,-308.110173895012,2020-08-08T12:37:05Z,45.44546667,7.79113333,1110.00,37.732
6217,3,1486,3285.170901968813,-307.110173895012,2020-08-08T12:37:06Z,45.44550000,7.79130000,1112.00,37.721
6218,3,1487,3286.170901968813,-306.110173895012,2020-08-08T12:37:07Z,45.44555000,7.79145000,1114.00,37.71
6219,3,1488,3287.170901968813,-305.110173895012,2020-08-08T12:37:08Z,45.44563333,7.79156667,1116.00,37.697
6220,3,1489,3288.170901968813,-304.110173895012,2020-08-08T12:37:09Z,45.44575000,7.79163333,1118.00,37.684
6221,3,1490,3289.170901968813,-303.110173895012,2020-08-08T12:37:10Z,45.44585000,7.79163333,1120.00,37.674
6222,3,1491,3290.170901968813,-302.110173895012,2020-08-08T12:37:11Z,45.44596667,7.79156667,1122.00,37.667
6223,3,1492,3291.170901968813,-301.110173895012,2020-08-08T12:37:12Z,45.44603333,7.79143333,1124.00,37.666
6224,3,1493,3292.170901968813,-300.110173895012,2020-08-08T12:37:13Z,45.44603333,7.79130000,1127.00,37.672
6225,3,1494,3293.170901968813,-299.110173895012,2020-08-08T12:37:14Z,45.44598333,7.79118333,1129.00,37.682
6226,3,1495,3294.170901968813,-298.110173895012,2020-08-08T12:37:15Z,45.44591667,7.79113333,1131.00,37.69
6227,3,1496,3295.170901968813,-297.110173895012,2020-08-08T12:37:16Z,45.44583333,7.79115000,1133.00,37.697
6228,3,1497,3296.170901968813,-296.110173895012,2020-08-08T12:37:17Z,45.44576667,7.79121667,1135.00,37.7
6229,3,1498,3297.170901968813,-295.110173895012,2020-08-08T12:37:18Z,45.44571667,7.79133333,1137.00,37.7
6230,3,1499,3298.170901968813,-294.110173895012,2020-08-08T12:37:19Z,45.44570000,7.79145000,1139.00,37.696
6231,3,1500,3299.170901968813,-293.110173895012,2020-08-08T12:37:20Z,45.44573333,7.79160000,1140.00,37.687
6232,3,1501,3300.170901968813,-292.110173895012,2020-08-08T12:37:21Z,45.44578333,7.79175000,1140.00,37.676
6233,3,1502,3301.170901968813,-291.110173895012,2020-08-08T12:37:22Z,45.44588333,7.79186667,1140.00,37.661
6234,3,1503,3302.170901968813,-290.110173895012,2020-08-08T12:37:23Z,45.44598333,7.79196667,1142.00,37.648
6235,3,1504,3303.170901968813,-289.110173895012,2020-08-08T12:37:24Z,45.44611667,7.79200000,1144.00,37.634
6236,3,1505,3304.170901968813,-288.110173895012,2020-08-08T12:37:25Z,45.44623333,7.79198333,1146.00,37.624
6237,3,1506,3305.170901968813,-287.110173895012,2020-08-08T12:37:26Z,45.44633333,7.79191667,1149.00,37.617
6238,3,1507,3306.170901968813,-286.110173895012,2020-08-08T12:37:27Z,45.44638333,7.79181667,1152.00,37.617
6239,3,1508,3307.170901968813,-285.110173895012,2020-08-08T12:37:28Z,45.44640000,7.79170000,1154.00,37.621
6240,3,1509,3308.170901968813,-284.110173895012,2020-08-08T12:37:29Z,45.44640000,7.79161667,1156.00,37.624
6241,3,1510,3309.170901968813,-283.110173895012,2020-08-08T12:37:30Z,45.44635000,7.79153333,1159.00,37.633
6242,3,1511,3310.170901968813,-282.110173895012,2020-08-08T12:37:31Z,45.44628333,7.79148333,1160.00,37.641
6243,3,1512,3311.170901968813,-281.110173895012,2020-08-08T12:37:32Z,45.44621667,7.79145000,1162.00,37.649
6244,3,1513,3312.170901968813,-280.110173895012,2020-08-08T12:37:33Z,45.44615000,7.79146667,1164.00,37.654
6245,3,1514,3313.170901968813,-279.110173895012,2020-08-08T12:37:34Z,45.44608333,7.79153333,1166.00,37.657
6246,3,1515,3314.170901968813,-278.110173895012,2020-08-08T12:37:35Z,45.44603333,7.79161667,1168.00,37.658
6247,3,1516,3315.170901968813,-277.110173895012,2020-08-08T12:37:36Z,45.44600000,7.79175000,1170.00,37.655
6248,3,1517,3316.170901968813,-276.110173895012,2020-08-08T12:37:37Z,45.44600000,7.79188333,1171.00,37.65
6249,3,1518,3317.170901968813,-275.110173895012,2020-08-08T12:37:38Z,45.44603333,7.79201667,1173.00,37.641
6250,3,1519,3318.170901968813,-274.110173895012,2020-08-08T12:37:39Z,45.44608333,7.79215000,1174.00,37.63
6251,3,1520,3319.170901968813,-273.110173895012,2020-08-08T12:37:40Z,45.44615000,7.79225000,1175.00,37.62
6252,3,1521,3320.170901968813,-272.110173895012,2020-08-08T12:37:41Z,45.44625000,7.79233333,1176.00,37.607
6253,3,1522,3321.170901968813,-271.110173895012,2020-08-08T12:37:42Z,45.44636667,7.79238333,1178.00,37.594
6254,3,1523,3322.170901968813,-270.110173895012,2020-08-08T12:37:43Z,45.44648333,7.79243333,1179.00,37.581
6255,3,1524,3323.170901968813,-269.110173895012,2020-08-08T12:37:44Z,45.44658333,7.79243333,1182.00,37.572
6256,3,1525,3324.170901968813,-268.110173895012,2020-08-08T12:37:45Z,45.44668333,7.79240000,1185.00,37.564
6257,3,1526,3325.170901968813,-267.110173895012,2020-08-08T12:37:46Z,45.44675000,7.79233333,1186.00,37.561
6258,3,1527,3326.170901968813,-266.110173895012,2020-08-08T12:37:47Z,45.44680000,7.79223333,1187.00,37.561
6259,3,1528,3327.170901968813,-265.110173895012,2020-08-08T12:37:48Z,45.44681667,7.79211667,1188.00,37.564
6260,3,1529,3328.170901968813,-264.110173895012,2020-08-08T12:37:49Z,45.44680000,7.79200000,1188.00,37.571
6261,3,1530,3329.170901968813,-263.110173895012,2020-08-08T12:37:50Z,45.44671667,7.79191667,1189.00,37.582
6262,3,1531,3330.170901968813,-262.110173895012,2020-08-08T12:37:51Z,45.44663333,7.79191667,1190.00,37.59
6263,3,1532,3331.170901968813,-261.110173895012,2020-08-08T12:37:52Z,45.44651667,7.79198333,1190.00,37.598
6264,3,1533,3332.170901968813,-260.110173895012,2020-08-08T12:37:53Z,45.44645000,7.79211667,1193.00,37.598
6265,3,1534,3333.170901968813,-259.110173895012,2020-08-08T12:37:54Z,45.44643333,7.79225000,1196.00,37.594
6266,3,1535,3334.170901968813,-258.110173895012,2020-08-08T12:37:55Z,45.44645000,7.79236667,1199.00,37.587
6267,3,1536,3335.170901968813,-257.110173895012,2020-08-08T12:37:56Z,45.44651667,7.79248333,1200.00,37.576
6268,3,1537,3336.170901968813,-256.110173895012,2020-08-08T12:37:57Z,45.44660000,7.79258333,1202.00,37.564
6269,3,1538,3337.170901968813,-255.110173895012,2020-08-08T12:37:58Z,45.44671667,7.79265000,1204.00,37.55
6270,3,1539,3338.170901968813,-254.110173895012,2020-08-08T12:37:59Z,45.44681667,7.79263333,1204.00,37.542
6271,3,1540,3339.170901968813,-253.110173895012,2020-08-08T12:38:00Z,45.44690000,7.79253333,1205.00,37.538
6272,3,1541,3340.170901968813,-252.110173895012,2020-08-08T12:38:01Z,45.44691667,7.79240000,1205.00,37.543
6273,3,1542,3341.170901968813,-251.110173895012,2020-08-08T12:38:02Z,45.44688333,7.79228333,1205.00,37.551
6274,3,1543,3342.170901968813,-250.110173895012,2020-08-08T12:38:03Z,45.44681667,7.79220000,1205.00,37.561
6275,3,1544,3343.170901968813,-249.110173895012,2020-08-08T12:38:04Z,45.44671667,7.79218333,1207.00,37.571
6276,3,1545,3344.170901968813,-248.110173895012,2020-08-08T12:38:05Z,45.44665000,7.79223333,1210.00,37.574
6277,3,1546,3345.170901968813,-247.110173895012,2020-08-08T12:38:06Z,45.44660000,7.79233333,1212.00,37.575
6278,3,1547,3346.170901968813,-246.110173895012,2020-08-08T12:38:07Z,45.44658333,7.79246667,1213.00,37.57
6279,3,1548,3347.170901968813,-245.110173895012,2020-08-08T12:38:08Z,45.44660000,7.79260000,1214.00,37.563
6280,3,1549,3348.170901968813,-244.110173895012,2020-08-08T12:38:09Z,45.44663333,7.79275000,1215.00,37.554
6281,3,1550,3349.170901968813,-243.110173895012,2020-08-08T12:38:10Z,45.44670000,7.79288333,1216.00,37.542
6282,3,1551,3350.170901968813,-242.110173895012,2020-08-08T12:38:11Z,45.44678333,7.79301667,1217.00,37.528
6283,3,1552,3351.170901968813,-241.110173895012,2020-08-08T12:38:12Z,45.44688333,7.79308333,1218.00,37.516
6284,3,1553,3352.170901968813,-240.110173895012,2020-08-08T12:38:13Z,45.44698333,7.79310000,1219.00,37.506
6285,3,1554,3353.170901968813,-239.110173895012,2020-08-08T12:38:14Z,45.44708333,7.79306667,1220.00,37.498
6286,3,1555,3354.170901968813,-238.110173895012,2020-08-08T12:38:15Z,45.44715000,7.79300000,1221.00,37.495
6287,3,1556,3355.170901968813,-237.110173895012,2020-08-08T12:38:16Z,45.44720000,7.79290000,1221.00,37.495
6288,3,1557,3356.170901968813,-236.110173895012,2020-08-08T12:38:17Z,45.44721667,7.79281667,1221.00,37.497
6289,3,1558,3357.170901968813,-235.110173895012,2020-08-08T12:38:18Z,45.44723333,7.79270000,1221.00,37.5
6290,3,1559,3358.170901968813,-234.110173895012,2020-08-08T12:38:19Z,45.44725000,7.79260000,1222.00,37.503
6291,3,1560,3359.170901968813,-233.110173895012,2020-08-08T12:38:20Z,45.44726667,7.79246667,1224.00,37.507
6292,3,1561,3360.170901968813,-232.110173895012,2020-08-08T12:38:21Z,45.44728333,7.79235000,1224.00,37.511
6293,3,1562,3361.170901968813,-231.110173895012,2020-08-08T12:38:22Z,45.44730000,7.79221667,1225.00,37.515
6294,3,1563,3362.170901968813,-230.110173895012,2020-08-08T12:38:23Z,45.44731667,7.79211667,1227.00,37.518
6295,3,1564,3363.170901968813,-229.110173895012,2020-08-08T12:38:24Z,45.44733333,7.79201667,1229.00,37.521
6296,3,1565,3364.170901968813,-228.110173895012,2020-08-08T12:38:25Z,45.44735000,7.79191667,1231.00,37.524
6297,3,1566,3365.170901968813,-227.110173895012,2020-08-08T12:38:26Z,45.44735000,7.79181667,1232.00,37.528
6298,3,1567,3366.170901968813,-226.110173895012,2020-08-08T12:38:27Z,45.44733333,7.79171667,1234.00,37.534
6299,3,1568,3367.170901968813,-225.110173895012,2020-08-08T12:38:28Z,45.44728333,7.79163333,1236.00,37.543
6300,3,1569,3368.170901968813,-224.110173895012,2020-08-08T12:38:29Z,45.44723333,7.79158333,1238.00,37.549
6301,3,1570,3369.170901968813,-223.110173895012,2020-08-08T12:38:30Z,45.44716667,7.79155000,1240.00,37.557
6302,3,1571,3370.170901968813,-222.110173895012,2020-08-08T12:38:31Z,45.44710000,7.79155000,1242.00,37.563
6303,3,1572,3371.170901968813,-221.110173895012,2020-08-08T12:38:32Z,45.44701667,7.79158333,1243.00,37.569
6304,3,1573,3372.170901968813,-220.110173895012,2020-08-08T12:38:33Z,45.44696667,7.79165000,1246.00,37.571
6305,3,1574,3373.170901968813,-219.110173895012,2020-08-08T12:38:34Z,45.44693333,7.79176667,1247.00,37.569
6306,3,1575,3374.170901968813,-218.110173895012,2020-08-08T12:38:35Z,45.44693333,7.79190000,1248.00,37.563
6307,3,1576,3375.170901968813,-217.110173895012,2020-08-08T12:38:36Z,45.44698333,7.79205000,1248.00,37.552
6308,3,1577,3376.170901968813,-216.110173895012,2020-08-08T12:38:37Z,45.44706667,7.79218333,1249.00,37.538
6309,3,1578,3377.170901968813,-215.110173895012,2020-08-08T12:38:38Z,45.44718333,7.79226667,1250.00,37.524
6310,3,1579,3378.170901968813,-214.110173895012,2020-08-08T12:38:39Z,45.44730000,7.79226667,1252.00,37.513
6311,3,1580,3379.170901968813,-213.110173895012,2020-08-08T12:38:40Z,45.44740000,7.79221667,1253.00,37.506
6312,3,1581,3380.170901968813,-212.110173895012,2020-08-08T12:38:41Z,45.44748333,7.79210000,1254.00,37.504
6313,3,1582,3381.170901968813,-211.110173895012,2020-08-08T12:38:42Z,45.44750000,7.79198333,1256.00,37.507
6314,3,1583,3382.170901968813,-210.110173895012,2020-08-08T12:38:43Z,45.44748333,7.79186667,1257.00,37.514
6315,3,1584,3383.170901968813,-209.110173895012,2020-08-08T12:38:44Z,45.44743333,7.79178333,1258.00,37.522
6316,3,1585,3384.170901968813,-208.110173895012,2020-08-08T12:38:45Z,45.44735000,7.79175000,1259.00,37.531
6317,3,1586,3385.170901968813,-207.110173895012,2020-08-08T12:38:46Z,45.44728333,7.79178333,1261.00,37.536
6318,3,1587,3386.170901968813,-206.110173895012,2020-08-08T12:38:47Z,45.44721667,7.79188333,1262.00,37.538
6319,3,1588,3387.170901968813,-205.110173895012,2020-08-08T12:38:48Z,45.44716667,7.79200000,1264.00,37.537
6320,3,1589,3388.170901968813,-204.110173895012,2020-08-08T12:38:49Z,45.44716667,7.79213333,1265.00,37.531
6321,3,1590,3389.170901968813,-203.110173895012,2020-08-08T12:38:50Z,45.44718333,7.79228333,1267.00,37.523
6322,3,1591,3390.170901968813,-202.110173895012,2020-08-08T12:38:51Z,45.44723333,7.79241667,1269.00,37.513
6323,3,1592,3391.170901968813,-201.110173895012,2020-08-08T12:38:52Z,45.44731667,7.79253333,1270.00,37.5
6324,3,1593,3392.170901968813,-200.110173895012,2020-08-08T12:38:53Z,45.44741667,7.79261667,1271.00,37.487
6325,3,1594,3393.170901968813,-199.110173895012,2020-08-08T12:38:54Z,45.44751667,7.79265000,1273.00,37.476
6326,3,1595,3394.170901968813,-198.110173895012,2020-08-08T12:38:55Z,45.44761667,7.79265000,1275.00,37.467
6327,3,1596,3395.170901968813,-197.110173895012,2020-08-08T12:38:56Z,45.44768333,7.79260000,1276.00,37.463
6328,3,1597,3396.170901968813,-196.110173895012,2020-08-08T12:38:57Z,45.44776667,7.79253333,1277.00,37.459
6329,3,1598,3397.170901968813,-195.110173895012,2020-08-08T12:38:58Z,45.44781667,7.79243333,1278.00,37.458
6330,3,1599,3398.170901968813,-194.110173895012,2020-08-08T12:38:59Z,45.44785000,7.79233333,1279.00,37.46
6331,3,1600,3399.170901968813,-193.110173895012,2020-08-08T12:39:00Z,45.44788333,7.79221667,1279.00,37.462
6332,3,1601,3400.170901968813,-192.110173895012,2020-08-08T12:39:01Z,45.44793333,7.79210000,1281.00,37.463
6333,3,1602,3401.170901968813,-191.110173895012,2020-08-08T12:39:02Z,45.44796667,7.79198333,1282.00,37.465
6334,3,1603,3402.170901968813,-190.110173895012,2020-08-08T12:39:03Z,45.44800000,7.79186667,1284.00,37.467
6335,3,1604,3403.170901968813,-189.110173895012,2020-08-08T12:39:04Z,45.44803333,7.79176667,1286.00,37.468
6336,3,1605,3404.170901968813,-188.110173895012,2020-08-08T12:39:05Z,45.44805000,7.79166667,1287.00,37.471
6337,3,1606,3405.170901968813,-187.110173895012,2020-08-08T12:39:06Z,45.44808333,7.79156667,1289.00,37.473
6338,3,1607,3406.170901968813,-186.110173895012,2020-08-08T12:39:07Z,45.44813333,7.79146667,1290.00,37.473
6339,3,1608,3407.170901968813,-185.110173895012,2020-08-08T12:39:08Z,45.44820000,7.79136667,1291.00,37.471
6340,3,1609,3408.170901968813,-184.110173895012,2020-08-08T12:39:09Z,45.44828333,7.79130000,1293.00,37.466
6341,3,1610,3409.170901968813,-183.110173895012,2020-08-08T12:39:10Z,45.44838333,7.79128333,1294.00,37.458
6342,3,1611,3410.170901968813,-182.110173895012,2020-08-08T12:39:11Z,45.44850000,7.79128333,1295.00,37.448
6343,3,1612,3411.170901968813,-181.110173895012,2020-08-08T12:39:12Z,45.44861667,7.79131667,1297.00,37.436
6344,3,1613,3412.170901968813,-180.110173895012,2020-08-08T12:39:13Z,45.44873333,7.79135000,1299.00,37.423
6345,3,1614,3413.170901968813,-179.110173895012,2020-08-08T12:39:14Z,45.44883333,7.79141667,1301.00,37.411
6346,3,1615,3414.170901968813,-178.110173895012,2020-08-08T12:39:15Z,45.44891667,7.79150000,1301.00,37.4
6347,3,1616,3415.170901968813,-177.110173895012,2020-08-08T12:39:16Z,45.44900000,7.79163333,1302.00,37.386
6348,3,1617,3416.170901968813,-176.110173895012,2020-08-08T12:39:17Z,45.44903333,7.79181667,1302.00,37.375
6349,3,1618,3417.170901968813,-175.110173895012,2020-08-08T12:39:18Z,45.44905000,7.79198333,1302.00,37.366
6350,3,1619,3418.170901968813,-174.110173895012,2020-08-08T12:39:19Z,45.44901667,7.79215000,1303.00,37.362
6351,3,1620,3419.170901968813,-173.110173895012,2020-08-08T12:39:20Z,45.44898333,7.79228333,1304.00,37.359
6352,3,1621,3420.170901968813,-172.110173895012,2020-08-08T12:39:21Z,45.44893333,7.79238333,1304.00,37.359
6353,3,1622,3421.170901968813,-171.110173895012,2020-08-08T12:39:22Z,45.44886667,7.79246667,1304.00,37.361
6354,3,1623,3422.170901968813,-170.110173895012,2020-08-08T12:39:23Z,45.44878333,7.79250000,1304.00,37.367
6355,3,1624,3423.170901968813,-169.110173895012,2020-08-08T12:39:24Z,45.44870000,7.79248333,1305.00,37.375
6356,3,1625,3424.170901968813,-168.110173895012,2020-08-08T12:39:25Z,45.44863333,7.79240000,1305.00,37.385
6357,3,1626,3425.170901968813,-167.110173895012,2020-08-08T12:39:26Z,45.44861667,7.79225000,1304.00,37.393
6358,3,1627,3426.170901968813,-166.110173895012,2020-08-08T12:39:27Z,45.44866667,7.79208333,1302.00,37.396
6359,3,1628,3427.170901968813,-165.110173895012,2020-08-08T12:39:28Z,45.44875000,7.79196667,1303.00,37.394
6360,3,1629,3428.170901968813,-164.110173895012,2020-08-08T12:39:29Z,45.44885000,7.79191667,1306.00,37.387
6361,3,1630,3429.170901968813,-163.110173895012,2020-08-08T12:39:30Z,45.44895000,7.79191667,1309.00,37.378
6362,3,1631,3430.170901968813,-162.110173895012,2020-08-08T12:39:31Z,45.44905000,7.79196667,1312.00,37.367
6363,3,1632,3431.170901968813,-161.110173895012,2020-08-08T12:39:32Z,45.44911667,7.79200000,1314.00,37.359
6364,3,1633,3432.170901968813,-160.110173895012,2020-08-08T12:39:33Z,45.44921667,7.79203333,1314.00,37.349
6365,3,1634,3433.170901968813,-159.110173895012,2020-08-08T12:39:34Z,45.44931667,7.79206667,1313.00,37.338
6366,3,1635,3434.170901968813,-158.110173895012,2020-08-08T12:39:35Z,45.44945000,7.79208333,1312.00,37.325
6367,3,1636,3435.170901968813,-157.110173895012,2020-08-08T12:39:36Z,45.44958333,7.79211667,1311.00,37.312
6368,3,1637,3436.170901968813,-156.110173895012,2020-08-08T12:39:37Z,45.44973333,7.79216667,1309.00,37.296
6369,3,1638,3437.170901968813,-155.110173895012,2020-08-08T12:39:38Z,45.44988333,7.79221667,1311.00,37.28
6370,3,1639,3438.170901968813,-154.110173895012,2020-08-08T12:39:39Z,45.45000000,7.79226667,1311.00,37.267
6371,3,1640,3439.170901968813,-153.110173895012,2020-08-08T12:39:40Z,45.45011667,7.79231667,1313.00,37.255
6372,3,1641,3440.170901968813,-152.110173895012,2020-08-08T12:39:41Z,45.45023333,7.79236667,1312.00,37.242
6373,3,1642,3441.170901968813,-151.110173895012,2020-08-08T12:39:42Z,45.45035000,7.79240000,1311.00,37.23
6374,3,1643,3442.170901968813,-150.110173895012,2020-08-08T12:39:43Z,45.45046667,7.79243333,1308.00,37.218
6375,3,1644,3443.170901968813,-149.110173895012,2020-08-08T12:39:44Z,45.45060000,7.79246667,1305.00,37.204
6376,3,1645,3444.170901968813,-148.110173895012,2020-08-08T12:39:45Z,45.45073333,7.79251667,1302.00,37.19
6377,3,1646,3445.170901968813,-147.110173895012,2020-08-08T12:39:46Z,45.45086667,7.79255000,1300.00,37.176
6378,3,1647,3446.170901968813,-146.110173895012,2020-08-08T12:39:47Z,45.45100000,7.79258333,1299.00,37.163
6379,3,1648,3447.170901968813,-145.110173895012,2020-08-08T12:39:48Z,45.45111667,7.79260000,1298.00,37.152
6380,3,1649,3448.170901968813,-144.110173895012,2020-08-08T12:39:49Z,45.45123333,7.79263333,1295.00,37.14
6381,3,1650,3449.170901968813,-143.110173895012,2020-08-08T12:39:50Z,45.45136667,7.79266667,1294.00,37.126
6382,3,1651,3450.170901968813,-142.110173895012,2020-08-08T12:39:51Z,45.45148333,7.79270000,1292.00,37.114
6383,3,1652,3451.170901968813,-141.110173895012,2020-08-08T12:39:52Z,45.45160000,7.79275000,1289.00,37.101
6384,3,1653,3452.170901968813,-140.110173895012,2020-08-08T12:39:53Z,45.45173333,7.79280000,1287.00,37.087
6385,3,1654,3453.170901968813,-139.110173895012,2020-08-08T12:39:54Z,45.45186667,7.79285000,1285.00,37.073
6386,3,1655,3454.170901968813,-138.110173895012,2020-08-08T12:39:55Z,45.45200000,7.79290000,1284.00,37.059
6387,3,1656,3455.170901968813,-137.110173895012,2020-08-08T12:39:56Z,45.45213333,7.79295000,1283.00,37.044
6388,3,1657,3456.170901968813,-136.110173895012,2020-08-08T12:39:57Z,45.45226667,7.79300000,1282.00,37.03
6389,3,1658,3457.170901968813,-135.110173895012,2020-08-08T12:39:58Z,45.45238333,7.79305000,1281.00,37.018
6390,3,1659,3458.170901968813,-134.110173895012,2020-08-08T12:39:59Z,45.45250000,7.79308333,1280.00,37.006
6391,3,1660,3459.170901968813,-133.110173895012,2020-08-08T12:40:00Z,45.45263333,7.79313333,1279.00,36.991
6392,3,1661,3460.170901968813,-132.110173895012,2020-08-08T12:40:01Z,45.45276667,7.79318333,1278.00,36.977
6393,3,1662,3461.170901968813,-131.110173895012,2020-08-08T12:40:02Z,45.45290000,7.79325000,1276.00,36.962
6394,3,1663,3462.170901968813,-130.110173895012,2020-08-08T12:40:03Z,45.45303333,7.79330000,1275.00,36.948
6395,3,1664,3463.170901968813,-129.110173895012,2020-08-08T12:40:04Z,45.45316667,7.79336667,1275.00,36.933
6396,3,1665,3464.170901968813,-128.110173895012,2020-08-08T12:40:05Z,45.45331667,7.79341667,1275.00,36.917
6397,3,1666,3465.170901968813,-127.110173895012,2020-08-08T12:40:06Z,45.45345000,7.79348333,1274.00,36.901
6398,3,1667,3466.170901968813,-126.110173895012,2020-08-08T12:40:07Z,45.45358333,7.79355000,1276.00,36.886
6399,3,1668,3467.170901968813,-125.110173895012,2020-08-08T12:40:08Z,45.45371667,7.79360000,1277.00,36.872
6400,3,1669,3468.170901968813,-124.110173895012,2020-08-08T12:40:09Z,45.45385000,7.79366667,1277.00,36.856
6401,3,1670,3469.170901968813,-123.110173895012,2020-08-08T12:40:10Z,45.45396667,7.79371667,1277.00,36.844
6402,3,1671,3470.170901968813,-122.110173895012,2020-08-08T12:40:11Z,45.45410000,7.79380000,1276.00,36.828
6403,3,1672,3471.170901968813,-121.110173895012,2020-08-08T12:40:12Z,45.45425000,7.79388333,1275.00,36.81
6404,3,1673,3472.170901968813,-120.110173895012,2020-08-08T12:40:13Z,45.45440000,7.79396667,1275.00,36.793
6405,3,1674,3473.170901968813,-119.110173895012,2020-08-08T12:40:14Z,45.45456667,7.79405000,1274.00,36.774
6406,3,1675,3474.170901968813,-118.110173895012,2020-08-08T12:40:15Z,45.45471667,7.79411667,1275.00,36.757
6407,3,1676,3475.170901968813,-117.110173895012,2020-08-08T12:40:16Z,45.45486667,7.79418333,1276.00,36.74
6408,3,1677,3476.170901968813,-116.110173895012,2020-08-08T12:40:17Z,45.45498333,7.79423333,1277.00,36.727
6409,3,1678,3477.170901968813,-115.110173895012,2020-08-08T12:40:18Z,45.45510000,7.79430000,1279.00,36.713
6410,3,1679,3478.170901968813,-114.110173895012,2020-08-08T12:40:19Z,45.45520000,7.79436667,1280.00,36.701
6411,3,1680,3479.170901968813,-113.110173895012,2020-08-08T12:40:20Z,45.45530000,7.79445000,1280.00,36.689
6412,3,1681,3480.170901968813,-112.110173895012,2020-08-08T12:40:21Z,45.45541667,7.79450000,1278.00,36.676
6413,3,1682,3481.170901968813,-111.110173895012,2020-08-08T12:40:22Z,45.45553333,7.79455000,1275.00,36.663
6414,3,1683,3482.170901968813,-110.110173895012,2020-08-08T12:40:23Z,45.45566667,7.79460000,1271.00,36.648
6415,3,1684,3483.170901968813,-109.110173895012,2020-08-08T12:40:24Z,45.45581667,7.79463333,1269.00,36.633
6416,3,1685,3484.170901968813,-108.110173895012,2020-08-08T12:40:25Z,45.45595000,7.79468333,1267.00,36.618
6417,3,1686,3485.170901968813,-107.110173895012,2020-08-08T12:40:26Z,45.45610000,7.79473333,1265.00,36.602
6418,3,1687,3486.170901968813,-106.110173895012,2020-08-08T12:40:27Z,45.45623333,7.79478333,1264.00,36.588
6419,3,1688,3487.170901968813,-105.110173895012,2020-08-08T12:40:28Z,45.45636667,7.79483333,1263.00,36.574
6420,3,1689,3488.170901968813,-104.110173895012,2020-08-08T12:40:29Z,45.45650000,7.79488333,1262.00,36.559
6421,3,1690,3489.170901968813,-103.110173895012,2020-08-08T12:40:30Z,45.45663333,7.79493333,1260.00,36.545
6422,3,1691,3490.170901968813,-102.110173895012,2020-08-08T12:40:31Z,45.45676667,7.79496667,1258.00,36.531
6423,3,1692,3491.170901968813,-101.110173895012,2020-08-08T12:40:32Z,45.45690000,7.79501667,1256.00,36.517
6424,3,1693,3492.170901968813,-100.110173895012,2020-08-08T12:40:33Z,45.45705000,7.79505000,1255.00,36.501
6425,3,1694,3493.170901968813,-99.110173895012,2020-08-08T12:40:34Z,45.45718333,7.79508333,1254.00,36.488
6426,3,1695,3494.170901968813,-98.110173895012,2020-08-08T12:40:35Z,45.45733333,7.79513333,1253.00,36.472
6427,3,1696,3495.170901968813,-97.110173895012,2020-08-08T12:40:36Z,45.45746667,7.79518333,1252.00,36.457
6428,3,1697,3496.170901968813,-96.110173895012,2020-08-08T12:40:37Z,45.45761667,7.79523333,1252.00,36.442
6429,3,1698,3497.170901968813,-95.110173895012,2020-08-08T12:40:38Z,45.45775000,7.79530000,1250.00,36.426
6430,3,1699,3498.170901968813,-94.110173895012,2020-08-08T12:40:39Z,45.45788333,7.79533333,1249.00,36.413
6431,3,1700,3499.170901968813,-93.110173895012,2020-08-08T12:40:40Z,45.45803333,7.79536667,1249.00,36.398
6432,3,1701,3500.170901968813,-92.110173895012,2020-08-08T12:40:41Z,45.45816667,7.79541667,1248.00,36.383
6433,3,1702,3501.170901968813,-91.110173895012,2020-08-08T12:40:42Z,45.45830000,7.79546667,1247.00,36.369
6434,3,1703,3502.170901968813,-90.110173895012,2020-08-08T12:40:43Z,45.45843333,7.79550000,1247.00,36.355
6435,3,1704,3503.170901968813,-89.110173895012,2020-08-08T12:40:44Z,45.45855000,7.79555000,1247.00,36.342
6436,3,1705,3504.170901968813,-88.110173895012,2020-08-08T12:40:45Z,45.45868333,7.79558333,1246.00,36.329
6437,3,1706,3505.170901968813,-87.110173895012,2020-08-08T12:40:46Z,45.45880000,7.79561667,1244.00,36.317
6438,3,1707,3506.170901968813,-86.110173895012,2020-08-08T12:40:47Z,45.45893333,7.79565000,1242.00,36.303
6439,3,1708,3507.170901968813,-85.110173895012,2020-08-08T12:40:48Z,45.45906667,7.79570000,1240.00,36.289
6440,3,1709,3508.170901968813,-84.110173895012,2020-08-08T12:40:49Z,45.45921667,7.79573333,1238.00,36.274
6441,3,1710,3509.170901968813,-83.110173895012,2020-08-08T12:40:50Z,45.45936667,7.79578333,1236.00,36.258
6442,3,1711,3510.170901968813,-82.110173895012,2020-08-08T12:40:51Z,45.45950000,7.79583333,1235.00,36.244
6443,3,1712,3511.170901968813,-81.110173895012,2020-08-08T12:40:52Z,45.45965000,7.79588333,1234.00,36.228
6444,3,1713,3512.170901968813,-80.110173895012,2020-08-08T12:40:53Z,45.45978333,7.79593333,1234.00,36.214
6445,3,1714,3513.170901968813,-79.110173895012,2020-08-08T12:40:54Z,45.45991667,7.79596667,1232.00,36.2
6446,3,1715,3514.170901968813,-78.110173895012,2020-08-08T12:40:55Z,45.46005000,7.79600000,1231.00,36.186
6447,3,1716,3515.170901968813,-77.110173895012,2020-08-08T12:40:56Z,45.46020000,7.79603333,1229.00,36.171
6448,3,1717,3516.170901968813,-76.110173895012,2020-08-08T12:40:57Z,45.46035000,7.79605000,1227.00,36.157
6449,3,1718,3517.170901968813,-75.110173895012,2020-08-08T12:40:58Z,45.46050000,7.79605000,1225.00,36.144
6450,3,1719,3518.170901968813,-74.110173895012,2020-08-08T12:40:59Z,45.46065000,7.79606667,1224.00,36.13
6451,3,1720,3519.170901968813,-73.110173895012,2020-08-08T12:41:00Z,45.46080000,7.79608333,1223.00,36.115
6452,3,1721,3520.170901968813,-72.110173895012,2020-08-08T12:41:01Z,45.46095000,7.79611667,1221.00,36.1
6453,3,1722,3521.170901968813,-71.110173895012,2020-08-08T12:41:02Z,45.46110000,7.79616667,1220.00,36.085
6454,3,1723,3522.170901968813,-70.110173895012,2020-08-08T12:41:03Z,45.46123333,7.79621667,1218.00,36.071
6455,3,1724,3523.170901968813,-69.110173895012,2020-08-08T12:41:04Z,45.46138333,7.79626667,1217.00,36.055
6456,3,1725,3524.170901968813,-68.110173895012,2020-08-08T12:41:05Z,45.46155000,7.79630000,1215.00,36.038
6457,3,1726,3525.170901968813,-67.110173895012,2020-08-08T12:41:06Z,45.46170000,7.79635000,1213.00,36.023
6458,3,1727,3526.170901968813,-66.110173895012,2020-08-08T12:41:07Z,45.46185000,7.79638333,1213.00,36.008
6459,3,1728,3527.170901968813,-65.110173895012,2020-08-08T12:41:08Z,45.46200000,7.79640000,1212.00,35.994
6460,3,1729,3528.170901968813,-64.110173895012,2020-08-08T12:41:09Z,45.46215000,7.79643333,1211.00,35.979
6461,3,1730,3529.170901968813,-63.110173895012,2020-08-08T12:41:10Z,45.46231667,7.79646667,1210.00,35.963
6462,3,1731,3530.170901968813,-62.110173895012,2020-08-08T12:41:11Z,45.46246667,7.79650000,1208.00,35.948
6463,3,1732,3531.170901968813,-61.110173895012,2020-08-08T12:41:12Z,45.46261667,7.79651667,1207.00,35.934
6464,3,1733,3532.170901968813,-60.110173895012,2020-08-08T12:41:13Z,45.46276667,7.79655000,1205.00,35.919
6465,3,1734,3533.170901968813,-59.110173895012,2020-08-08T12:41:14Z,45.46293333,7.79655000,1203.00,35.904
6466,3,1735,3534.170901968813,-58.110173895012,2020-08-08T12:41:15Z,45.46308333,7.79656667,1201.00,35.89
6467,3,1736,3535.170901968813,-57.110173895012,2020-08-08T12:41:16Z,45.46325000,7.79656667,1199.00,35.876
6468,3,1737,3536.170901968813,-56.110173895012,2020-08-08T12:41:17Z,45.46340000,7.79658333,1198.00,35.862
6469,3,1738,3537.170901968813,-55.110173895012,2020-08-08T12:41:18Z,45.46355000,7.79661667,1196.00,35.847
6470,3,1739,3538.170901968813,-54.110173895012,2020-08-08T12:41:19Z,45.46370000,7.79665000,1194.00,35.832
6471,3,1740,3539.170901968813,-53.110173895012,2020-08-08T12:41:20Z,45.46386667,7.79666667,1192.00,35.817
6472,3,1741,3540.170901968813,-52.110173895012,2020-08-08T12:41:21Z,45.46401667,7.79668333,1191.00,35.803
6473,3,1742,3541.170901968813,-51.110173895012,2020-08-08T12:41:22Z,45.46415000,7.79670000,1190.00,35.791
6474,3,1743,3542.170901968813,-50.110173895012,2020-08-08T12:41:23Z,45.46430000,7.79673333,1188.00,35.776
6475,3,1744,3543.170901968813,-49.110173895012,2020-08-08T12:41:24Z,45.46443333,7.79678333,1187.00,35.762
6476,3,1745,3544.170901968813,-48.110173895012,2020-08-08T12:41:25Z,45.46458333,7.79685000,1185.00,35.746
6477,3,1746,3545.170901968813,-47.110173895012,2020-08-08T12:41:26Z,45.46473333,7.79690000,1182.00,35.731
6478,3,1747,3546.170901968813,-46.110173895012,2020-08-08T12:41:27Z,45.46488333,7.79696667,1180.00,35.714
6479,3,1748,3547.170901968813,-45.110173895012,2020-08-08T12:41:28Z,45.46501667,7.79701667,1178.00,35.7
6480,3,1749,3548.170901968813,-44.110173895012,2020-08-08T12:41:29Z,45.46516667,7.79708333,1177.00,35.684
6481,3,1750,3549.170901968813,-43.110173895012,2020-08-08T12:41:30Z,45.46530000,7.79715000,1175.00,35.669
6482,3,1751,3550.170901968813,-42.110173895012,2020-08-08T12:41:31Z,45.46543333,7.79721667,1173.00,35.655
6483,3,1752,3551.170901968813,-41.110173895012,2020-08-08T12:41:32Z,45.46556667,7.79725000,1172.00,35.642
6484,3,1753,3552.170901968813,-40.110173895012,2020-08-08T12:41:33Z,45.46571667,7.79726667,1170.00,35.628
6485,3,1754,3553.170901968813,-39.110173895012,2020-08-08T12:41:34Z,45.46588333,7.79726667,1167.00,35.614
6486,3,1755,3554.170901968813,-38.110173895012,2020-08-08T12:41:35Z,45.46606667,7.79726667,1166.00,35.598
6487,3,1756,3555.170901968813,-37.110173895012,2020-08-08T12:41:36Z,45.46623333,7.79728333,1165.00,35.583
6488,3,1757,3556.170901968813,-36.110173895012,2020-08-08T12:41:37Z,45.46641667,7.79730000,1164.00,35.566
6489,3,1758,3557.170901968813,-35.110173895012,2020-08-08T12:41:38Z,45.46658333,7.79730000,1164.00,35.552
6490,3,1759,3558.170901968813,-34.110173895012,2020-08-08T12:41:39Z,45.46673333,7.79730000,1164.00,35.539
6491,3,1760,3559.170901968813,-33.110173895012,2020-08-08T12:41:40Z,45.46690000,7.79730000,1164.00,35.525
6492,3,1761,3560.170901968813,-32.110173895012,2020-08-08T12:41:41Z,45.46705000,7.79731667,1164.00,35.512
6493,3,1762,3561.170901968813,-31.110173895012,2020-08-08T12:41:42Z,45.46721667,7.79735000,1163.00,35.496
6494,3,1763,3562.170901968813,-30.110173895012,2020-08-08T12:41:43Z,45.46738333,7.79738333,1162.00,35.48
6495,3,1764,3563.170901968813,-29.110173895012,2020-08-08T12:41:44Z,45.46755000,7.79743333,1162.00,35.464
6496,3,1765,3564.170901968813,-28.110173895012,2020-08-08T12:41:45Z,45.46771667,7.79748333,1162.00,35.447
6497,3,1766,3565.170901968813,-27.110173895012,2020-08-08T12:41:46Z,45.46790000,7.79750000,1161.00,35.431
6498,3,1767,3566.170901968813,-26.110173895012,2020-08-08T12:41:47Z,45.46806667,7.79753333,1161.00,35.416
6499,3,1768,3567.170901968813,-25.110173895012,2020-08-08T12:41:48Z,45.46823333,7.79756667,1160.00,35.4
6500,3,1769,3568.170901968813,-24.110173895012,2020-08-08T12:41:49Z,45.46840000,7.79761667,1158.00,35.383
6501,3,1770,3569.170901968813,-23.110173895012,2020-08-08T12:41:50Z,45.46858333,7.79768333,1158.00,35.365
6502,3,1771,3570.170901968813,-22.110173895012,2020-08-08T12:41:51Z,45.46876667,7.79775000,1158.00,35.346
6503,3,1772,3571.170901968813,-21.110173895012,2020-08-08T12:41:52Z,45.46893333,7.79778333,1160.00,35.331
6504,3,1773,3572.170901968813,-20.110173895012,2020-08-08T12:41:53Z,45.46910000,7.79781667,1159.00,35.315
6505,3,1774,3573.170901968813,-19.110173895012,2020-08-08T12:41:54Z,45.46923333,7.79785000,1161.00,35.302
6506,3,1775,3574.170901968813,-18.110173895012,2020-08-08T12:41:55Z,45.46935000,7.79790000,1164.00,35.29
6507,3,1776,3575.170901968813,-17.110173895012,2020-08-08T12:41:56Z,45.46943333,7.79795000,1166.00,35.281
6508,3,1777,3576.170901968813,-16.110173895012,2020-08-08T12:41:57Z,45.46951667,7.79801667,1167.00,35.27
6509,3,1778,3577.170901968813,-15.110173895012,2020-08-08T12:41:58Z,45.46958333,7.79810000,1168.00,35.261
6510,3,1779,3578.170901968813,-14.110173895012,2020-08-08T12:41:59Z,45.46963333,7.79820000,1168.00,35.251
6511,3,1780,3579.170901968813,-13.110173895012,2020-08-08T12:42:00Z,45.46965000,7.79833333,1167.00,35.243
6512,3,1781,3580.170901968813,-12.110173895012,2020-08-08T12:42:01Z,45.46963333,7.79845000,1167.00,35.238
6513,3,1782,3581.170901968813,-11.110173895012,2020-08-08T12:42:02Z,45.46960000,7.79853333,1168.00,35.236
6514,3,1783,3582.170901968813,-10.110173895012,2020-08-08T12:42:03Z,45.46955000,7.79856667,1169.00,35.239
6515,3,1784,3583.170901968813,-9.110173895012,2020-08-08T12:42:04Z,45.46950000,7.79856667,1170.00,35.243
6516,3,1785,3584.170901968813,-8.110173895012,2020-08-08T12:42:05Z,45.46945000,7.79851667,1169.00,35.25
6517,3,1786,3585.170901968813,-7.110173895012,2020-08-08T12:42:06Z,45.46941667,7.79845000,1169.00,35.256
6518,3,1787,3586.170901968813,-6.110173895012,2020-08-08T12:42:07Z,45.46938333,7.79835000,1168.00,35.264
6519,3,1788,3587.170901968813,-5.110173895012,2020-08-08T12:42:08Z,45.46936667,7.79825000,1169.00,35.27
6520,3,1789,3588.170901968813,-4.110173895012,2020-08-08T12:42:09Z,45.46935000,7.79811667,1168.00,35.279
6521,3,1790,3589.170901968813,-3.110173895012,2020-08-08T12:42:10Z,45.46935000,7.79798333,1168.00,35.286
6522,3,1791,3590.170901968813,-2.110173895012,2020-08-08T12:42:11Z,45.46935000,7.79785000,1168.00,35.293
6523,3,1792,3591.170901968813,-1.110173895012,2020-08-08T12:42:12Z,45.46936667,7.79771667,1169.00,35.298
6524,3,1793,3592.170901968813,-0.110173895012,2020-08-08T12:42:13Z,45.46940000,7.79760000,1170.00,35.302
6525,3,1794,3593.170901968813,0.889826104988,2020-08-08T12:42:14Z,45.46945000,7.79750000,1172.00,35.303
6526,3,1795,3594.170901968813,1.889826104988,2020-08-08T12:42:15Z,45.46953333,7.79741667,1172.00,35.301
6527,3,1796,3595.170901968813,2.889826104988,2020-08-08T12:42:16Z,45.46965000,7.79736667,1173.00,35.294
6528,3,1797,3596.170901968813,3.889826104988,2020-08-08T12:42:17Z,45.46976667,7.79735000,1171.00,35.285
6529,3,1798,3597.170901968813,4.889826104988,2020-08-08T12:42:18Z,45.46990000,7.79738333,1171.00,35.273
6530,3,1799,3598.170901968813,5.889826104988,2020-08-08T12:42:19Z,45.47001667,7.79743333,1170.00,35.261
6531,3,1800,3599.170901968813,6.889826104988,2020-08-08T12:42:20Z,45.47013333,7.79746667,1172.00,35.249
6532,3,1801,3600.170901968813,7.889826104988,2020-08-08T12:42:21Z,45.47023333,7.79751667,1172.00,35.239
6533,3,1802,3601.170901968813,8.889826104988,2020-08-08T12:42:22Z,45.47036667,7.79753333,1172.00,35.227
6534,3,1803,3602.170901968813,9.889826104988,2020-08-08T12:42:23Z,45.47048333,7.79755000,1172.00,35.217
6535,3,1804,3603.170901968813,10.889826104988,2020-08-08T12:42:24Z,45.47061667,7.79756667,1171.00,35.205
6536,3,1805,3604.170901968813,11.889826104988,2020-08-08T12:42:25Z,45.47075000,7.79760000,1169.00,35.193
6537,3,1806,3605.170901968813,12.889826104988,2020-08-08T12:42:26Z,45.47090000,7.79763333,1168.00,35.179
6538,3,1807,3606.170901968813,13.889826104988,2020-08-08T12:42:27Z,45.47105000,7.79770000,1166.00,35.163
6539,3,1808,3607.170901968813,14.889826104988,2020-08-08T12:42:28Z,45.47121667,7.79775000,1165.00,35.147
6540,3,1809,3608.170901968813,15.889826104988,2020-08-08T12:42:29Z,45.47136667,7.79780000,1165.00,35.133
6541,3,1810,3609.170901968813,16.889826104988,2020-08-08T12:42:30Z,45.47151667,7.79786667,1165.00,35.117
6542,3,1811,3610.170901968813,17.889826104988,2020-08-08T12:42:31Z,45.47166667,7.79791667,1167.00,35.102
6543,3,1812,3611.170901968813,18.889826104988,2020-08-08T12:42:32Z,45.47180000,7.79795000,1167.00,35.09
6544,3,1813,3612.170901968813,19.889826104988,2020-08-08T12:42:33Z,45.47195000,7.79800000,1166.00,35.075
6545,3,1814,3613.170901968813,20.889826104988,2020-08-08T12:42:34Z,45.47210000,7.79805000,1167.00,35.061
6546,3,1815,3614.170901968813,21.889826104988,2020-08-08T12:42:35Z,45.47225000,7.79810000,1165.00,35.046
6547,3,1816,3615.170901968813,22.889826104988,2020-08-08T12:42:36Z,45.47241667,7.79815000,1162.00,35.031
6548,3,1817,3616.170901968813,23.889826104988,2020-08-08T12:42:37Z,45.47258333,7.79820000,1158.00,35.015
6549,3,1818,3617.170901968813,24.889826104988,2020-08-08T12:42:38Z,45.47278333,7.79823333,1154.00,34.997
6550,3,1819,3618.170901968813,25.889826104988,2020-08-08T12:42:39Z,45.47296667,7.79830000,1151.00,34.979
6551,3,1820,3619.170901968813,26.889826104988,2020-08-08T12:42:40Z,45.47316667,7.79835000,1149.00,34.961
6552,3,1821,3620.170901968813,27.889826104988,2020-08-08T12:42:41Z,45.47335000,7.79841667,1148.00,34.943
6553,3,1822,3621.170901968813,28.889826104988,2020-08-08T12:42:42Z,45.47351667,7.79848333,1146.00,34.927
6554,3,1823,3622.170901968813,29.889826104988,2020-08-08T12:42:43Z,45.47370000,7.79853333,1144.00,34.91
6555,3,1824,3623.170901968813,30.889826104988,2020-08-08T12:42:44Z,45.47386667,7.79858333,1141.00,34.894
6556,3,1825,3624.170901968813,31.889826104988,2020-08-08T12:42:45Z,45.47406667,7.79865000,1138.00,34.875
6557,3,1826,3625.170901968813,32.889826104988,2020-08-08T12:42:46Z,45.47425000,7.79868333,1135.00,34.859
6558,3,1827,3626.170901968813,33.889826104988,2020-08-08T12:42:47Z,45.47445000,7.79871667,1130.00,34.841
6559,3,1828,3627.170901968813,34.889826104988,2020-08-08T12:42:48Z,45.47465000,7.79873333,1127.00,34.824
6560,3,1829,3628.170901968813,35.889826104988,2020-08-08T12:42:49Z,45.47485000,7.79875000,1124.00,34.807
6561,3,1830,3629.170901968813,36.889826104988,2020-08-08T12:42:50Z,45.47505000,7.79878333,1122.00,34.788
6562,3,1831,3630.170901968813,37.889826104988,2020-08-08T12:42:51Z,45.47525000,7.79881667,1121.00,34.77
6563,3,1832,3631.170901968813,38.889826104988,2020-08-08T12:42:52Z,45.47545000,7.79885000,1120.00,34.752
6564,3,1833,3632.170901968813,39.889826104988,2020-08-08T12:42:53Z,45.47563333,7.79888333,1118.00,34.735
6565,3,1834,3633.170901968813,40.889826104988,2020-08-08T12:42:54Z,45.47581667,7.79893333,1117.00,34.718
6566,3,1835,3634.170901968813,41.889826104988,2020-08-08T12:42:55Z,45.47598333,7.79896667,1116.00,34.702
6567,3,1836,3635.170901968813,42.889826104988,2020-08-08T12:42:56Z,45.47616667,7.79900000,1113.00,34.686
6568,3,1837,3636.170901968813,43.889826104988,2020-08-08T12:42:57Z,45.47636667,7.79903333,1110.00,34.668
6569,3,1838,3637.170901968813,44.889826104988,2020-08-08T12:42:58Z,45.47655000,7.79905000,1108.00,34.652
6570,3,1839,3638.170901968813,45.889826104988,2020-08-08T12:42:59Z,45.47675000,7.79908333,1106.00,34.634
6571,3,1840,3639.170901968813,46.889826104988,2020-08-08T12:43:00Z,45.47695000,7.79911667,1104.00,34.616
6572,3,1841,3640.170901968813,47.889826104988,2020-08-08T12:43:01Z,45.47713333,7.79915000,1103.00,34.6
6573,3,1842,3641.170901968813,48.889826104988,2020-08-08T12:43:02Z,45.47733333,7.79916667,1102.00,34.583
6574,3,1843,3642.170901968813,49.889826104988,2020-08-08T12:43:03Z,45.47751667,7.79918333,1100.00,34.568
6575,3,1844,3643.170901968813,50.889826104988,2020-08-08T12:43:04Z,45.47771667,7.79921667,1099.00,34.55
6576,3,1845,3644.170901968813,51.889826104988,2020-08-08T12:43:05Z,45.47791667,7.79923333,1100.00,34.533
6577,3,1846,3645.170901968813,52.889826104988,2020-08-08T12:43:06Z,45.47810000,7.79926667,1099.00,34.517
6578,3,1847,3646.170901968813,53.889826104988,2020-08-08T12:43:07Z,45.47828333,7.79928333,1100.00,34.502
6579,3,1848,3647.170901968813,54.889826104988,2020-08-08T12:43:08Z,45.47846667,7.79931667,1100.00,34.486
6580,3,1849,3648.170901968813,55.889826104988,2020-08-08T12:43:09Z,45.47865000,7.79935000,1102.00,34.47
6581,3,1850,3649.170901968813,56.889826104988,2020-08-08T12:43:10Z,45.47881667,7.79938333,1104.00,34.455
6582,3,1851,3650.170901968813,57.889826104988,2020-08-08T12:43:11Z,45.47898333,7.79941667,1106.00,34.44
6583,3,1852,3651.170901968813,58.889826104988,2020-08-08T12:43:12Z,45.47915000,7.79945000,1107.00,34.426
6584,3,1853,3652.170901968813,59.889826104988,2020-08-08T12:43:13Z,45.47930000,7.79950000,1108.00,34.411
6585,3,1854,3653.170901968813,60.889826104988,2020-08-08T12:43:14Z,45.47946667,7.79953333,1108.00,34.397
6586,3,1855,3654.170901968813,61.889826104988,2020-08-08T12:43:15Z,45.47963333,7.79956667,1107.00,34.382
6587,3,1856,3655.170901968813,62.889826104988,2020-08-08T12:43:16Z,45.47980000,7.79961667,1107.00,34.367
6588,3,1857,3656.170901968813,63.889826104988,2020-08-08T12:43:17Z,45.47998333,7.79965000,1105.00,34.351
6589,3,1858,3657.170901968813,64.889826104988,2020-08-08T12:43:18Z,45.48016667,7.79968333,1103.00,34.336
6590,3,1859,3658.170901968813,65.889826104988,2020-08-08T12:43:19Z,45.48035000,7.79973333,1102.00,34.319
6591,3,1860,3659.170901968813,66.889826104988,2020-08-08T12:43:20Z,45.48053333,7.79976667,1101.00,34.303
6592,3,1861,3660.170901968813,67.889826104988,2020-08-08T12:43:21Z,45.48071667,7.79980000,1100.00,34.288
6593,3,1862,3661.170901968813,68.889826104988,2020-08-08T12:43:22Z,45.48090000,7.79983333,1099.00,34.272
6594,3,1863,3662.170901968813,69.889826104988,2020-08-08T12:43:23Z,45.48108333,7.79988333,1100.00,34.256
6595,3,1864,3663.170901968813,70.889826104988,2020-08-08T12:43:24Z,45.48126667,7.79990000,1099.00,34.242
6596,3,1865,3664.170901968813,71.889826104988,2020-08-08T12:43:25Z,45.48145000,7.79993333,1099.00,34.226
6597,3,1866,3665.170901968813,72.889826104988,2020-08-08T12:43:26Z,45.48163333,7.79996667,1099.00,34.211
6598,3,1867,3666.170901968813,73.889826104988,2020-08-08T12:43:27Z,45.48181667,7.79998333,1098.00,34.197
6599,3,1868,3667.170901968813,74.889826104988,2020-08-08T12:43:28Z,45.48200000,7.80001667,1098.00,34.182
6600,3,1869,3668.170901968813,75.889826104988,2020-08-08T12:43:29Z,45.48218333,7.80003333,1098.00,34.168
6601,3,1870,3669.170901968813,76.889826104988,2020-08-08T12:43:30Z,45.48235000,7.80006667,1099.00,34.154
6602,3,1871,3670.170901968813,77.889826104988,2020-08-08T12:43:31Z,45.48253333,7.80011667,1098.00,34.138
6603,3,1872,3671.170901968813,78.889826104988,2020-08-08T12:43:32Z,45.48270000,7.80016667,1097.00,34.123
6604,3,1873,3672.170901968813,79.889826104988,2020-08-08T12:43:33Z,45.48288333,7.80020000,1096.00,34.108
6605,3,1874,3673.170901968813,80.889826104988,2020-08-08T12:43:34Z,45.48305000,7.80025000,1093.00,34.094
6606,3,1875,3674.170901968813,81.889826104988,2020-08-08T12:43:35Z,45.48323333,7.80028333,1093.00,34.079
6607,3,1876,3675.170901968813,82.889826104988,2020-08-08T12:43:36Z,45.48341667,7.80028333,1091.00,34.067
6608,3,1877,3676.170901968813,83.889826104988,2020-08-08T12:43:37Z,45.48360000,7.80030000,1089.00,34.053
6609,3,1878,3677.170901968813,84.889826104988,2020-08-08T12:43:38Z,45.48378333,7.80031667,1087.00,34.04
6610,3,1879,3678.170901968813,85.889826104988,2020-08-08T12:43:39Z,45.48395000,7.80033333,1086.00,34.027
6611,3,1880,3679.170901968813,86.889826104988,2020-08-08T12:43:40Z,45.48411667,7.80035000,1084.00,34.015
6612,3,1881,3680.170901968813,87.889826104988,2020-08-08T12:43:41Z,45.48430000,7.80036667,1083.00,34.002
6613,3,1882,3681.170901968813,88.889826104988,2020-08-08T12:43:42Z,45.48446667,7.80035000,1081.00,33.992
6614,3,1883,3682.170901968813,89.889826104988,2020-08-08T12:43:43Z,45.48465000,7.80033333,1080.00,33.981
6615,3,1884,3683.170901968813,90.889826104988,2020-08-08T12:43:44Z,45.48481667,7.80031667,1079.00,33.971
6616,3,1885,3684.170901968813,91.889826104988,2020-08-08T12:43:45Z,45.48500000,7.80031667,1078.00,33.959
6617,3,1886,3685.170901968813,92.889826104988,2020-08-08T12:43:46Z,45.48518333,7.80030000,1077.00,33.948
6618,3,1887,3686.170901968813,93.889826104988,2020-08-08T12:43:47Z,45.48535000,7.80030000,1075.00,33.938
6619,3,1888,3687.170901968813,94.889826104988,2020-08-08T12:43:48Z,45.48553333,7.80026667,1073.00,33.928
6620,3,1889,3688.170901968813,95.889826104988,2020-08-08T12:43:49Z,45.48570000,7.80023333,1073.00,33.92
6621,3,1890,3689.170901968813,96.889826104988,2020-08-08T12:43:50Z,45.48588333,7.80018333,1072.00,33.912
6622,3,1891,3690.170901968813,97.889826104988,2020-08-08T12:43:51Z,45.48605000,7.80015000,1071.00,33.904
6623,3,1892,3691.170901968813,98.889826104988,2020-08-08T12:43:52Z,45.48623333,7.80010000,1071.00,33.896
6624,3,1893,3692.170901968813,99.889826104988,2020-08-08T12:43:53Z,45.48640000,7.80008333,1070.00,33.885
6625,3,1894,3693.170901968813,100.889826104988,2020-08-08T12:43:54Z,45.48656667,7.80006667,1071.00,33.874
6626,3,1895,3694.170901968813,101.889826104988,2020-08-08T12:43:55Z,45.48670000,7.80005000,1073.00,33.866
6627,3,1896,3695.170901968813,102.889826104988,2020-08-08T12:43:56Z,45.48681667,7.80003333,1075.00,33.859
6628,3,1897,3696.170901968813,103.889826104988,2020-08-08T12:43:57Z,45.48691667,7.80003333,1076.00,33.852
6629,3,1898,3697.170901968813,104.889826104988,2020-08-08T12:43:58Z,45.48701667,7.80003333,1075.00,33.845
6630,3,1899,3698.170901968813,105.889826104988,2020-08-08T12:43:59Z,45.48715000,7.80003333,1073.00,33.835
6631,3,1900,3699.170901968813,106.889826104988,2020-08-08T12:44:00Z,45.48728333,7.80003333,1073.00,33.826
6632,3,1901,3700.170901968813,107.889826104988,2020-08-08T12:44:01Z,45.48743333,7.80000000,1073.00,33.818
6633,3,1902,3701.170901968813,108.889826104988,2020-08-08T12:44:02Z,45.48755000,7.79996667,1074.00,33.812
6634,3,1903,3702.170901968813,109.889826104988,2020-08-08T12:44:03Z,45.48765000,7.79990000,1077.00,33.809
6635,3,1904,3703.170901968813,110.889826104988,2020-08-08T12:44:04Z,45.48770000,7.79980000,1079.00,33.812
6636,3,1905,3704.170901968813,111.889826104988,2020-08-08T12:44:05Z,45.48773333,7.79968333,1079.00,33.817
6637,3,1906,3705.170901968813,112.889826104988,2020-08-08T12:44:06Z,45.48773333,7.79953333,1077.00,33.826
6638,3,1907,3706.170901968813,113.889826104988,2020-08-08T12:44:07Z,45.48770000,7.79936667,1076.00,33.838
6639,3,1908,3707.170901968813,114.889826104988,2020-08-08T12:44:08Z,45.48763333,7.79921667,1076.00,33.852
6640,3,1909,3708.170901968813,115.889826104988,2020-08-08T12:44:09Z,45.48753333,7.79916667,1077.00,33.862
6641,3,1910,3709.170901968813,116.889826104988,2020-08-08T12:44:10Z,45.48745000,7.79921667,1078.00,33.865
6642,3,1911,3710.170901968813,117.889826104988,2020-08-08T12:44:11Z,45.48738333,7.79931667,1078.00,33.863
6643,3,1912,3711.170901968813,118.889826104988,2020-08-08T12:44:12Z,45.48738333,7.79945000,1078.00,33.855
6644,3,1913,3712.170901968813,119.889826104988,2020-08-08T12:44:13Z,45.48740000,7.79960000,1079.00,33.844
6645,3,1914,3713.170901968813,120.889826104988,2020-08-08T12:44:14Z,45.48746667,7.79973333,1080.00,33.832
6646,3,1915,3714.170901968813,121.889826104988,2020-08-08T12:44:15Z,45.48756667,7.79983333,1081.00,33.819
6647,3,1916,3715.170901968813,122.889826104988,2020-08-08T12:44:16Z,45.48766667,7.79990000,1082.00,33.808
6648,3,1917,3716.170901968813,123.889826104988,2020-08-08T12:44:17Z,45.48778333,7.79991667,1083.00,33.799
6649,3,1918,3717.170901968813,124.889826104988,2020-08-08T12:44:18Z,45.48788333,7.79991667,1083.00,33.792
6650,3,1919,3718.170901968813,125.889826104988,2020-08-08T12:44:19Z,45.48800000,7.79990000,1083.00,33.785
6651,3,1920,3719.170901968813,126.889826104988,2020-08-08T12:44:20Z,45.48811667,7.79988333,1083.00,33.778
6652,3,1921,3720.170901968813,127.889826104988,2020-08-08T12:44:21Z,45.48823333,7.79986667,1083.00,33.772
6653,3,1922,3721.170901968813,128.889826104988,2020-08-08T12:44:22Z,45.48835000,7.79983333,1083.00,33.766
6654,3,1923,3722.170901968813,129.889826104988,2020-08-08T12:44:23Z,45.48848333,7.79978333,1084.00,33.76
6655,3,1924,3723.170901968813,130.889826104988,2020-08-08T12:44:24Z,45.48860000,7.79975000,1085.00,33.755
6656,3,1925,3724.170901968813,131.889826104988,2020-08-08T12:44:25Z,45.48871667,7.79973333,1086.00,33.748
6657,3,1926,3725.170901968813,132.889826104988,2020-08-08T12:44:26Z,45.48883333,7.79970000,1088.00,33.743
6658,3,1927,3726.170901968813,133.889826104988,2020-08-08T12:44:27Z,45.48895000,7.79968333,1089.00,33.737
6659,3,1928,3727.170901968813,134.889826104988,2020-08-08T12:44:28Z,45.48905000,7.79965000,1091.00,33.732
6660,3,1929,3728.170901968813,135.889826104988,2020-08-08T12:44:29Z,45.48916667,7.79961667,1092.00,33.727
6661,3,1930,3729.170901968813,136.889826104988,2020-08-08T12:44:30Z,45.48926667,7.79960000,1093.00,33.722
6662,3,1931,3730.170901968813,137.889826104988,2020-08-08T12:44:31Z,45.48936667,7.79960000,1092.00,33.715
6663,3,1932,3731.170901968813,138.889826104988,2020-08-08T12:44:32Z,45.48948333,7.79960000,1091.00,33.708
6664,3,1933,3732.170901968813,139.889826104988,2020-08-08T12:44:33Z,45.48960000,7.79961667,1088.00,33.7
6665,3,1934,3733.170901968813,140.889826104988,2020-08-08T12:44:34Z,45.48973333,7.79963333,1085.00,33.691
6666,3,1935,3734.170901968813,141.889826104988,2020-08-08T12:44:35Z,45.48988333,7.79963333,1083.00,33.681
6667,3,1936,3735.170901968813,142.889826104988,2020-08-08T12:44:36Z,45.49003333,7.79963333,1081.00,33.672
6668,3,1937,3736.170901968813,143.889826104988,2020-08-08T12:44:37Z,45.49018333,7.79961667,1080.00,33.664
6669,3,1938,3737.170901968813,144.889826104988,2020-08-08T12:44:38Z,45.49031667,7.79963333,1079.00,33.655
6670,3,1939,3738.170901968813,145.889826104988,2020-08-08T12:44:39Z,45.49045000,7.79966667,1078.00,33.645
6671,3,1940,3739.170901968813,146.889826104988,2020-08-08T12:44:40Z,45.49056667,7.79971667,1079.00,33.635
6672,3,1941,3740.170901968813,147.889826104988,2020-08-08T12:44:41Z,45.49068333,7.79976667,1078.00,33.625
6673,3,1942,3741.170901968813,148.889826104988,2020-08-08T12:44:42Z,45.49078333,7.79983333,1076.00,33.615
6674,3,1943,3742.170901968813,149.889826104988,2020-08-08T12:44:43Z,45.49091667,7.79990000,1073.00,33.602
6675,3,1944,3743.170901968813,150.889826104988,2020-08-08T12:44:44Z,45.49105000,7.79996667,1069.00,33.59
6676,3,1945,3744.170901968813,151.889826104988,2020-08-08T12:44:45Z,45.49121667,7.80003333,1064.00,33.576
6677,3,1946,3745.170901968813,152.889826104988,2020-08-08T12:44:46Z,45.49138333,7.80010000,1059.00,33.562
6678,3,1947,3746.170901968813,153.889826104988,2020-08-08T12:44:47Z,45.49156667,7.80018333,1054.00,33.546
6679,3,1948,3747.170901968813,154.889826104988,2020-08-08T12:44:48Z,45.49171667,7.80026667,1051.00,33.532
6680,3,1949,3748.170901968813,155.889826104988,2020-08-08T12:44:49Z,45.49186667,7.80035000,1049.00,33.518
6681,3,1950,3749.170901968813,156.889826104988,2020-08-08T12:44:50Z,45.49201667,7.80043333,1048.00,33.505
6682,3,1951,3750.170901968813,157.889826104988,2020-08-08T12:44:51Z,45.49213333,7.80051667,1046.00,33.493
6683,3,1952,3751.170901968813,158.889826104988,2020-08-08T12:44:52Z,45.49226667,7.80058333,1044.00,33.481
6684,3,1953,3752.170901968813,159.889826104988,2020-08-08T12:44:53Z,45.49240000,7.80065000,1042.00,33.469
6685,3,1954,3753.170901968813,160.889826104988,2020-08-08T12:44:54Z,45.49255000,7.80071667,1038.00,33.456
6686,3,1955,3754.170901968813,161.889826104988,2020-08-08T12:44:55Z,45.49270000,7.80080000,1033.00,33.443
6687,3,1956,3755.170901968813,162.889826104988,2020-08-08T12:44:56Z,45.49286667,7.80086667,1031.00,33.43
6688,3,1957,3756.170901968813,163.889826104988,2020-08-08T12:44:57Z,45.49303333,7.80095000,1029.00,33.415
6689,3,1958,3757.170901968813,164.889826104988,2020-08-08T12:44:58Z,45.49320000,7.80100000,1028.00,33.403
6690,3,1959,3758.170901968813,165.889826104988,2020-08-08T12:44:59Z,45.49336667,7.80106667,1030.00,33.39
6691,3,1960,3759.170901968813,166.889826104988,2020-08-08T12:45:00Z,45.49351667,7.80110000,1033.00,33.38
6692,3,1961,3760.170901968813,167.889826104988,2020-08-08T12:45:01Z,45.49363333,7.80113333,1036.00,33.372
6693,3,1962,3761.170901968813,168.889826104988,2020-08-08T12:45:02Z,45.49373333,7.80116667,1039.00,33.365
6694,3,1963,3762.170901968813,169.889826104988,2020-08-08T12:45:03Z,45.49383333,7.80118333,1040.00,33.359
6695,3,1964,3763.170901968813,170.889826104988,2020-08-08T12:45:04Z,45.49395000,7.80121667,1040.00,33.351
6696,3,1965,3764.170901968813,171.889826104988,2020-08-08T12:45:05Z,45.49408333,7.80125000,1038.00,33.342
6697,3,1966,3765.170901968813,172.889826104988,2020-08-08T12:45:06Z,45.49423333,7.80128333,1035.00,33.333
6698,3,1967,3766.170901968813,173.889826104988,2020-08-08T12:45:07Z,45.49438333,7.80135000,1034.00,33.321
6699,3,1968,3767.170901968813,174.889826104988,2020-08-08T12:45:08Z,45.49453333,7.80140000,1034.00,33.311
6700,3,1969,3768.170901968813,175.889826104988,2020-08-08T12:45:09Z,45.49468333,7.80145000,1034.00,33.3
6701,3,1970,3769.170901968813,176.889826104988,2020-08-08T12:45:10Z,45.49481667,7.80150000,1034.00,33.291
6702,3,1971,3770.170901968813,177.889826104988,2020-08-08T12:45:11Z,45.49495000,7.80155000,1034.00,33.281
6703,3,1972,3771.170901968813,178.889826104988,2020-08-08T12:45:12Z,45.49508333,7.80161667,1033.00,33.271
6704,3,1973,3772.170901968813,179.889826104988,2020-08-08T12:45:13Z,45.49520000,7.80168333,1032.00,33.26
6705,3,1974,3773.170901968813,180.889826104988,2020-08-08T12:45:14Z,45.49533333,7.80175000,1030.00,33.247
6706,3,1975,3774.170901968813,181.889826104988,2020-08-08T12:45:15Z,45.49545000,7.80181667,1028.00,33.236
6707,3,1976,3775.170901968813,182.889826104988,2020-08-08T12:45:16Z,45.49558333,7.80186667,1026.00,33.225
6708,3,1977,3776.170901968813,183.889826104988,2020-08-08T12:45:17Z,45.49571667,7.80193333,1025.00,33.213
6709,3,1978,3777.170901968813,184.889826104988,2020-08-08T12:45:18Z,45.49583333,7.80201667,1023.00,33.2
6710,3,1979,3778.170901968813,185.889826104988,2020-08-08T12:45:19Z,45.49596667,7.80210000,1022.00,33.187
6711,3,1980,3779.170901968813,186.889826104988,2020-08-08T12:45:20Z,45.49608333,7.80216667,1019.00,33.176
6712,3,1981,3780.170901968813,187.889826104988,2020-08-08T12:45:21Z,45.49621667,7.80223333,1017.00,33.164
6713,3,1982,3781.170901968813,188.889826104988,2020-08-08T12:45:22Z,45.49635000,7.80230000,1013.00,33.152
6714,3,1983,3782.170901968813,189.889826104988,2020-08-08T12:45:23Z,45.49650000,7.80238333,1009.00,33.138
6715,3,1984,3783.170901968813,190.889826104988,2020-08-08T12:45:24Z,45.49665000,7.80248333,1006.00,33.123
6716,3,1985,3784.170901968813,191.889826104988,2020-08-08T12:45:25Z,45.49681667,7.80260000,1005.00,33.106
6717,3,1986,3785.170901968813,192.889826104988,2020-08-08T12:45:26Z,45.49698333,7.80268333,1004.00,33.092
6718,3,1987,3786.170901968813,193.889826104988,2020-08-08T12:45:27Z,45.49713333,7.80276667,1005.00,33.078
6719,3,1988,3787.170901968813,194.889826104988,2020-08-08T12:45:28Z,45.49726667,7.80283333,1007.00,33.066
6720,3,1989,3788.170901968813,195.889826104988,2020-08-08T12:45:29Z,45.49738333,7.80288333,1008.00,33.057
6721,3,1990,3789.170901968813,196.889826104988,2020-08-08T12:45:30Z,45.49750000,7.80295000,1009.00,33.046
6722,3,1991,3790.170901968813,197.889826104988,2020-08-08T12:45:31Z,45.49761667,7.80301667,1009.00,33.036
6723,3,1992,3791.170901968813,198.889826104988,2020-08-08T12:45:32Z,45.49775000,7.80310000,1008.00,33.023
6724,3,1993,3792.170901968813,199.889826104988,2020-08-08T12:45:33Z,45.49790000,7.80316667,1006.00,33.011
6725,3,1994,3793.170901968813,200.889826104988,2020-08-08T12:45:34Z,45.49806667,7.80321667,1005.00,32.999
6726,3,1995,3794.170901968813,201.889826104988,2020-08-08T12:45:35Z,45.49823333,7.80323333,1003.00,32.99
6727,3,1996,3795.170901968813,202.889826104988,2020-08-08T12:45:36Z,45.49838333,7.80323333,1003.00,32.983
6728,3,1997,3796.170901968813,203.889826104988,2020-08-08T12:45:37Z,45.49853333,7.80325000,1006.00,32.975
6729,3,1998,3797.170901968813,204.889826104988,2020-08-08T12:45:38Z,45.49868333,7.80326667,1006.00,32.967
6730,3,1999,3798.170901968813,205.889826104988,2020-08-08T12:45:39Z,45.49881667,7.80328333,1007.00,32.96
6731,3,2000,3799.170901968813,206.889826104988,2020-08-08T12:45:40Z,45.49895000,7.80331667,1009.00,32.951
6732,3,2001,3800.170901968813,207.889826104988,2020-08-08T12:45:41Z,45.49910000,7.80335000,1009.00,32.942
6733,3,2002,3801.170901968813,208.889826104988,2020-08-08T12:45:42Z,45.49923333,7.80338333,1010.00,32.934
6734,3,2003,3802.170901968813,209.889826104988,2020-08-08T12:45:43Z,45.49938333,7.80341667,1011.00,32.926
6735,3,2004,3803.170901968813,210.889826104988,2020-08-08T12:45:44Z,45.49951667,7.80345000,1010.00,32.918
6736,3,2005,3804.170901968813,211.889826104988,2020-08-08T12:45:45Z,45.49966667,7.80348333,1012.00,32.909
6737,3,2006,3805.170901968813,212.889826104988,2020-08-08T12:45:46Z,45.49981667,7.80351667,1012.00,32.901
6738,3,2007,3806.170901968813,213.889826104988,2020-08-08T12:45:47Z,45.49995000,7.80355000,1013.00,32.893
6739,3,2008,3807.170901968813,214.889826104988,2020-08-08T12:45:48Z,45.50010000,7.80358333,1013.00,32.885
6740,3,2009,3808.170901968813,215.889826104988,2020-08-08T12:45:49Z,45.50025000,7.80361667,1013.00,32.877
6741,3,2010,3809.170901968813,216.889826104988,2020-08-08T12:45:50Z,45.50040000,7.80363333,1012.00,32.871
6742,3,2011,3810.170901968813,217.889826104988,2020-08-08T12:45:51Z,45.50055000,7.80366667,1013.00,32.863
6743,3,2012,3811.170901968813,218.889826104988,2020-08-08T12:45:52Z,45.50070000,7.80368333,1013.00,32.857
6744,3,2013,3812.170901968813,219.889826104988,2020-08-08T12:45:53Z,45.50085000,7.80371667,1014.00,32.849
6745,3,2014,3813.170901968813,220.889826104988,2020-08-08T12:45:54Z,45.50098333,7.80373333,1015.00,32.844
6746,3,2015,3814.170901968813,221.889826104988,2020-08-08T12:45:55Z,45.50113333,7.80375000,1014.00,32.838
6747,3,2016,3815.170901968813,222.889826104988,2020-08-08T12:45:56Z,45.50128333,7.80376667,1014.00,32.832
6748,3,2017,3816.170901968813,223.889826104988,2020-08-08T12:45:57Z,45.50141667,7.80380000,1014.00,32.826
6749,3,2018,3817.170901968813,224.889826104988,2020-08-08T12:45:58Z,45.50158333,7.80383333,1014.00,32.819
6750,3,2019,3818.170901968813,225.889826104988,2020-08-08T12:45:59Z,45.50173333,7.80388333,1013.00,32.811
6751,3,2020,3819.170901968813,226.889826104988,2020-08-08T12:46:00Z,45.50188333,7.80391667,1011.00,32.804
6752,3,2021,3820.170901968813,227.889826104988,2020-08-08T12:46:01Z,45.50203333,7.80395000,1010.00,32.798
6753,3,2022,3821.170901968813,228.889826104988,2020-08-08T12:46:02Z,45.50218333,7.80398333,1008.00,32.79
6754,3,2023,3822.170901968813,229.889826104988,2020-08-08T12:46:03Z,45.50231667,7.80403333,1007.00,32.78
6755,3,2024,3823.170901968813,230.889826104988,2020-08-08T12:46:04Z,45.50246667,7.80408333,1004.00,32.77
6756,3,2025,3824.170901968813,231.889826104988,2020-08-08T12:46:05Z,45.50260000,7.80415000,1002.00,32.759
6757,3,2026,3825.170901968813,232.889826104988,2020-08-08T12:46:06Z,45.50275000,7.80421667,1000.00,32.748
6758,3,2027,3826.170901968813,233.889826104988,2020-08-08T12:46:07Z,45.50288333,7.80428333,998.00,32.737
6759,3,2028,3827.170901968813,234.889826104988,2020-08-08T12:46:08Z,45.50301667,7.80435000,997.00,32.727
6760,3,2029,3828.170901968813,235.889826104988,2020-08-08T12:46:09Z,45.50316667,7.80441667,995.00,32.716
6761,3,2030,3829.170901968813,236.889826104988,2020-08-08T12:46:10Z,45.50330000,7.80448333,993.00,32.705
6762,3,2031,3830.170901968813,237.889826104988,2020-08-08T12:46:11Z,45.50345000,7.80455000,991.00,32.695
6763,3,2032,3831.170901968813,238.889826104988,2020-08-08T12:46:12Z,45.50360000,7.80463333,988.00,32.683
6764,3,2033,3832.170901968813,239.889826104988,2020-08-08T12:46:13Z,45.50376667,7.80470000,986.00,32.671
6765,3,2034,3833.170901968813,240.889826104988,2020-08-08T12:46:14Z,45.50391667,7.80478333,985.00,32.66
6766,3,2035,3834.170901968813,241.889826104988,2020-08-08T12:46:15Z,45.50406667,7.80486667,985.00,32.648
6767,3,2036,3835.170901968813,242.889826104988,2020-08-08T12:46:16Z,45.50420000,7.80495000,984.00,32.638
6768,3,2037,3836.170901968813,243.889826104988,2020-08-08T12:46:17Z,45.50433333,7.80503333,982.00,32.627
6769,3,2038,3837.170901968813,244.889826104988,2020-08-08T12:46:18Z,45.50446667,7.80511667,981.00,32.617
6770,3,2039,3838.170901968813,245.889826104988,2020-08-08T12:46:19Z,45.50460000,7.80521667,979.00,32.605
6771,3,2040,3839.170901968813,246.889826104988,2020-08-08T12:46:20Z,45.50471667,7.80533333,977.00,32.593
6772,3,2041,3840.170901968813,247.889826104988,2020-08-08T12:46:21Z,45.50483333,7.80545000,976.00,32.581
6773,3,2042,3841.170901968813,248.889826104988,2020-08-08T12:46:22Z,45.50496667,7.80555000,973.00,32.569
6774,3,2043,3842.170901968813,249.889826104988,2020-08-08T12:46:23Z,45.50511667,7.80566667,972.00,32.556
6775,3,2044,3843.170901968813,250.889826104988,2020-08-08T12:46:24Z,45.50528333,7.80576667,970.00,32.545
6776,3,2045,3844.170901968813,251.889826104988,2020-08-08T12:46:25Z,45.50543333,7.80586667,972.00,32.533
6777,3,2046,3845.170901968813,252.889826104988,2020-08-08T12:46:26Z,45.50558333,7.80596667,972.00,32.522
6778,3,2047,3846.170901968813,253.889826104988,2020-08-08T12:46:27Z,45.50571667,7.80605000,974.00,32.513
6779,3,2048,3847.170901968813,254.889826104988,2020-08-08T12:46:28Z,45.50585000,7.80613333,976.00,32.504
6780,3,2049,3848.170901968813,255.889826104988,2020-08-08T12:46:29Z,45.50598333,7.80621667,976.00,32.495
6781,3,2050,3849.170901968813,256.889826104988,2020-08-08T12:46:30Z,45.50611667,7.80630000,976.00,32.486
6782,3,2051,3850.170901968813,257.889826104988,2020-08-08T12:46:31Z,45.50625000,7.80640000,976.00,32.477
6783,3,2052,3851.170901968813,258.889826104988,2020-08-08T12:46:32Z,45.50638333,7.80650000,975.00,32.467
6784,3,2053,3852.170901968813,259.889826104988,2020-08-08T12:46:33Z,45.50651667,7.80660000,975.00,32.457
6785,3,2054,3853.170901968813,260.889826104988,2020-08-08T12:46:34Z,45.50665000,7.80670000,975.00,32.448
6786,3,2055,3854.170901968813,261.889826104988,2020-08-08T12:46:35Z,45.50678333,7.80680000,975.00,32.439
6787,3,2056,3855.170901968813,262.889826104988,2020-08-08T12:46:36Z,45.50691667,7.80690000,975.00,32.43
6788,3,2057,3856.170901968813,263.889826104988,2020-08-08T12:46:37Z,45.50703333,7.80700000,975.00,32.421
6789,3,2058,3857.170901968813,264.889826104988,2020-08-08T12:46:38Z,45.50715000,7.80708333,975.00,32.414
6790,3,2059,3858.170901968813,265.889826104988,2020-08-08T12:46:39Z,45.50725000,7.80718333,974.00,32.406
6791,3,2060,3859.170901968813,266.889826104988,2020-08-08T12:46:40Z,45.50736667,7.80730000,972.00,32.396
6792,3,2061,3860.170901968813,267.889826104988,2020-08-08T12:46:41Z,45.50748333,7.80743333,971.00,32.385
6793,3,2062,3861.170901968813,268.889826104988,2020-08-08T12:46:42Z,45.50760000,7.80756667,970.00,32.374
6794,3,2063,3862.170901968813,269.889826104988,2020-08-08T12:46:43Z,45.50771667,7.80770000,969.00,32.359
6795,3,2064,3863.170901968813,270.889826104988,2020-08-08T12:46:44Z,45.50785000,7.80781667,968.00,32.346
6796,3,2065,3864.170901968813,271.889826104988,2020-08-08T12:46:45Z,45.50796667,7.80793333,970.00,32.333
6797,3,2066,3865.170901968813,272.889826104988,2020-08-08T12:46:46Z,45.50808333,7.80805000,972.00,32.32
6798,3,2067,3866.170901968813,273.889826104988,2020-08-08T12:46:47Z,45.50820000,7.80815000,972.00,32.308
6799,3,2068,3867.170901968813,274.889826104988,2020-08-08T12:46:48Z,45.50833333,7.80823333,973.00,32.298
6800,3,2069,3868.170901968813,275.889826104988,2020-08-08T12:46:49Z,45.50845000,7.80833333,973.00,32.287
6801,3,2070,3869.170901968813,276.889826104988,2020-08-08T12:46:50Z,45.50856667,7.80843333,973.00,32.275
6802,3,2071,3870.170901968813,277.889826104988,2020-08-08T12:46:51Z,45.50870000,7.80853333,972.00,32.264
6803,3,2072,3871.170901968813,278.889826104988,2020-08-08T12:46:52Z,45.50883333,7.80866667,972.00,32.25
6804,3,2073,3872.170901968813,279.889826104988,2020-08-08T12:46:53Z,45.50896667,7.80880000,971.00,32.237
6805,3,2074,3873.170901968813,280.889826104988,2020-08-08T12:46:54Z,45.50910000,7.80893333,969.00,32.224
6806,3,2075,3874.170901968813,281.889826104988,2020-08-08T12:46:55Z,45.50923333,7.80906667,970.00,32.211
6807,3,2076,3875.170901968813,282.889826104988,2020-08-08T12:46:56Z,45.50935000,7.80918333,972.00,32.2
6808,3,2077,3876.170901968813,283.889826104988,2020-08-08T12:46:57Z,45.50946667,7.80930000,973.00,32.189
6809,3,2078,3877.170901968813,284.889826104988,2020-08-08T12:46:58Z,45.50958333,7.80940000,974.00,32.179
6810,3,2079,3878.170901968813,285.889826104988,2020-08-08T12:46:59Z,45.50968333,7.80950000,975.00,32.17
6811,3,2080,3879.170901968813,286.889826104988,2020-08-08T12:47:00Z,45.50980000,7.80961667,975.00,32.16
6812,3,2081,3880.170901968813,287.889826104988,2020-08-08T12:47:01Z,45.50991667,7.80975000,975.00,32.149
6813,3,2082,3881.170901968813,288.889826104988,2020-08-08T12:47:02Z,45.51005000,7.80988333,975.00,32.138
6814,3,2083,3882.170901968813,289.889826104988,2020-08-08T12:47:03Z,45.51016667,7.80998333,976.00,32.13
6815,3,2084,3883.170901968813,290.889826104988,2020-08-08T12:47:04Z,45.51028333,7.81008333,976.00,32.122
6816,3,2085,3884.170901968813,291.889826104988,2020-08-08T12:47:05Z,45.51040000,7.81018333,977.00,32.114
6817,3,2086,3885.170901968813,292.889826104988,2020-08-08T12:47:06Z,45.51051667,7.81026667,978.00,32.108
6818,3,2087,3886.170901968813,293.889826104988,2020-08-08T12:47:07Z,45.51063333,7.81036667,978.00,32.102
6819,3,2088,3887.170901968813,294.889826104988,2020-08-08T12:47:08Z,45.51075000,7.81046667,979.00,32.095
6820,3,2089,3888.170901968813,295.889826104988,2020-08-08T12:47:09Z,45.51085000,7.81055000,980.00,32.09
6821,3,2090,3889.170901968813,296.889826104988,2020-08-08T12:47:10Z,45.51096667,7.81063333,982.00,32.086
6822,3,2091,3890.170901968813,297.889826104988,2020-08-08T12:47:11Z,45.51106667,7.81071667,982.00,32.081
6823,3,2092,3891.170901968813,298.889826104988,2020-08-08T12:47:12Z,45.51120000,7.81078333,984.00,32.079
6824,3,2093,3892.170901968813,299.889826104988,2020-08-08T12:47:13Z,45.51131667,7.81085000,985.00,32.077
6825,3,2094,3893.170901968813,300.889826104988,2020-08-08T12:47:14Z,45.51141667,7.81091667,986.00,32.075
6826,3,2095,3894.170901968813,301.889826104988,2020-08-08T12:47:15Z,45.51153333,7.81098333,989.00,32.074
6827,3,2096,3895.170901968813,302.889826104988,2020-08-08T12:47:16Z,45.51161667,7.81103333,991.00,32.073
6828,3,2097,3896.170901968813,303.889826104988,2020-08-08T12:47:17Z,45.51171667,7.81108333,991.00,32.073
6829,3,2098,3897.170901968813,304.889826104988,2020-08-08T12:47:18Z,45.51181667,7.81113333,992.00,32.067
6830,3,2099,3898.170901968813,305.889826104988,2020-08-08T12:47:19Z,45.51193333,7.81120000,993.00,32.056
6831,3,2100,3899.170901968813,306.889826104988,2020-08-08T12:47:20Z,45.51205000,7.81126667,993.00,32.045
6832,3,2101,3900.170901968813,307.889826104988,2020-08-08T12:47:21Z,45.51216667,7.81133333,994.00,32.035
6833,3,2102,3901.170901968813,308.889826104988,2020-08-08T12:47:22Z,45.51228333,7.81138333,996.00,32.026
6834,3,2103,3902.170901968813,309.889826104988,2020-08-08T12:47:23Z,45.51238333,7.81145000,997.00,32.017
6835,3,2104,3903.170901968813,310.889826104988,2020-08-08T12:47:24Z,45.51246667,7.81151667,999.00,32.009
6836,3,2105,3904.170901968813,311.889826104988,2020-08-08T12:47:25Z,45.51258333,7.81156667,1000.00,32.002
6837,3,2106,3905.170901968813,312.889826104988,2020-08-08T12:47:26Z,45.51268333,7.81163333,1001.00,31.995
6838,3,2107,3906.170901968813,313.889826104988,2020-08-08T12:47:27Z,45.51280000,7.81168333,1002.00,31.989
6839,3,2108,3907.170901968813,314.889826104988,2020-08-08T12:47:28Z,45.51291667,7.81175000,1003.00,31.983
6840,3,2109,3908.170901968813,315.889826104988,2020-08-08T12:47:29Z,45.51303333,7.81181667,1004.00,31.978
6841,3,2110,3909.170901968813,316.889826104988,2020-08-08T12:47:30Z,45.51315000,7.81188333,1004.00,31.974
6842,3,2111,3910.170901968813,317.889826104988,2020-08-08T12:47:31Z,45.51325000,7.81193333,1005.00,31.972
6843,3,2112,3911.170901968813,318.889826104988,2020-08-08T12:47:32Z,45.51336667,7.81201667,1005.00,31.969
6844,3,2113,3912.170901968813,319.889826104988,2020-08-08T12:47:33Z,45.51348333,7.81208333,1006.00,31.968
6845,3,2114,3913.170901968813,320.889826104988,2020-08-08T12:47:34Z,45.51358333,7.81215000,1008.00,31.968
6846,3,2115,3914.170901968813,321.889826104988,2020-08-08T12:47:35Z,45.51368333,7.81221667,1008.00,31.97
6847,3,2116,3915.170901968813,322.889826104988,2020-08-08T12:47:36Z,45.51376667,7.81228333,1010.00,31.971
6848,3,2117,3916.170901968813,323.889826104988,2020-08-08T12:47:37Z,45.51383333,7.81236667,1009.00,31.97
6849,3,2118,3917.170901968813,324.889826104988,2020-08-08T12:47:38Z,45.51388333,7.81246667,1009.00,31.968
6850,3,2119,3918.170901968813,325.889826104988,2020-08-08T12:47:39Z,45.51395000,7.81258333,1009.00,31.967
6851,3,2120,3919.170901968813,326.889826104988,2020-08-08T12:47:40Z,45.51400000,7.81268333,1010.00,31.967
6852,4,1,3920.170901968813,327.889826104988,2020-08-08T12:47:41Z,45.51401667,7.81280000,1010.00,31.921
6853,4,2,3921.170901968813,328.889826104988,2020-08-08T12:47:42Z,45.51401667,7.81290000,1010.00,31.922
6854,4,3,3922.170901968813,329.889826104988,2020-08-08T12:47:43Z,45.51398333,7.81300000,1010.00,31.92
6855,4,4,3923.170901968813,330.889826104988,2020-08-08T12:47:44Z,45.51395000,7.81306667,1012.00,31.918
6856,4,5,3924.170901968813,331.889826104988,2020-08-08T12:47:45Z,45.51391667,7.81310000,1014.00,31.915
6857,4,6,3925.170901968813,332.889826104988,2020-08-08T12:47:46Z,45.51388333,7.81311667,1015.00,31.911
6858,4,7,3926.170901968813,333.889826104988,2020-08-08T12:47:47Z,45.51385000,7.81311667,1016.00,31.908
6859,4,8,3927.170901968813,334.889826104988,2020-08-08T12:47:48Z,45.51380000,7.81311667,1016.00,31.902
6860,4,9,3928.170901968813,335.889826104988,2020-08-08T12:47:49Z,45.51376667,7.81311667,1015.00,31.899
6861,4,10,3929.170901968813,336.889826104988,2020-08-08T12:47:50Z,45.51373333,7.81310000,1014.00,31.895
6862,4,11,3930.170901968813,337.889826104988,2020-08-08T12:47:51Z,45.51368333,7.81306667,1013.00,31.889
6863,4,12,3931.170901968813,338.889826104988,2020-08-08T12:47:52Z,45.51365000,7.81301667,1012.00,31.884
6864,4,13,3932.170901968813,339.889826104988,2020-08-08T12:47:53Z,45.51360000,7.81296667,1010.00,31.878
6865,4,14,3933.170901968813,340.889826104988,2020-08-08T12:47:54Z,45.51356667,7.81291667,1010.00,31.874
6866,4,15,3934.170901968813,341.889826104988,2020-08-08T12:47:55Z,45.51355000,7.81286667,1010.00,31.871
6867,4,16,3935.170901968813,342.889826104988,2020-08-08T12:47:56Z,45.51351667,7.81283333,1010.00,31.867
6868,4,17,3936.170901968813,343.889826104988,2020-08-08T12:47:57Z,45.51350000,7.81276667,1009.00,31.864
6869,4,18,3937.170901968813,344.889826104988,2020-08-08T12:47:58Z,45.51346667,7.81270000,1009.00,31.859
6870,4,19,3938.170901968813,345.889826104988,2020-08-08T12:47:59Z,45.51343333,7.81265000,1009.00,31.855
6871,4,20,3939.170901968813,346.889826104988,2020-08-08T12:48:00Z,45.51340000,7.81265000,1009.00,31.851
6872,4,21,3940.170901968813,347.889826104988,2020-08-08T12:48:01Z,45.51336667,7.81271667,1007.00,31.849
6873,4,22,3941.170901968813,348.889826104988,2020-08-08T12:48:02Z,45.51335000,7.81286667,1004.00,31.849
6874,4,23,3942.170901968813,349.889826104988,2020-08-08T12:48:03Z,45.51340000,7.81303333,1003.00,31.857
6875,4,24,3943.170901968813,350.889826104988,2020-08-08T12:48:04Z,45.51348333,7.81318333,1003.00,31.869
6876,4,25,3944.170901968813,351.889826104988,2020-08-08T12:48:05Z,45.51358333,7.81328333,1006.00,31.881
6877,4,26,3945.170901968813,352.889826104988,2020-08-08T12:48:06Z,45.51368333,7.81335000,1007.00,31.893
6878,4,27,3946.170901968813,353.889826104988,2020-08-08T12:48:07Z,45.51376667,7.81340000,1009.00,31.903
6879,4,28,3947.170901968813,354.889826104988,2020-08-08T12:48:08Z,45.51385000,7.81345000,1010.00,31.913
6880,4,29,3948.170901968813,355.889826104988,2020-08-08T12:48:09Z,45.51395000,7.81351667,1010.00,31.925
6881,4,30,3949.170901968813,356.889826104988,2020-08-08T12:48:10Z,45.51406667,7.81360000,1010.00,31.939
6882,4,31,3950.170901968813,357.889826104988,2020-08-08T12:48:11Z,45.51418333,7.81366667,1009.00,31.953
6883,4,32,3951.170901968813,358.889826104988,2020-08-08T12:48:12Z,45.51431667,7.81373333,1010.00,31.969
6884,4,33,3952.170901968813,359.889826104988,2020-08-08T12:48:13Z,45.51441667,7.81381667,1010.00,31.981
6885,4,34,3953.170901968813,360.889826104988,2020-08-08T12:48:14Z,45.51450000,7.81391667,1010.00,31.991
6886,4,35,3954.170901968813,361.889826104988,2020-08-08T12:48:15Z,45.51455000,7.81405000,1009.00,31.999
6887,4,36,3955.170901968813,362.889826104988,2020-08-08T12:48:16Z,45.51451667,7.81418333,1009.00,31.998
6888,4,37,3956.170901968813,363.889826104988,2020-08-08T12:48:17Z,45.51443333,7.81425000,1007.00,31.99
6889,4,38,3957.170901968813,364.889826104988,2020-08-08T12:48:18Z,45.51431667,7.81421667,1004.00,31.977
6890,4,39,3958.170901968813,365.889826104988,2020-08-08T12:48:19Z,45.51425000,7.81410000,1004.00,31.967
6891,4,40,3959.170901968813,366.889826104988,2020-08-08T12:48:20Z,45.51420000,7.81400000,1006.00,31.96
6892,4,41,3960.170901968813,367.889826104988,2020-08-08T12:48:21Z,45.51421667,7.81391667,1009.00,31.961
6893,4,42,3961.170901968813,368.889826104988,2020-08-08T12:48:22Z,45.51423333,7.81386667,1013.00,31.962
6894,4,43,3962.170901968813,369.889826104988,2020-08-08T12:48:23Z,45.51425000,7.81380000,1013.00,31.962
6895,4,44,3963.170901968813,370.889826104988,2020-08-08T12:48:24Z,45.51425000,7.81373333,1012.00,31.961
6896,4,45,3964.170901968813,371.889826104988,2020-08-08T12:48:25Z,45.51421667,7.81363333,1009.00,31.956
6897,4,46,3965.170901968813,372.889826104988,2020-08-08T12:48:26Z,45.51416667,7.81351667,1006.00,31.949
6898,4,47,3966.170901968813,373.889826104988,2020-08-08T12:48:27Z,45.51410000,7.81340000,1006.00,31.94
6899,4,48,3967.170901968813,374.889826104988,2020-08-08T12:48:28Z,45.51405000,7.81331667,1009.00,31.933
6900,4,49,3968.170901968813,375.889826104988,2020-08-08T12:48:29Z,45.51400000,7.81326667,1011.00,31.926
6901,4,50,3969.170901968813,376.889826104988,2020-08-08T12:48:30Z,45.51398333,7.81323333,1012.00,31.924
6902,4,51,3970.170901968813,377.889826104988,2020-08-08T12:48:31Z,45.51395000,7.81320000,1012.00,31.92
6903,4,52,3971.170901968813,378.889826104988,2020-08-08T12:48:32Z,45.51391667,7.81316667,1013.00,31.916
6904,4,53,3972.170901968813,379.889826104988,2020-08-08T12:48:33Z,45.51388333,7.81308333,1011.00,31.911
6905,4,54,3973.170901968813,380.889826104988,2020-08-08T12:48:34Z,45.51383333,7.81300000,1009.00,31.904
6906,4,55,3974.170901968813,381.889826104988,2020-08-08T12:48:35Z,45.51376667,7.81288333,1006.00,31.895
6907,4,56,3975.170901968813,382.889826104988,2020-08-08T12:48:36Z,45.51370000,7.81276667,1004.00,31.886
6908,4,57,3976.170901968813,383.889826104988,2020-08-08T12:48:37Z,45.51363333,7.81268333,1004.00,31.877
6909,4,58,3977.170901968813,384.889826104988,2020-08-08T12:48:38Z,45.51356667,7.81260000,1004.00,31.869
6910,4,59,3978.170901968813,385.889826104988,2020-08-08T12:48:39Z,45.51350000,7.81251667,1004.00,31.86
6911,4,60,3979.170901968813,386.889826104988,2020-08-08T12:48:40Z,45.51343333,7.81245000,1003.00,31.852
6912,4,61,3980.170901968813,387.889826104988,2020-08-08T12:48:41Z,45.51336667,7.81236667,1002.00,31.843
6913,4,62,3981.170901968813,388.889826104988,2020-08-08T12:48:42Z,45.51328333,7.81226667,1002.00,31.832
6914,4,63,3982.170901968813,389.889826104988,2020-08-08T12:48:43Z,45.51321667,7.81216667,1003.00,31.824
6915,4,64,3983.170901968813,390.889826104988,2020-08-08T12:48:44Z,45.51315000,7.81206667,1004.00,31.815
6916,4,65,3984.170901968813,391.889826104988,2020-08-08T12:48:45Z,45.51311667,7.81198333,1006.00,31.81
6917,4,66,3985.170901968813,392.889826104988,2020-08-08T12:48:46Z,45.51306667,7.81190000,1008.00,31.803
6918,4,67,3986.170901968813,393.889826104988,2020-08-08T12:48:47Z,45.51303333,7.81183333,1008.00,31.798
6919,4,68,3987.170901968813,394.889826104988,2020-08-08T12:48:48Z,45.51300000,7.81176667,1009.00,31.794
6920,4,69,3988.170901968813,395.889826104988,2020-08-08T12:48:49Z,45.51295000,7.81170000,1009.00,31.787
6921,4,70,3989.170901968813,396.889826104988,2020-08-08T12:48:50Z,45.51290000,7.81161667,1009.00,31.78
6922,4,71,3990.170901968813,397.889826104988,2020-08-08T12:48:51Z,45.51285000,7.81155000,1011.00,31.774
6923,4,72,3991.170901968813,398.889826104988,2020-08-08T12:48:52Z,45.51281667,7.81146667,1012.00,31.769
6924,4,73,3992.170901968813,399.889826104988,2020-08-08T12:48:53Z,45.51278333,7.81140000,1013.00,31.764
6925,4,74,3993.170901968813,400.889826104988,2020-08-08T12:48:54Z,45.51275000,7.81131667,1012.00,31.759
6926,4,75,3994.170901968813,401.889826104988,2020-08-08T12:48:55Z,45.51271667,7.81125000,1012.00,31.755
6927,4,76,3995.170901968813,402.889826104988,2020-08-08T12:48:56Z,45.51268333,7.81116667,1011.00,31.75
6928,4,77,3996.170901968813,403.889826104988,2020-08-08T12:48:57Z,45.51263333,7.81110000,1011.00,31.743
6929,4,78,3997.170901968813,404.889826104988,2020-08-08T12:48:58Z,45.51258333,7.81105000,1011.00,31.737
6930,4,79,3998.170901968813,405.889826104988,2020-08-08T12:48:59Z,45.51253333,7.81098333,1011.00,31.73
6931,4,80,3999.170901968813,406.889826104988,2020-08-08T12:49:00Z,45.51250000,7.81093333,1011.00,31.726
6932,4,81,4000.170901968813,407.889826104988,2020-08-08T12:49:01Z,45.51245000,7.81088333,1010.00,31.72
6933,4,82,4001.170901968813,408.889826104988,2020-08-08T12:49:02Z,45.51240000,7.81083333,1010.00,31.714
6934,4,83,4002.170901968813,409.889826104988,2020-08-08T12:49:03Z,45.51235000,7.81078333,1008.00,31.707
6935,4,84,4003.170901968813,410.889826104988,2020-08-08T12:49:04Z,45.51228333,7.81075000,1007.00,31.7
6936,4,85,4004.170901968813,411.889826104988,2020-08-08T12:49:05Z,45.51221667,7.81071667,1007.00,31.692
6937,4,86,4005.170901968813,412.889826104988,2020-08-08T12:49:06Z,45.51216667,7.81068333,1008.00,31.686
6938,4,87,4006.170901968813,413.889826104988,2020-08-08T12:49:07Z,45.51211667,7.81065000,1008.00,31.68
6939,4,88,4007.170901968813,414.889826104988,2020-08-08T12:49:08Z,45.51206667,7.81061667,1009.00,31.674
6940,4,89,4008.170901968813,415.889826104988,2020-08-08T12:49:09Z,45.51201667,7.81055000,1010.00,31.667
6941,4,90,4009.170901968813,416.889826104988,2020-08-08T12:49:10Z,45.51196667,7.81048333,1010.00,31.661
6942,4,91,4010.170901968813,417.889826104988,2020-08-08T12:49:11Z,45.51191667,7.81041667,1009.00,31.654
6943,4,92,4011.170901968813,418.889826104988,2020-08-08T12:49:12Z,45.51185000,7.81036667,1010.00,31.646
6944,4,93,4012.170901968813,419.889826104988,2020-08-08T12:49:13Z,45.51178333,7.81031667,1010.00,31.638
6945,4,94,4013.170901968813,420.889826104988,2020-08-08T12:49:14Z,45.51173333,7.81025000,1010.00,31.632
6946,4,95,4014.170901968813,421.889826104988,2020-08-08T12:49:15Z,45.51168333,7.81016667,1011.00,31.625
6947,4,96,4015.170901968813,422.889826104988,2020-08-08T12:49:16Z,45.51161667,7.81010000,1010.00,31.617
6948,4,97,4016.170901968813,423.889826104988,2020-08-08T12:49:17Z,45.51155000,7.81001667,1011.00,31.608
6949,4,98,4017.170901968813,424.889826104988,2020-08-08T12:49:18Z,45.51148333,7.80995000,1011.00,31.6
6950,4,99,4018.170901968813,425.889826104988,2020-08-08T12:49:19Z,45.51143333,7.80990000,1013.00,31.594
6951,4,100,4019.170901968813,426.889826104988,2020-08-08T12:49:20Z,45.51138333,7.80983333,1013.00,31.587
6952,4,101,4020.170901968813,427.889826104988,2020-08-08T12:49:21Z,45.51135000,7.80976667,1014.00,31.583
6953,4,102,4021.170901968813,428.889826104988,2020-08-08T12:49:22Z,45.51131667,7.80968333,1015.00,31.578
6954,4,103,4022.170901968813,429.889826104988,2020-08-08T12:49:23Z,45.51126667,7.80960000,1015.00,31.571
6955,4,104,4023.170901968813,430.889826104988,2020-08-08T12:49:24Z,45.51121667,7.80955000,1014.00,31.565
6956,4,105,4024.170901968813,431.889826104988,2020-08-08T12:49:25Z,45.51115000,7.80950000,1015.00,31.557
6957,4,106,4025.170901968813,432.889826104988,2020-08-08T12:49:26Z,45.51110000,7.80945000,1016.00,31.551
6958,4,107,4026.170901968813,433.889826104988,2020-08-08T12:49:27Z,45.51106667,7.80940000,1018.00,31.546
6959,4,108,4027.170901968813,434.889826104988,2020-08-08T12:49:28Z,45.51103333,7.80933333,1019.00,31.542
6960,4,109,4028.170901968813,435.889826104988,2020-08-08T12:49:29Z,45.51100000,7.80928333,1020.00,31.537
6961,4,110,4029.170901968813,436.889826104988,2020-08-08T12:49:30Z,45.51096667,7.80921667,1021.00,31.533
6962,4,111,4030.170901968813,437.889826104988,2020-08-08T12:49:31Z,45.51093333,7.80915000,1021.00,31.528
6963,4,112,4031.170901968813,438.889826104988,2020-08-08T12:49:32Z,45.51090000,7.80908333,1021.00,31.523
6964,4,113,4032.170901968813,439.889826104988,2020-08-08T12:49:33Z,45.51086667,7.80901667,1022.00,31.519
6965,4,114,4033.170901968813,440.889826104988,2020-08-08T12:49:34Z,45.51081667,7.80896667,1023.00,31.513
6966,4,115,4034.170901968813,441.889826104988,2020-08-08T12:49:35Z,45.51078333,7.80891667,1024.00,31.508
6967,4,116,4035.170901968813,442.889826104988,2020-08-08T12:49:36Z,45.51075000,7.80888333,1023.00,31.504
6968,4,117,4036.170901968813,443.889826104988,2020-08-08T12:49:37Z,45.51071667,7.80883333,1023.00,31.5
6969,4,118,4037.170901968813,444.889826104988,2020-08-08T12:49:38Z,45.51065000,7.80880000,1020.00,31.492
6970,4,119,4038.170901968813,445.889826104988,2020-08-08T12:49:39Z,45.51056667,7.80875000,1019.00,31.482
6971,4,120,4039.170901968813,446.889826104988,2020-08-08T12:49:40Z,45.51048333,7.80870000,1016.00,31.472
6972,4,121,4040.170901968813,447.889826104988,2020-08-08T12:49:41Z,45.51038333,7.80863333,1016.00,31.46
6973,4,122,4041.170901968813,448.889826104988,2020-08-08T12:49:42Z,45.51031667,7.80856667,1017.00,31.452
6974,4,123,4042.170901968813,449.889826104988,2020-08-08T12:49:43Z,45.51026667,7.80851667,1020.00,31.446
6975,4,124,4043.170901968813,450.889826104988,2020-08-08T12:49:44Z,45.51021667,7.80846667,1021.00,31.44
6976,4,125,4044.170901968813,451.889826104988,2020-08-08T12:49:45Z,45.51016667,7.80841667,1021.00,31.433
6977,4,126,4045.170901968813,452.889826104988,2020-08-08T12:49:46Z,45.51010000,7.80836667,1020.00,31.425
6978,4,127,4046.170901968813,453.889826104988,2020-08-08T12:49:47Z,45.51003333,7.80830000,1019.00,31.417
6979,4,128,4047.170901968813,454.889826104988,2020-08-08T12:49:48Z,45.50995000,7.80821667,1017.00,31.407
6980,4,129,4048.170901968813,455.889826104988,2020-08-08T12:49:49Z,45.50986667,7.80813333,1015.00,31.396
6981,4,130,4049.170901968813,456.889826104988,2020-08-08T12:49:50Z,45.50978333,7.80803333,1016.00,31.386
6982,4,131,4050.170901968813,457.889826104988,2020-08-08T12:49:51Z,45.50971667,7.80796667,1018.00,31.378
6983,4,132,4051.170901968813,458.889826104988,2020-08-08T12:49:52Z,45.50965000,7.80790000,1020.00,31.369
6984,4,133,4052.170901968813,459.889826104988,2020-08-08T12:49:53Z,45.50961667,7.80783333,1020.00,31.365
6985,4,134,4053.170901968813,460.889826104988,2020-08-08T12:49:54Z,45.50956667,7.80778333,1020.00,31.359
6986,4,135,4054.170901968813,461.889826104988,2020-08-08T12:49:55Z,45.50950000,7.80771667,1019.00,31.35
6987,4,136,4055.170901968813,462.889826104988,2020-08-08T12:49:56Z,45.50941667,7.80765000,1018.00,31.34
6988,4,137,4056.170901968813,463.889826104988,2020-08-08T12:49:57Z,45.50930000,7.80758333,1016.00,31.326
6989,4,138,4057.170901968813,464.889826104988,2020-08-08T12:49:58Z,45.50918333,7.80753333,1015.00,31.313
6990,4,139,4058.170901968813,465.889826104988,2020-08-08T12:49:59Z,45.50906667,7.80748333,1014.00,31.3
6991,4,140,4059.170901968813,466.889826104988,2020-08-08T12:50:00Z,45.50895000,7.80745000,1016.00,31.286
6992,4,141,4060.170901968813,467.889826104988,2020-08-08T12:50:01Z,45.50885000,7.80740000,1018.00,31.275
6993,4,142,4061.170901968813,468.889826104988,2020-08-08T12:50:02Z,45.50878333,7.80736667,1019.00,31.267
6994,4,143,4062.170901968813,469.889826104988,2020-08-08T12:50:03Z,45.50871667,7.80731667,1021.00,31.259
6995,4,144,4063.170901968813,470.889826104988,2020-08-08T12:50:04Z,45.50863333,7.80728333,1020.00,31.249
6996,4,145,4064.170901968813,471.889826104988,2020-08-08T12:50:05Z,45.50855000,7.80726667,1018.00,31.24
6997,4,146,4065.170901968813,472.889826104988,2020-08-08T12:50:06Z,45.50845000,7.80723333,1015.00,31.229
6998,4,147,4066.170901968813,473.889826104988,2020-08-08T12:50:07Z,45.50835000,7.80721667,1013.00,31.217
6999,4,148,4067.170901968813,474.889826104988,2020-08-08T12:50:08Z,45.50825000,7.80718333,1011.00,31.206
7000,4,149,4068.170901968813,475.889826104988,2020-08-08T12:50:09Z,45.50815000,7.80716667,1011.00,31.195
7001,4,150,4069.170901968813,476.889826104988,2020-08-08T12:50:10Z,45.50806667,7.80713333,1011.00,31.185
7002,4,151,4070.170901968813,477.889826104988,2020-08-08T12:50:11Z,45.50796667,7.80711667,1010.00,31.174
7003,4,152,4071.170901968813,478.889826104988,2020-08-08T12:50:12Z,45.50788333,7.80708333,1011.00,31.164
7004,4,153,4072.170901968813,479.889826104988,2020-08-08T12:50:13Z,45.50776667,7.80705000,1010.00,31.151
7005,4,154,4073.170901968813,480.889826104988,2020-08-08T12:50:14Z,45.50766667,7.80701667,1009.00,31.14
7006,4,155,4074.170901968813,481.889826104988,2020-08-08T12:50:15Z,45.50753333,7.80698333,1008.00,31.125
7007,4,156,4075.170901968813,482.889826104988,2020-08-08T12:50:16Z,45.50740000,7.80696667,1007.00,31.11
7008,4,157,4076.170901968813,483.889826104988,2020-08-08T12:50:17Z,45.50728333,7.80695000,1006.00,31.097
7009,4,158,4077.170901968813,484.889826104988,2020-08-08T12:50:18Z,45.50715000,7.80695000,1005.00,31.082
7010,4,159,4078.170901968813,485.889826104988,2020-08-08T12:50:19Z,45.50703333,7.80691667,1005.00,31.069
7011,4,160,4079.170901968813,486.889826104988,2020-08-08T12:50:20Z,45.50690000,7.80690000,1007.00,31.054
7012,4,161,4080.170901968813,487.889826104988,2020-08-08T12:50:21Z,45.50678333,7.80686667,1006.00,31.041
7013,4,162,4081.170901968813,488.889826104988,2020-08-08T12:50:22Z,45.50666667,7.80685000,1006.00,31.028
7014,4,163,4082.170901968813,489.889826104988,2020-08-08T12:50:23Z,45.50655000,7.80683333,1006.00,31.015
7015,4,164,4083.170901968813,490.889826104988,2020-08-08T12:50:24Z,45.50643333,7.80683333,1005.00,31.002
7016,4,165,4084.170901968813,491.889826104988,2020-08-08T12:50:25Z,45.50631667,7.80681667,1004.00,30.989
7017,4,166,4085.170901968813,492.889826104988,2020-08-08T12:50:26Z,45.50620000,7.80681667,1002.00,30.977
7018,4,167,4086.170901968813,493.889826104988,2020-08-08T12:50:27Z,45.50608333,7.80680000,1001.00,30.964
7019,4,168,4087.170901968813,494.889826104988,2020-08-08T12:50:28Z,45.50596667,7.80680000,999.00,30.951
7020,4,169,4088.170901968813,495.889826104988,2020-08-08T12:50:29Z,45.50585000,7.80678333,997.00,30.938
7021,4,170,4089.170901968813,496.889826104988,2020-08-08T12:50:30Z,45.50571667,7.80676667,994.00,30.923
7022,4,171,4090.170901968813,497.889826104988,2020-08-08T12:50:31Z,45.50560000,7.80676667,993.00,30.91
7023,4,172,4091.170901968813,498.889826104988,2020-08-08T12:50:32Z,45.50546667,7.80675000,992.00,30.896
7024,4,173,4092.170901968813,499.889826104988,2020-08-08T12:50:33Z,45.50535000,7.80673333,990.00,30.883
7025,4,174,4093.170901968813,500.889826104988,2020-08-08T12:50:34Z,45.50523333,7.80671667,988.00,30.87
7026,4,175,4094.170901968813,501.889826104988,2020-08-08T12:50:35Z,45.50511667,7.80668333,986.00,30.856
7027,4,176,4095.170901968813,502.889826104988,2020-08-08T12:50:36Z,45.50500000,7.80666667,984.00,30.843
7028,4,177,4096.170901968813,503.889826104988,2020-08-08T12:50:37Z,45.50486667,7.80663333,982.00,30.828
7029,4,178,4097.170901968813,504.889826104988,2020-08-08T12:50:38Z,45.50473333,7.80661667,979.00,30.814
7030,4,179,4098.170901968813,505.889826104988,2020-08-08T12:50:39Z,45.50460000,7.80661667,977.00,30.799
7031,4,180,4099.170901968813,506.889826104988,2020-08-08T12:50:40Z,45.50446667,7.80660000,976.00,30.784
7032,4,181,4100.170901968813,507.889826104988,2020-08-08T12:50:41Z,45.50435000,7.80660000,974.00,30.771
7033,4,182,4101.170901968813,508.889826104988,2020-08-08T12:50:42Z,45.50423333,7.80656667,974.00,30.758
7034,4,183,4102.170901968813,509.889826104988,2020-08-08T12:50:43Z,45.50411667,7.80655000,972.00,30.745
7035,4,184,4103.170901968813,510.889826104988,2020-08-08T12:50:44Z,45.50400000,7.80650000,971.00,30.732
7036,4,185,4104.170901968813,511.889826104988,2020-08-08T12:50:45Z,45.50388333,7.80646667,969.00,30.719
7037,4,186,4105.170901968813,512.889826104988,2020-08-08T12:50:46Z,45.50376667,7.80643333,965.00,30.705
7038,4,187,4106.170901968813,513.889826104988,2020-08-08T12:50:47Z,45.50363333,7.80640000,962.00,30.69
7039,4,188,4107.170901968813,514.889826104988,2020-08-08T12:50:48Z,45.50350000,7.80636667,959.00,30.675
7040,4,189,4108.170901968813,515.889826104988,2020-08-08T12:50:49Z,45.50335000,7.80633333,957.00,30.658
7041,4,190,4109.170901968813,516.889826104988,2020-08-08T12:50:50Z,45.50321667,7.80631667,955.00,30.644
7042,4,191,4110.170901968813,517.889826104988,2020-08-08T12:50:51Z,45.50306667,7.80628333,953.00,30.627
7043,4,192,4111.170901968813,518.889826104988,2020-08-08T12:50:52Z,45.50293333,7.80625000,952.00,30.612
7044,4,193,4112.170901968813,519.889826104988,2020-08-08T12:50:53Z,45.50280000,7.80621667,950.00,30.597
7045,4,194,4113.170901968813,520.889826104988,2020-08-08T12:50:54Z,45.50266667,7.80620000,949.00,30.582
7046,4,195,4114.170901968813,521.889826104988,2020-08-08T12:50:55Z,45.50251667,7.80616667,949.00,30.565
7047,4,196,4115.170901968813,522.889826104988,2020-08-08T12:50:56Z,45.50238333,7.80613333,947.00,30.55
7048,4,197,4116.170901968813,523.889826104988,2020-08-08T12:50:57Z,45.50225000,7.80610000,946.00,30.535
7049,4,198,4117.170901968813,524.889826104988,2020-08-08T12:50:58Z,45.50211667,7.80608333,944.00,30.52
7050,4,199,4118.170901968813,525.889826104988,2020-08-08T12:50:59Z,45.50198333,7.80606667,942.00,30.505
7051,4,200,4119.170901968813,526.889826104988,2020-08-08T12:51:00Z,45.50185000,7.80603333,940.00,30.49
7052,4,201,4120.170901968813,527.889826104988,2020-08-08T12:51:01Z,45.50171667,7.80601667,938.00,30.475
7053,4,202,4121.170901968813,528.889826104988,2020-08-08T12:51:02Z,45.50158333,7.80601667,937.00,30.461
7054,4,203,4122.170901968813,529.889826104988,2020-08-08T12:51:03Z,45.50145000,7.80600000,935.00,30.446
7055,4,204,4123.170901968813,530.889826104988,2020-08-08T12:51:04Z,45.50131667,7.80601667,935.00,30.432
7056,4,205,4124.170901968813,531.889826104988,2020-08-08T12:51:05Z,45.50118333,7.80601667,934.00,30.417
7057,4,206,4125.170901968813,532.889826104988,2020-08-08T12:51:06Z,45.50105000,7.80601667,932.00,30.403
7058,4,207,4126.170901968813,533.889826104988,2020-08-08T12:51:07Z,45.50095000,7.80601667,933.00,30.392
7059,4,208,4127.170901968813,534.889826104988,2020-08-08T12:51:08Z,45.50085000,7.80600000,934.00,30.381
7060,4,209,4128.170901968813,535.889826104988,2020-08-08T12:51:09Z,45.50078333,7.80596667,937.00,30.373
7061,4,210,4129.170901968813,536.889826104988,2020-08-08T12:51:10Z,45.50073333,7.80593333,938.00,30.367
7062,4,211,4130.170901968813,537.889826104988,2020-08-08T12:51:11Z,45.50066667,7.80590000,937.00,30.359
7063,4,212,4131.170901968813,538.889826104988,2020-08-08T12:51:12Z,45.50060000,7.80588333,935.00,30.351
7064,4,213,4132.170901968813,539.889826104988,2020-08-08T12:51:13Z,45.50051667,7.80588333,933.00,30.342
7065,4,214,4133.170901968813,540.889826104988,2020-08-08T12:51:14Z,45.50040000,7.80590000,931.00,30.33
7066,4,215,4134.170901968813,541.889826104988,2020-08-08T12:51:15Z,45.50030000,7.80591667,929.00,30.319
7067,4,216,4135.170901968813,542.889826104988,2020-08-08T12:51:16Z,45.50020000,7.80591667,929.00,30.308
7068,4,217,4136.170901968813,543.889826104988,2020-08-08T12:51:17Z,45.50013333,7.80591667,931.00,30.301
7069,4,218,4137.170901968813,544.889826104988,2020-08-08T12:51:18Z,45.50008333,7.80593333,932.00,30.296
7070,4,219,4138.170901968813,545.889826104988,2020-08-08T12:51:19Z,45.50003333,7.80593333,933.00,30.29
7071,4,220,4139.170901968813,546.889826104988,2020-08-08T12:51:20Z,45.49996667,7.80596667,933.00,30.284
7072,4,221,4140.170901968813,547.889826104988,2020-08-08T12:51:21Z,45.49990000,7.80598333,932.00,30.277
7073,4,222,4141.170901968813,548.889826104988,2020-08-08T12:51:22Z,45.49983333,7.80603333,930.00,30.27
7074,4,223,4142.170901968813,549.889826104988,2020-08-08T12:51:23Z,45.49975000,7.80606667,929.00,30.261
7075,4,224,4143.170901968813,550.889826104988,2020-08-08T12:51:24Z,45.49966667,7.80610000,930.00,30.253
7076,4,225,4144.170901968813,551.889826104988,2020-08-08T12:51:25Z,45.49960000,7.80611667,932.00,30.246
7077,4,226,4145.170901968813,552.889826104988,2020-08-08T12:51:26Z,45.49953333,7.80613333,934.00,30.239
7078,4,227,4146.170901968813,553.889826104988,2020-08-08T12:51:27Z,45.49950000,7.80615000,936.00,30.235
7079,4,228,4147.170901968813,554.889826104988,2020-08-08T12:51:28Z,45.49945000,7.80615000,937.00,30.23
7080,4,229,4148.170901968813,555.889826104988,2020-08-08T12:51:29Z,45.49940000,7.80611667,938.00,30.224
7081,4,230,4149.170901968813,556.889826104988,2020-08-08T12:51:30Z,45.49935000,7.80603333,937.00,30.217
7082,4,231,4150.170901968813,557.889826104988,2020-08-08T12:51:31Z,45.49933333,7.80590000,939.00,30.213
7083,4,232,4151.170901968813,558.889826104988,2020-08-08T12:51:32Z,45.49938333,7.80576667,939.00,30.217
7084,4,233,4152.170901968813,559.889826104988,2020-08-08T12:51:33Z,45.49948333,7.80566667,939.00,30.226
7085,4,234,4153.170901968813,560.889826104988,2020-08-08T12:51:34Z,45.49961667,7.80565000,939.00,30.241
7086,4,235,4154.170901968813,561.889826104988,2020-08-08T12:51:35Z,45.49975000,7.80568333,940.00,30.256
7087,4,236,4155.170901968813,562.889826104988,2020-08-08T12:51:36Z,45.49986667,7.80575000,941.00,30.269
7088,4,237,4156.170901968813,563.889826104988,2020-08-08T12:51:37Z,45.49993333,7.80583333,943.00,30.278
7089,4,238,4157.170901968813,564.889826104988,2020-08-08T12:51:38Z,45.50000000,7.80591667,945.00,30.286
7090,4,239,4158.170901968813,565.889826104988,2020-08-08T12:51:39Z,45.50003333,7.80600000,946.00,30.291
7091,4,240,4159.170901968813,566.889826104988,2020-08-08T12:51:40Z,45.50006667,7.80608333,947.00,30.296
7092,4,241,4160.170901968813,567.889826104988,2020-08-08T12:51:41Z,45.50010000,7.80618333,946.00,30.301
7093,4,242,4161.170901968813,568.889826104988,2020-08-08T12:51:42Z,45.50011667,7.80630000,946.00,30.305
7094,4,243,4162.170901968813,569.889826104988,2020-08-08T12:51:43Z,45.50010000,7.80640000,945.00,30.305
7095,4,244,4163.170901968813,570.889826104988,2020-08-08T12:51:44Z,45.50005000,7.80648333,945.00,30.3
7096,4,245,4164.170901968813,571.889826104988,2020-08-08T12:51:45Z,45.49996667,7.80650000,945.00,30.292
7097,4,246,4165.170901968813,572.889826104988,2020-08-08T12:51:46Z,45.49988333,7.80646667,945.00,30.282
7098,4,247,4166.170901968813,573.889826104988,2020-08-08T12:51:47Z,45.49983333,7.80635000,945.00,30.275
7099,4,248,4167.170901968813,574.889826104988,2020-08-08T12:51:48Z,45.49983333,7.80621667,945.00,30.273
7100,4,249,4168.170901968813,575.889826104988,2020-08-08T12:51:49Z,45.49986667,7.80606667,945.00,30.274
7101,4,250,4169.170901968813,576.889826104988,2020-08-08T12:51:50Z,45.49993333,7.80593333,946.00,30.279
7102,4,251,4170.170901968813,577.889826104988,2020-08-08T12:51:51Z,45.50003333,7.80583333,947.00,30.289
7103,4,252,4171.170901968813,578.889826104988,2020-08-08T12:51:52Z,45.50013333,7.80576667,948.00,30.299
7104,4,253,4172.170901968813,579.889826104988,2020-08-08T12:51:53Z,45.50023333,7.80575000,947.00,30.309
7105,4,254,4173.170901968813,580.889826104988,2020-08-08T12:51:54Z,45.50033333,7.80578333,948.00,30.321
7106,4,255,4174.170901968813,581.889826104988,2020-08-08T12:51:55Z,45.50041667,7.80586667,947.00,30.331
7107,4,256,4175.170901968813,582.889826104988,2020-08-08T12:51:56Z,45.50048333,7.80598333,947.00,30.34
7108,4,257,4176.170901968813,583.889826104988,2020-08-08T12:51:57Z,45.50051667,7.80610000,946.00,30.346
7109,4,258,4177.170901968813,584.889826104988,2020-08-08T12:51:58Z,45.50051667,7.80623333,945.00,30.348
7110,4,259,4178.170901968813,585.889826104988,2020-08-08T12:51:59Z,45.50050000,7.80633333,945.00,30.347
7111,4,260,4179.170901968813,586.889826104988,2020-08-08T12:52:00Z,45.50046667,7.80643333,945.00,30.345
7112,4,261,4180.170901968813,587.889826104988,2020-08-08T12:52:01Z,45.50041667,7.80650000,944.00,30.341
7113,4,262,4181.170901968813,588.889826104988,2020-08-08T12:52:02Z,45.50036667,7.80656667,944.00,30.336
7114,4,263,4182.170901968813,589.889826104988,2020-08-08T12:52:03Z,45.50030000,7.80663333,943.00,30.33
7115,4,264,4183.170901968813,590.889826104988,2020-08-08T12:52:04Z,45.50023333,7.80668333,943.00,30.324
7116,4,265,4184.170901968813,591.889826104988,2020-08-08T12:52:05Z,45.50018333,7.80673333,945.00,30.319
7117,4,266,4185.170901968813,592.889826104988,2020-08-08T12:52:06Z,45.50013333,7.80678333,946.00,30.314
7118,4,267,4186.170901968813,593.889826104988,2020-08-08T12:52:07Z,45.50010000,7.80681667,946.00,30.311
7119,4,268,4187.170901968813,594.889826104988,2020-08-08T12:52:08Z,45.50006667,7.80686667,946.00,30.308
7120,4,269,4188.170901968813,595.889826104988,2020-08-08T12:52:09Z,45.50003333,7.80691667,945.00,30.305
7121,4,270,4189.170901968813,596.889826104988,2020-08-08T12:52:10Z,45.50000000,7.80698333,944.00,30.303
7122,4,271,4190.170901968813,597.889826104988,2020-08-08T12:52:11Z,45.49993333,7.80703333,943.00,30.296
7123,4,272,4191.170901968813,598.889826104988,2020-08-08T12:52:12Z,45.49988333,7.80708333,943.00,30.292
7124,4,273,4192.170901968813,599.889826104988,2020-08-08T12:52:13Z,45.49981667,7.80711667,941.00,30.285
7125,4,274,4193.170901968813,600.889826104988,2020-08-08T12:52:14Z,45.49973333,7.80713333,942.00,30.276
7126,4,275,4194.170901968813,601.889826104988,2020-08-08T12:52:15Z,45.49966667,7.80715000,942.00,30.269
7127,4,276,4195.170901968813,602.889826104988,2020-08-08T12:52:16Z,45.49960000,7.80716667,944.00,30.262
7128,4,277,4196.170901968813,603.889826104988,2020-08-08T12:52:17Z,45.49953333,7.80716667,946.00,30.255
7129,4,278,4197.170901968813,604.889826104988,2020-08-08T12:52:18Z,45.49948333,7.80716667,948.00,30.249
7130,4,279,4198.170901968813,605.889826104988,2020-08-08T12:52:19Z,45.49943333,7.80716667,949.00,30.244
7131,4,280,4199.170901968813,606.889826104988,2020-08-08T12:52:20Z,45.49938333,7.80716667,951.00,30.238
7132,4,281,4200.170901968813,607.889826104988,2020-08-08T12:52:21Z,45.49933333,7.80718333,953.00,30.233
7133,4,282,4201.170901968813,608.889826104988,2020-08-08T12:52:22Z,45.49930000,7.80718333,954.00,30.229
7134,4,283,4202.170901968813,609.889826104988,2020-08-08T12:52:23Z,45.49925000,7.80718333,955.00,30.224
7135,4,284,4203.170901968813,610.889826104988,2020-08-08T12:52:24Z,45.49921667,7.80715000,955.00,30.22
7136,4,285,4204.170901968813,611.889826104988,2020-08-08T12:52:25Z,45.49918333,7.80710000,954.00,30.215
7137,4,286,4205.170901968813,612.889826104988,2020-08-08T12:52:26Z,45.49916667,7.80701667,953.00,30.212
7138,4,287,4206.170901968813,613.889826104988,2020-08-08T12:52:27Z,45.49915000,7.80691667,951.00,30.209
7139,4,288,4207.170901968813,614.889826104988,2020-08-08T12:52:28Z,45.49915000,7.80676667,950.00,30.207
7140,4,289,4208.170901968813,615.889826104988,2020-08-08T12:52:29Z,45.49916667,7.80660000,950.00,30.206
7141,4,290,4209.170901968813,616.889826104988,2020-08-08T12:52:30Z,45.49918333,7.80643333,950.00,30.205
7142,4,291,4210.170901968813,617.889826104988,2020-08-08T12:52:31Z,45.49921667,7.80626667,951.00,30.206
7143,4,292,4211.170901968813,618.889826104988,2020-08-08T12:52:32Z,45.49925000,7.80611667,953.00,30.208
7144,4,293,4212.170901968813,619.889826104988,2020-08-08T12:52:33Z,45.49931667,7.80598333,954.00,30.213
7145,4,294,4213.170901968813,620.889826104988,2020-08-08T12:52:34Z,45.49940000,7.80588333,955.00,30.221
7146,4,295,4214.170901968813,621.889826104988,2020-08-08T12:52:35Z,45.49951667,7.80581667,955.00,30.232
7147,4,296,4215.170901968813,622.889826104988,2020-08-08T12:52:36Z,45.49965000,7.80578333,955.00,30.246
7148,4,297,4216.170901968813,623.889826104988,2020-08-08T12:52:37Z,45.49976667,7.80581667,956.00,30.26
7149,4,298,4217.170901968813,624.889826104988,2020-08-08T12:52:38Z,45.49986667,7.80586667,957.00,30.271
7150,4,299,4218.170901968813,625.889826104988,2020-08-08T12:52:39Z,45.49993333,7.80595000,958.00,30.28
7151,4,300,4219.170901968813,626.889826104988,2020-08-08T12:52:40Z,45.49998333,7.80605000,959.00,30.287
7152,4,301,4220.170901968813,627.889826104988,2020-08-08T12:52:41Z,45.50003333,7.80616667,958.00,30.294
7153,4,302,4221.170901968813,628.889826104988,2020-08-08T12:52:42Z,45.50006667,7.80628333,959.00,30.299
7154,4,303,4222.170901968813,629.889826104988,2020-08-08T12:52:43Z,45.50008333,7.80638333,960.00,30.303
7155,4,304,4223.170901968813,630.889826104988,2020-08-08T12:52:44Z,45.50008333,7.80648333,961.00,30.304
7156,4,305,4224.170901968813,631.889826104988,2020-08-08T12:52:45Z,45.50006667,7.80656667,963.00,30.304
7157,4,306,4225.170901968813,632.889826104988,2020-08-08T12:52:46Z,45.50003333,7.80660000,964.00,30.3
7158,4,307,4226.170901968813,633.889826104988,2020-08-08T12:52:47Z,45.50000000,7.80663333,966.00,30.297
7159,4,308,4227.170901968813,634.889826104988,2020-08-08T12:52:48Z,45.49995000,7.80663333,967.00,30.292
7160,4,309,4228.170901968813,635.889826104988,2020-08-08T12:52:49Z,45.49991667,7.80661667,968.00,30.288
7161,4,310,4229.170901968813,636.889826104988,2020-08-08T12:52:50Z,45.49986667,7.80655000,968.00,30.282
7162,4,311,4230.170901968813,637.889826104988,2020-08-08T12:52:51Z,45.49983333,7.80645000,969.00,30.276
7163,4,312,4231.170901968813,638.889826104988,2020-08-08T12:52:52Z,45.49981667,7.80631667,969.00,30.273
7164,4,313,4232.170901968813,639.889826104988,2020-08-08T12:52:53Z,45.49983333,7.80618333,970.00,30.272
7165,4,314,4233.170901968813,640.889826104988,2020-08-08T12:52:54Z,45.49986667,7.80606667,971.00,30.274
7166,4,315,4234.170901968813,641.889826104988,2020-08-08T12:52:55Z,45.49995000,7.80595000,972.00,30.282
7167,4,316,4235.170901968813,642.889826104988,2020-08-08T12:52:56Z,45.50003333,7.80586667,973.00,30.289
7168,4,317,4236.170901968813,643.889826104988,2020-08-08T12:52:57Z,45.50013333,7.80581667,973.00,30.3
7169,4,318,4237.170901968813,644.889826104988,2020-08-08T12:52:58Z,45.50023333,7.80583333,973.00,30.311
7170,4,319,4238.170901968813,645.889826104988,2020-08-08T12:52:59Z,45.50033333,7.80586667,973.00,30.322
7171,4,320,4239.170901968813,646.889826104988,2020-08-08T12:53:00Z,45.50040000,7.80595000,973.00,30.331
7172,4,321,4240.170901968813,647.889826104988,2020-08-08T12:53:01Z,45.50046667,7.80605000,974.00,30.339
7173,4,322,4241.170901968813,648.889826104988,2020-08-08T12:53:02Z,45.50050000,7.80616667,974.00,30.345
7174,4,323,4242.170901968813,649.889826104988,2020-08-08T12:53:03Z,45.50051667,7.80630000,974.00,30.349
7175,4,324,4243.170901968813,650.889826104988,2020-08-08T12:53:04Z,45.50053333,7.80643333,976.00,30.352
7176,4,325,4244.170901968813,651.889826104988,2020-08-08T12:53:05Z,45.50053333,7.80655000,977.00,30.354
7177,4,326,4245.170901968813,652.889826104988,2020-08-08T12:53:06Z,45.50051667,7.80665000,979.00,30.354
7178,4,327,4246.170901968813,653.889826104988,2020-08-08T12:53:07Z,45.50048333,7.80670000,981.00,30.351
7179,4,328,4247.170901968813,654.889826104988,2020-08-08T12:53:08Z,45.50045000,7.80673333,981.00,30.348
7180,4,329,4248.170901968813,655.889826104988,2020-08-08T12:53:09Z,45.50038333,7.80676667,980.00,30.341
7181,4,330,4249.170901968813,656.889826104988,2020-08-08T12:53:10Z,45.50031667,7.80675000,980.00,30.334
7182,4,331,4250.170901968813,657.889826104988,2020-08-08T12:53:11Z,45.50026667,7.80668333,980.00,30.327
7183,4,332,4251.170901968813,658.889826104988,2020-08-08T12:53:12Z,45.50023333,7.80656667,980.00,30.322
7184,4,333,4252.170901968813,659.889826104988,2020-08-08T12:53:13Z,45.50021667,7.80643333,979.00,30.318
7185,4,334,4253.170901968813,660.889826104988,2020-08-08T12:53:14Z,45.50025000,7.80626667,979.00,30.319
7186,4,335,4254.170901968813,661.889826104988,2020-08-08T12:53:15Z,45.50030000,7.80613333,979.00,30.322
7187,4,336,4255.170901968813,662.889826104988,2020-08-08T12:53:16Z,45.50036667,7.80601667,981.00,30.328
7188,4,337,4256.170901968813,663.889826104988,2020-08-08T12:53:17Z,45.50046667,7.80590000,981.00,30.337
7189,4,338,4257.170901968813,664.889826104988,2020-08-08T12:53:18Z,45.50056667,7.80583333,984.00,30.347
7190,4,339,4258.170901968813,665.889826104988,2020-08-08T12:53:19Z,45.50066667,7.80578333,985.00,30.357
7191,4,340,4259.170901968813,666.889826104988,2020-08-08T12:53:20Z,45.50078333,7.80576667,986.00,30.37
7192,4,341,4260.170901968813,667.889826104988,2020-08-08T12:53:21Z,45.50088333,7.80580000,987.00,30.381
7193,4,342,4261.170901968813,668.889826104988,2020-08-08T12:53:22Z,45.50098333,7.80588333,988.00,30.393
7194,4,343,4262.170901968813,669.889826104988,2020-08-08T12:53:23Z,45.50105000,7.80600000,988.00,30.402
7195,4,344,4263.170901968813,670.889826104988,2020-08-08T12:53:24Z,45.50108333,7.80613333,988.00,30.408
7196,4,345,4264.170901968813,671.889826104988,2020-08-08T12:53:25Z,45.50110000,7.80626667,989.00,30.412
7197,4,346,4265.170901968813,672.889826104988,2020-08-08T12:53:26Z,45.50110000,7.80638333,991.00,30.414
7198,4,347,4266.170901968813,673.889826104988,2020-08-08T12:53:27Z,45.50110000,7.80648333,993.00,30.415
7199,4,348,4267.170901968813,674.889826104988,2020-08-08T12:53:28Z,45.50110000,7.80656667,994.00,30.416
7200,4,349,4268.170901968813,675.889826104988,2020-08-08T12:53:29Z,45.50106667,7.80661667,994.00,30.413
7201,4,350,4269.170901968813,676.889826104988,2020-08-08T12:53:30Z,45.50101667,7.80666667,994.00,30.409
7202,4,351,4270.170901968813,677.889826104988,2020-08-08T12:53:31Z,45.50095000,7.80665000,994.00,30.401
7203,4,352,4271.170901968813,678.889826104988,2020-08-08T12:53:32Z,45.50088333,7.80658333,993.00,30.393
7204,4,353,4272.170901968813,679.889826104988,2020-08-08T12:53:33Z,45.50086667,7.80646667,993.00,30.389
7205,4,354,4273.170901968813,680.889826104988,2020-08-08T12:53:34Z,45.50088333,7.80633333,992.00,30.389
7206,4,355,4274.170901968813,681.889826104988,2020-08-08T12:53:35Z,45.50095000,7.80616667,990.00,30.394
7207,4,356,4275.170901968813,682.889826104988,2020-08-08T12:53:36Z,45.50105000,7.80603333,989.00,30.403
7208,4,357,4276.170901968813,683.889826104988,2020-08-08T12:53:37Z,45.50116667,7.80593333,990.00,30.414
7209,4,358,4277.170901968813,684.889826104988,2020-08-08T12:53:38Z,45.50130000,7.80586667,990.00,30.428
7210,4,359,4278.170901968813,685.889826104988,2020-08-08T12:53:39Z,45.50141667,7.80585000,992.00,30.44
7211,4,360,4279.170901968813,686.889826104988,2020-08-08T12:53:40Z,45.50153333,7.80588333,994.00,30.453
7212,4,361,4280.170901968813,687.889826104988,2020-08-08T12:53:41Z,45.50161667,7.80595000,996.00,30.463
7213,4,362,4281.170901968813,688.889826104988,2020-08-08T12:53:42Z,45.50170000,7.80601667,997.00,30.474
7214,4,363,4282.170901968813,689.889826104988,2020-08-08T12:53:43Z,45.50176667,7.80610000,997.00,30.482
7215,4,364,4283.170901968813,690.889826104988,2020-08-08T12:53:44Z,45.50181667,7.80618333,998.00,30.489
7216,4,365,4284.170901968813,691.889826104988,2020-08-08T12:53:45Z,45.50185000,7.80628333,999.00,30.494
7217,4,366,4285.170901968813,692.889826104988,2020-08-08T12:53:46Z,45.50186667,7.80638333,998.00,30.497
7218,4,367,4286.170901968813,693.889826104988,2020-08-08T12:53:47Z,45.50186667,7.80650000,1000.00,30.499
7219,4,368,4287.170901968813,694.889826104988,2020-08-08T12:53:48Z,45.50186667,7.80660000,1001.00,30.5
7220,4,369,4288.170901968813,695.889826104988,2020-08-08T12:53:49Z,45.50188333,7.80670000,1001.00,30.504
7221,4,370,4289.170901968813,696.889826104988,2020-08-08T12:53:50Z,45.50188333,7.80678333,1002.00,30.505
7222,4,371,4290.170901968813,697.889826104988,2020-08-08T12:53:51Z,45.50185000,7.80683333,1002.00,30.502
7223,4,372,4291.170901968813,698.889826104988,2020-08-08T12:53:52Z,45.50181667,7.80688333,1002.00,30.499
7224,4,373,4292.170901968813,699.889826104988,2020-08-08T12:53:53Z,45.50175000,7.80693333,999.00,30.493
7225,4,374,4293.170901968813,700.889826104988,2020-08-08T12:53:54Z,45.50170000,7.80700000,999.00,30.488
7226,4,375,4294.170901968813,701.889826104988,2020-08-08T12:53:55Z,45.50163333,7.80708333,999.00,30.482
7227,4,376,4295.170901968813,702.889826104988,2020-08-08T12:53:56Z,45.50158333,7.80715000,999.00,30.478
7228,4,377,4296.170901968813,703.889826104988,2020-08-08T12:53:57Z,45.50153333,7.80720000,1000.00,30.473
7229,4,378,4297.170901968813,704.889826104988,2020-08-08T12:53:58Z,45.50148333,7.80721667,1002.00,30.468
7230,4,379,4298.170901968813,705.889826104988,2020-08-08T12:53:59Z,45.50145000,7.80721667,1003.00,30.464
7231,4,380,4299.170901968813,706.889826104988,2020-08-08T12:54:00Z,45.50140000,7.80721667,1003.00,30.459
7232,4,381,4300.170901968813,707.889826104988,2020-08-08T12:54:01Z,45.50135000,7.80725000,1002.00,30.454
7233,4,382,4301.170901968813,708.889826104988,2020-08-08T12:54:02Z,45.50130000,7.80728333,1001.00,30.449
7234,4,383,4302.170901968813,709.889826104988,2020-08-08T12:54:03Z,45.50123333,7.80730000,1001.00,30.442
7235,4,384,4303.170901968813,710.889826104988,2020-08-08T12:54:04Z,45.50118333,7.80731667,1002.00,30.437
7236,4,385,4304.170901968813,711.889826104988,2020-08-08T12:54:05Z,45.50113333,7.80731667,1001.00,30.431
7237,4,386,4305.170901968813,712.889826104988,2020-08-08T12:54:06Z,45.50108333,7.80731667,1001.00,30.426
7238,4,387,4306.170901968813,713.889826104988,2020-08-08T12:54:07Z,45.50101667,7.80731667,1001.00,30.419
7239,4,388,4307.170901968813,714.889826104988,2020-08-08T12:54:08Z,45.50095000,7.80731667,1000.00,30.411
7240,4,389,4308.170901968813,715.889826104988,2020-08-08T12:54:09Z,45.50088333,7.80731667,1000.00,30.404
7241,4,390,4309.170901968813,716.889826104988,2020-08-08T12:54:10Z,45.50081667,7.80731667,1000.00,30.397
7242,4,391,4310.170901968813,717.889826104988,2020-08-08T12:54:11Z,45.50076667,7.80731667,1000.00,30.391
7243,4,392,4311.170901968813,718.889826104988,2020-08-08T12:54:12Z,45.50068333,7.80730000,999.00,30.382
7244,4,393,4312.170901968813,719.889826104988,2020-08-08T12:54:13Z,45.50060000,7.80728333,997.00,30.373
7245,4,394,4313.170901968813,720.889826104988,2020-08-08T12:54:14Z,45.50051667,7.80726667,994.00,30.363
7246,4,395,4314.170901968813,721.889826104988,2020-08-08T12:54:15Z,45.50041667,7.80725000,992.00,30.352
7247,4,396,4315.170901968813,722.889826104988,2020-08-08T12:54:16Z,45.50033333,7.80721667,990.00,30.343
7248,4,397,4316.170901968813,723.889826104988,2020-08-08T12:54:17Z,45.50025000,7.80720000,989.00,30.333
7249,4,398,4317.170901968813,724.889826104988,2020-08-08T12:54:18Z,45.50016667,7.80716667,988.00,30.324
7250,4,399,4318.170901968813,725.889826104988,2020-08-08T12:54:19Z,45.50008333,7.80715000,986.00,30.314
7251,4,400,4319.170901968813,726.889826104988,2020-08-08T12:54:20Z,45.50000000,7.80713333,985.00,30.305
7252,4,401,4320.170901968813,727.889826104988,2020-08-08T12:54:21Z,45.49991667,7.80711667,985.00,30.296
7253,4,402,4321.170901968813,728.889826104988,2020-08-08T12:54:22Z,45.49983333,7.80710000,984.00,30.286
7254,4,403,4322.170901968813,729.889826104988,2020-08-08T12:54:23Z,45.49975000,7.80708333,984.00,30.277
7255,4,404,4323.170901968813,730.889826104988,2020-08-08T12:54:24Z,45.49966667,7.80708333,982.00,30.268
7256,4,405,4324.170901968813,731.889826104988,2020-08-08T12:54:25Z,45.49956667,7.80706667,981.00,30.257
7257,4,406,4325.170901968813,732.889826104988,2020-08-08T12:54:26Z,45.49948333,7.80706667,980.00,30.248
7258,4,407,4326.170901968813,733.889826104988,2020-08-08T12:54:27Z,45.49940000,7.80705000,979.00,30.238
7259,4,408,4327.170901968813,734.889826104988,2020-08-08T12:54:28Z,45.49931667,7.80701667,979.00,30.229
7260,4,409,4328.170901968813,735.889826104988,2020-08-08T12:54:29Z,45.49923333,7.80700000,980.00,30.219
7261,4,410,4329.170901968813,736.889826104988,2020-08-08T12:54:30Z,45.49915000,7.80700000,980.00,30.21
7262,4,411,4330.170901968813,737.889826104988,2020-08-08T12:54:31Z,45.49908333,7.80698333,980.00,30.203
7263,4,412,4331.170901968813,738.889826104988,2020-08-08T12:54:32Z,45.49900000,7.80693333,980.00,30.193
7264,4,413,4332.170901968813,739.889826104988,2020-08-08T12:54:33Z,45.49893333,7.80688333,981.00,30.185
7265,4,414,4333.170901968813,740.889826104988,2020-08-08T12:54:34Z,45.49886667,7.80685000,982.00,30.177
7266,4,415,4334.170901968813,741.889826104988,2020-08-08T12:54:35Z,45.49880000,7.80681667,983.00,30.169
7267,4,416,4335.170901968813,742.889826104988,2020-08-08T12:54:36Z,45.49873333,7.80680000,984.00,30.162
7268,4,417,4336.170901968813,743.889826104988,2020-08-08T12:54:37Z,45.49866667,7.80680000,985.00,30.155
7269,4,418,4337.170901968813,744.889826104988,2020-08-08T12:54:38Z,45.49860000,7.80680000,986.00,30.147
7270,4,419,4338.170901968813,745.889826104988,2020-08-08T12:54:39Z,45.49853333,7.80678333,988.00,30.14
7271,4,420,4339.170901968813,746.889826104988,2020-08-08T12:54:40Z,45.49848333,7.80673333,989.00,30.134
7272,4,421,4340.170901968813,747.889826104988,2020-08-08T12:54:41Z,45.49846667,7.80663333,991.00,30.13
7273,4,422,4341.170901968813,748.889826104988,2020-08-08T12:54:42Z,45.49848333,7.80651667,990.00,30.13
7274,4,423,4342.170901968813,749.889826104988,2020-08-08T12:54:43Z,45.49853333,7.80636667,990.00,30.133
7275,4,424,4343.170901968813,750.889826104988,2020-08-08T12:54:44Z,45.49865000,7.80623333,990.00,30.144
7276,4,425,4344.170901968813,751.889826104988,2020-08-08T12:54:45Z,45.49878333,7.80618333,991.00,30.158
7277,4,426,4345.170901968813,752.889826104988,2020-08-08T12:54:46Z,45.49890000,7.80621667,991.00,30.171
7278,4,427,4346.170901968813,753.889826104988,2020-08-08T12:54:47Z,45.49900000,7.80631667,991.00,30.183
7279,4,428,4347.170901968813,754.889826104988,2020-08-08T12:54:48Z,45.49906667,7.80645000,991.00,30.193
7280,4,429,4348.170901968813,755.889826104988,2020-08-08T12:54:49Z,45.49908333,7.80660000,991.00,30.197
7281,4,430,4349.170901968813,756.889826104988,2020-08-08T12:54:50Z,45.49908333,7.80673333,992.00,30.199
7282,4,431,4350.170901968813,757.889826104988,2020-08-08T12:54:51Z,45.49905000,7.80685000,992.00,30.197
7283,4,432,4351.170901968813,758.889826104988,2020-08-08T12:54:52Z,45.49901667,7.80693333,994.00,30.195
7284,4,433,4352.170901968813,759.889826104988,2020-08-08T12:54:53Z,45.49896667,7.80700000,996.00,30.19
7285,4,434,4353.170901968813,760.889826104988,2020-08-08T12:54:54Z,45.49891667,7.80701667,998.00,30.185
7286,4,435,4354.170901968813,761.889826104988,2020-08-08T12:54:55Z,45.49886667,7.80701667,1001.00,30.18
7287,4,436,4355.170901968813,762.889826104988,2020-08-08T12:54:56Z,45.49880000,7.80696667,1003.00,30.172
7288,4,437,4356.170901968813,763.889826104988,2020-08-08T12:54:57Z,45.49876667,7.80686667,1004.00,30.166
7289,4,438,4357.170901968813,764.889826104988,2020-08-08T12:54:58Z,45.49875000,7.80675000,1006.00,30.163
7290,4,439,4358.170901968813,765.889826104988,2020-08-08T12:54:59Z,45.49876667,7.80661667,1008.00,30.163
7291,4,440,4359.170901968813,766.889826104988,2020-08-08T12:55:00Z,45.49881667,7.80648333,1009.00,30.166
7292,4,441,4360.170901968813,767.889826104988,2020-08-08T12:55:01Z,45.49890000,7.80636667,1010.00,30.173
7293,4,442,4361.170901968813,768.889826104988,2020-08-08T12:55:02Z,45.49900000,7.80631667,1011.00,30.183
7294,4,443,4362.170901968813,769.889826104988,2020-08-08T12:55:03Z,45.49913333,7.80633333,1011.00,30.198
7295,4,444,4363.170901968813,770.889826104988,2020-08-08T12:55:04Z,45.49923333,7.80641667,1011.00,30.21
7296,4,445,4364.170901968813,771.889826104988,2020-08-08T12:55:05Z,45.49928333,7.80656667,1011.00,30.218
7297,4,446,4365.170901968813,772.889826104988,2020-08-08T12:55:06Z,45.49926667,7.80671667,1011.00,30.219
7298,4,447,4366.170901968813,773.889826104988,2020-08-08T12:55:07Z,45.49921667,7.80683333,1012.00,30.215
7299,4,448,4367.170901968813,774.889826104988,2020-08-08T12:55:08Z,45.49913333,7.80690000,1013.00,30.207
7300,4,449,4368.170901968813,775.889826104988,2020-08-08T12:55:09Z,45.49906667,7.80693333,1017.00,30.2
7301,4,450,4369.170901968813,776.889826104988,2020-08-08T12:55:10Z,45.49903333,7.80695000,1021.00,30.197
7302,4,451,4370.170901968813,777.889826104988,2020-08-08T12:55:11Z,45.49900000,7.80695000,1023.00,30.193
7303,4,452,4371.170901968813,778.889826104988,2020-08-08T12:55:12Z,45.49898333,7.80696667,1025.00,30.192
7304,4,453,4372.170901968813,779.889826104988,2020-08-08T12:55:13Z,45.49893333,7.80695000,1024.00,30.186
7305,4,454,4373.170901968813,780.889826104988,2020-08-08T12:55:14Z,45.49888333,7.80690000,1024.00,30.18
7306,4,455,4374.170901968813,781.889826104988,2020-08-08T12:55:15Z,45.49881667,7.80681667,1024.00,30.171
7307,4,456,4375.170901968813,782.889826104988,2020-08-08T12:55:16Z,45.49876667,7.80670000,1025.00,30.164
7308,4,457,4376.170901968813,783.889826104988,2020-08-08T12:55:17Z,45.49876667,7.80656667,1027.00,30.162
7309,4,458,4377.170901968813,784.889826104988,2020-08-08T12:55:18Z,45.49880000,7.80643333,1029.00,30.163
7310,4,459,4378.170901968813,785.889826104988,2020-08-08T12:55:19Z,45.49886667,7.80630000,1029.00,30.169
7311,4,460,4379.170901968813,786.889826104988,2020-08-08T12:55:20Z,45.49896667,7.80620000,1029.00,30.178
7312,4,461,4380.170901968813,787.889826104988,2020-08-08T12:55:21Z,45.49908333,7.80615000,1030.00,30.19
7313,4,462,4381.170901968813,788.889826104988,2020-08-08T12:55:22Z,45.49920000,7.80618333,1031.00,30.203
7314,4,463,4382.170901968813,789.889826104988,2020-08-08T12:55:23Z,45.49930000,7.80628333,1031.00,30.216
7315,4,464,4383.170901968813,790.889826104988,2020-08-08T12:55:24Z,45.49935000,7.80643333,1030.00,30.223
7316,4,465,4384.170901968813,791.889826104988,2020-08-08T12:55:25Z,45.49933333,7.80658333,1030.00,30.224
7317,4,466,4385.170901968813,792.889826104988,2020-08-08T12:55:26Z,45.49928333,7.80668333,1028.00,30.22
7318,4,467,4386.170901968813,793.889826104988,2020-08-08T12:55:27Z,45.49920000,7.80671667,1030.00,30.211
7319,4,468,4387.170901968813,794.889826104988,2020-08-08T12:55:28Z,45.49913333,7.80671667,1031.00,30.204
7320,4,469,4388.170901968813,795.889826104988,2020-08-08T12:55:29Z,45.49906667,7.80668333,1033.00,30.196
7321,4,470,4389.170901968813,796.889826104988,2020-08-08T12:55:30Z,45.49900000,7.80668333,1035.00,30.189
7322,4,471,4390.170901968813,797.889826104988,2020-08-08T12:55:31Z,45.49895000,7.80666667,1036.00,30.183
7323,4,472,4391.170901968813,798.889826104988,2020-08-08T12:55:32Z,45.49888333,7.80666667,1037.00,30.176
7324,4,473,4392.170901968813,799.889826104988,2020-08-08T12:55:33Z,45.49881667,7.80665000,1039.00,30.169
7325,4,474,4393.170901968813,800.889826104988,2020-08-08T12:55:34Z,45.49875000,7.80663333,1041.00,30.161
7326,4,475,4394.170901968813,801.889826104988,2020-08-08T12:55:35Z,45.49868333,7.80660000,1042.00,30.153
7327,4,476,4395.170901968813,802.889826104988,2020-08-08T12:55:36Z,45.49863333,7.80660000,1042.00,30.148
7328,4,477,4396.170901968813,803.889826104988,2020-08-08T12:55:37Z,45.49856667,7.80660000,1042.00,30.141
7329,4,478,4397.170901968813,804.889826104988,2020-08-08T12:55:38Z,45.49848333,7.80660000,1040.00,30.131
7330,4,479,4398.170901968813,805.889826104988,2020-08-08T12:55:39Z,45.49841667,7.80656667,1038.00,30.124
7331,4,480,4399.170901968813,806.889826104988,2020-08-08T12:55:40Z,45.49831667,7.80651667,1035.00,30.112
7332,4,481,4400.170901968813,807.889826104988,2020-08-08T12:55:41Z,45.49823333,7.80645000,1033.00,30.102
7333,4,482,4401.170901968813,808.889826104988,2020-08-08T12:55:42Z,45.49813333,7.80636667,1032.00,30.09
7334,4,483,4402.170901968813,809.889826104988,2020-08-08T12:55:43Z,45.49803333,7.80630000,1032.00,30.078
7335,4,484,4403.170901968813,810.889826104988,2020-08-08T12:55:44Z,45.49796667,7.80625000,1034.00,30.07
7336,4,485,4404.170901968813,811.889826104988,2020-08-08T12:55:45Z,45.49791667,7.80620000,1037.00,30.064
7337,4,486,4405.170901968813,812.889826104988,2020-08-08T12:55:46Z,45.49788333,7.80616667,1039.00,30.059
7338,4,487,4406.170901968813,813.889826104988,2020-08-08T12:55:47Z,45.49785000,7.80613333,1040.00,30.055
7339,4,488,4407.170901968813,814.889826104988,2020-08-08T12:55:48Z,45.49781667,7.80610000,1040.00,30.051
7340,4,489,4408.170901968813,815.889826104988,2020-08-08T12:55:49Z,45.49776667,7.80605000,1039.00,30.045
7341,4,490,4409.170901968813,816.889826104988,2020-08-08T12:55:50Z,45.49770000,7.80600000,1037.00,30.037
7342,4,491,4410.170901968813,817.889826104988,2020-08-08T12:55:51Z,45.49761667,7.80593333,1034.00,30.027
7343,4,492,4411.170901968813,818.889826104988,2020-08-08T12:55:52Z,45.49750000,7.80586667,1030.00,30.013
7344,4,493,4412.170901968813,819.889826104988,2020-08-08T12:55:53Z,45.49736667,7.80578333,1030.00,29.997
7345,4,494,4413.170901968813,820.889826104988,2020-08-08T12:55:54Z,45.49726667,7.80568333,1030.00,29.985
7346,4,495,4414.170901968813,821.889826104988,2020-08-08T12:55:55Z,45.49718333,7.80560000,1034.00,29.974
7347,4,496,4415.170901968813,822.889826104988,2020-08-08T12:55:56Z,45.49713333,7.80551667,1036.00,29.968
7348,4,497,4416.170901968813,823.889826104988,2020-08-08T12:55:57Z,45.49708333,7.80543333,1039.00,29.961
7349,4,498,4417.170901968813,824.889826104988,2020-08-08T12:55:58Z,45.49701667,7.80536667,1040.00,29.953
7350,4,499,4418.170901968813,825.889826104988,2020-08-08T12:55:59Z,45.49695000,7.80530000,1042.00,29.944
7351,4,500,4419.170901968813,826.889826104988,2020-08-08T12:56:00Z,45.49688333,7.80523333,1044.00,29.936
7352,4,501,4420.170901968813,827.889826104988,2020-08-08T12:56:01Z,45.49681667,7.80518333,1046.00,29.928
7353,4,502,4421.170901968813,828.889826104988,2020-08-08T12:56:02Z,45.49675000,7.80515000,1048.00,29.92
7354,4,503,4422.170901968813,829.889826104988,2020-08-08T12:56:03Z,45.49668333,7.80511667,1051.00,29.913
7355,4,504,4423.170901968813,830.889826104988,2020-08-08T12:56:04Z,45.49661667,7.80506667,1053.00,29.905
7356,4,505,4424.170901968813,831.889826104988,2020-08-08T12:56:05Z,45.49656667,7.80500000,1055.00,29.898
7357,4,506,4425.170901968813,832.889826104988,2020-08-08T12:56:06Z,45.49651667,7.80490000,1055.00,29.891
7358,4,507,4426.170901968813,833.889826104988,2020-08-08T12:56:07Z,45.49646667,7.80480000,1056.00,29.884
7359,4,508,4427.170901968813,834.889826104988,2020-08-08T12:56:08Z,45.49641667,7.80468333,1058.00,29.877
7360,4,509,4428.170901968813,835.889826104988,2020-08-08T12:56:09Z,45.49635000,7.80458333,1059.00,29.868
7361,4,510,4429.170901968813,836.889826104988,2020-08-08T12:56:10Z,45.49630000,7.80450000,1061.00,29.862
7362,4,511,4430.170901968813,837.889826104988,2020-08-08T12:56:11Z,45.49623333,7.80440000,1063.00,29.853
7363,4,512,4431.170901968813,838.889826104988,2020-08-08T12:56:12Z,45.49618333,7.80430000,1065.00,29.846
7364,4,513,4432.170901968813,839.889826104988,2020-08-08T12:56:13Z,45.49613333,7.80418333,1067.00,29.839
7365,4,514,4433.170901968813,840.889826104988,2020-08-08T12:56:14Z,45.49608333,7.80406667,1071.00,29.832
7366,4,515,4434.170901968813,841.889826104988,2020-08-08T12:56:15Z,45.49605000,7.80393333,1073.00,29.826
7367,4,516,4435.170901968813,842.889826104988,2020-08-08T12:56:16Z,45.49606667,7.80380000,1076.00,29.826
7368,4,517,4436.170901968813,843.889826104988,2020-08-08T12:56:17Z,45.49610000,7.80366667,1077.00,29.828
7369,4,518,4437.170901968813,844.889826104988,2020-08-08T12:56:18Z,45.49616667,7.80353333,1078.00,29.833
7370,4,519,4438.170901968813,845.889826104988,2020-08-08T12:56:19Z,45.49628333,7.80345000,1080.00,29.844
7371,4,520,4439.170901968813,846.889826104988,2020-08-08T12:56:20Z,45.49640000,7.80343333,1080.00,29.857
7372,4,521,4440.170901968813,847.889826104988,2020-08-08T12:56:21Z,45.49650000,7.80350000,1081.00,29.869
7373,4,522,4441.170901968813,848.889826104988,2020-08-08T12:56:22Z,45.49655000,7.80363333,1080.00,29.876
7374,4,523,4442.170901968813,849.889826104988,2020-08-08T12:56:23Z,45.49655000,7.80378333,1081.00,29.878
7375,4,524,4443.170901968813,850.889826104988,2020-08-08T12:56:24Z,45.49648333,7.80386667,1082.00,29.872
7376,4,525,4444.170901968813,851.889826104988,2020-08-08T12:56:25Z,45.49641667,7.80391667,1085.00,29.866
7377,4,526,4445.170901968813,852.889826104988,2020-08-08T12:56:26Z,45.49635000,7.80390000,1087.00,29.858
7378,4,527,4446.170901968813,853.889826104988,2020-08-08T12:56:27Z,45.49628333,7.80386667,1090.00,29.85
7379,4,528,4447.170901968813,854.889826104988,2020-08-08T12:56:28Z,45.49621667,7.80381667,1093.00,29.842
7380,4,529,4448.170901968813,855.889826104988,2020-08-08T12:56:29Z,45.49616667,7.80371667,1095.00,29.836
7381,4,530,4449.170901968813,856.889826104988,2020-08-08T12:56:30Z,45.49613333,7.80360000,1097.00,29.83
7382,4,531,4450.170901968813,857.889826104988,2020-08-08T12:56:31Z,45.49611667,7.80346667,1097.00,29.826
7383,4,532,4451.170901968813,858.889826104988,2020-08-08T12:56:32Z,45.49615000,7.80331667,1097.00,29.828
7384,4,533,4452.170901968813,859.889826104988,2020-08-08T12:56:33Z,45.49623333,7.80318333,1098.00,29.835
7385,4,534,4453.170901968813,860.889826104988,2020-08-08T12:56:34Z,45.49631667,7.80311667,1100.00,29.843
7386,4,535,4454.170901968813,861.889826104988,2020-08-08T12:56:35Z,45.49641667,7.80310000,1100.00,29.854
7387,4,536,4455.170901968813,862.889826104988,2020-08-08T12:56:36Z,45.49650000,7.80315000,1101.00,29.864
7388,4,537,4456.170901968813,863.889826104988,2020-08-08T12:56:37Z,45.49656667,7.80323333,1100.00,29.872
7389,4,538,4457.170901968813,864.889826104988,2020-08-08T12:56:38Z,45.49660000,7.80335000,1101.00,29.878
7390,4,539,4458.170901968813,865.889826104988,2020-08-08T12:56:39Z,45.49663333,7.80348333,1103.00,29.883
7391,4,540,4459.170901968813,866.889826104988,2020-08-08T12:56:40Z,45.49663333,7.80360000,1105.00,29.885
7392,4,541,4460.170901968813,867.889826104988,2020-08-08T12:56:41Z,45.49663333,7.80370000,1108.00,29.886
7393,4,542,4461.170901968813,868.889826104988,2020-08-08T12:56:42Z,45.49663333,7.80378333,1111.00,29.888
7394,4,543,4462.170901968813,869.889826104988,2020-08-08T12:56:43Z,45.49661667,7.80386667,1114.00,29.887
7395,4,544,4463.170901968813,870.889826104988,2020-08-08T12:56:44Z,45.49656667,7.80391667,1115.00,29.882
7396,4,545,4464.170901968813,871.889826104988,2020-08-08T12:56:45Z,45.49651667,7.80393333,1118.00,29.877
7397,4,546,4465.170901968813,872.889826104988,2020-08-08T12:56:46Z,45.49645000,7.80393333,1119.00,29.87
7398,4,547,4466.170901968813,873.889826104988,2020-08-08T12:56:47Z,45.49638333,7.80391667,1120.00,29.862
7399,4,548,4467.170901968813,874.889826104988,2020-08-08T12:56:48Z,45.49631667,7.80385000,1121.00,29.854
7400,4,549,4468.170901968813,875.889826104988,2020-08-08T12:56:49Z,45.49630000,7.80373333,1122.00,29.85
7401,4,550,4469.170901968813,876.889826104988,2020-08-08T12:56:50Z,45.49630000,7.80360000,1124.00,29.848
7402,4,551,4470.170901968813,877.889826104988,2020-08-08T12:56:51Z,45.49633333,7.80346667,1124.00,29.85
7403,4,552,4471.170901968813,878.889826104988,2020-08-08T12:56:52Z,45.49640000,7.80333333,1125.00,29.856
7404,4,553,4472.170901968813,879.889826104988,2020-08-08T12:56:53Z,45.49650000,7.80326667,1124.00,29.866
7405,4,554,4473.170901968813,880.889826104988,2020-08-08T12:56:54Z,45.49660000,7.80325000,1123.00,29.876
7406,4,555,4474.170901968813,881.889826104988,2020-08-08T12:56:55Z,45.49671667,7.80331667,1123.00,29.89
7407,4,556,4475.170901968813,882.889826104988,2020-08-08T12:56:56Z,45.49681667,7.80343333,1123.00,29.903
7408,4,557,4476.170901968813,883.889826104988,2020-08-08T12:56:57Z,45.49690000,7.80356667,1124.00,29.914
7409,4,558,4477.170901968813,884.889826104988,2020-08-08T12:56:58Z,45.49695000,7.80370000,1127.00,29.921
7410,4,559,4478.170901968813,885.889826104988,2020-08-08T12:56:59Z,45.49698333,7.80381667,1131.00,29.926
7411,4,560,4479.170901968813,886.889826104988,2020-08-08T12:57:00Z,45.49701667,7.80391667,1135.00,29.931
7412,4,561,4480.170901968813,887.889826104988,2020-08-08T12:57:01Z,45.49701667,7.80401667,1137.00,29.933
7413,4,562,4481.170901968813,888.889826104988,2020-08-08T12:57:02Z,45.49701667,7.80413333,1141.00,29.934
7414,4,563,4482.170901968813,889.889826104988,2020-08-08T12:57:03Z,45.49700000,7.80423333,1144.00,29.934
7415,4,564,4483.170901968813,890.889826104988,2020-08-08T12:57:04Z,45.49696667,7.80431667,1148.00,29.932
7416,4,565,4484.170901968813,891.889826104988,2020-08-08T12:57:05Z,45.49691667,7.80435000,1150.00,29.927
7417,4,566,4485.170901968813,892.889826104988,2020-08-08T12:57:06Z,45.49685000,7.80431667,1153.00,29.919
7418,4,567,4486.170901968813,893.889826104988,2020-08-08T12:57:07Z,45.49680000,7.80423333,1155.00,29.912
7419,4,568,4487.170901968813,894.889826104988,2020-08-08T12:57:08Z,45.49676667,7.80411667,1155.00,29.907
7420,4,569,4488.170901968813,895.889826104988,2020-08-08T12:57:09Z,45.49678333,7.80396667,1157.00,29.907
7421,4,570,4489.170901968813,896.889826104988,2020-08-08T12:57:10Z,45.49685000,7.80381667,1158.00,29.912
7422,4,571,4490.170901968813,897.889826104988,2020-08-08T12:57:11Z,45.49695000,7.80370000,1160.00,29.921
7423,4,572,4491.170901968813,898.889826104988,2020-08-08T12:57:12Z,45.49706667,7.80366667,1161.00,29.933
7424,4,573,4492.170901968813,899.889826104988,2020-08-08T12:57:13Z,45.49720000,7.80370000,1163.00,29.948
7425,4,574,4493.170901968813,900.889826104988,2020-08-08T12:57:14Z,45.49730000,7.80376667,1165.00,29.96
7426,4,575,4494.170901968813,901.889826104988,2020-08-08T12:57:15Z,45.49736667,7.80388333,1167.00,29.969
7427,4,576,4495.170901968813,902.889826104988,2020-08-08T12:57:16Z,45.49740000,7.80400000,1171.00,29.974
7428,4,577,4496.170901968813,903.889826104988,2020-08-08T12:57:17Z,45.49740000,7.80413333,1173.00,29.976
7429,4,578,4497.170901968813,904.889826104988,2020-08-08T12:57:18Z,45.49738333,7.80425000,1176.00,29.976
7430,4,579,4498.170901968813,905.889826104988,2020-08-08T12:57:19Z,45.49733333,7.80436667,1178.00,29.972
7431,4,580,4499.170901968813,906.889826104988,2020-08-08T12:57:20Z,45.49726667,7.80448333,1180.00,29.967
7432,4,581,4500.170901968813,907.889826104988,2020-08-08T12:57:21Z,45.49720000,7.80455000,1184.00,29.961
7433,4,582,4501.170901968813,908.889826104988,2020-08-08T12:57:22Z,45.49713333,7.80458333,1187.00,29.954
7434,4,583,4502.170901968813,909.889826104988,2020-08-08T12:57:23Z,45.49706667,7.80455000,1189.00,29.946
7435,4,584,4503.170901968813,910.889826104988,2020-08-08T12:57:24Z,45.49701667,7.80446667,1190.00,29.939
7436,4,585,4504.170901968813,911.889826104988,2020-08-08T12:57:25Z,45.49698333,7.80435000,1190.00,29.934
7437,4,586,4505.170901968813,912.889826104988,2020-08-08T12:57:26Z,45.49700000,7.80420000,1190.00,29.934
7438,4,587,4506.170901968813,913.889826104988,2020-08-08T12:57:27Z,45.49705000,7.80405000,1190.00,29.937
7439,4,588,4507.170901968813,914.889826104988,2020-08-08T12:57:28Z,45.49715000,7.80393333,1191.00,29.946
7440,4,589,4508.170901968813,915.889826104988,2020-08-08T12:57:29Z,45.49726667,7.80388333,1191.00,29.958
7441,4,590,4509.170901968813,916.889826104988,2020-08-08T12:57:30Z,45.49738333,7.80388333,1193.00,29.971
7442,4,591,4510.170901968813,917.889826104988,2020-08-08T12:57:31Z,45.49750000,7.80393333,1195.00,29.984
7443,4,592,4511.170901968813,918.889826104988,2020-08-08T12:57:32Z,45.49758333,7.80405000,1197.00,29.995
7444,4,593,4512.170901968813,919.889826104988,2020-08-08T12:57:33Z,45.49761667,7.80416667,1199.00,30.0
7445,4,594,4513.170901968813,920.889826104988,2020-08-08T12:57:34Z,45.49763333,7.80431667,1200.00,30.004
7446,4,595,4514.170901968813,921.889826104988,2020-08-08T12:57:35Z,45.49760000,7.80446667,1201.00,30.003
7447,4,596,4515.170901968813,922.889826104988,2020-08-08T12:57:36Z,45.49755000,7.80458333,1203.00,29.999
7448,4,597,4516.170901968813,923.889826104988,2020-08-08T12:57:37Z,45.49746667,7.80466667,1205.00,29.991
7449,4,598,4517.170901968813,924.889826104988,2020-08-08T12:57:38Z,45.49738333,7.80471667,1207.00,29.983
7450,4,599,4518.170901968813,925.889826104988,2020-08-08T12:57:39Z,45.49731667,7.80468333,1208.00,29.975
7451,4,600,4519.170901968813,926.889826104988,2020-08-08T12:57:40Z,45.49725000,7.80461667,1209.00,29.967
7452,4,601,4520.170901968813,927.889826104988,2020-08-08T12:57:41Z,45.49721667,7.80451667,1209.00,29.962
7453,4,602,4521.170901968813,928.889826104988,2020-08-08T12:57:42Z,45.49721667,7.80436667,1210.00,29.96
7454,4,603,4522.170901968813,929.889826104988,2020-08-08T12:57:43Z,45.49725000,7.80423333,1211.00,29.961
7455,4,604,4523.170901968813,930.889826104988,2020-08-08T12:57:44Z,45.49730000,7.80413333,1212.00,29.965
7456,4,605,4524.170901968813,931.889826104988,2020-08-08T12:57:45Z,45.49740000,7.80406667,1214.00,29.975
7457,4,606,4525.170901968813,932.889826104988,2020-08-08T12:57:46Z,45.49750000,7.80403333,1217.00,29.986
7458,4,607,4526.170901968813,933.889826104988,2020-08-08T12:57:47Z,45.49760000,7.80405000,1219.00,29.997
7459,4,608,4527.170901968813,934.889826104988,2020-08-08T12:57:48Z,45.49768333,7.80411667,1221.00,30.007
7460,4,609,4528.170901968813,935.889826104988,2020-08-08T12:57:49Z,45.49775000,7.80423333,1222.00,30.016
7461,4,610,4529.170901968813,936.889826104988,2020-08-08T12:57:50Z,45.49778333,7.80436667,1224.00,30.022
7462,4,611,4530.170901968813,937.889826104988,2020-08-08T12:57:51Z,45.49778333,7.80450000,1226.00,30.024
7463,4,612,4531.170901968813,938.889826104988,2020-08-08T12:57:52Z,45.49775000,7.80460000,1227.00,30.021
7464,4,613,4532.170901968813,939.889826104988,2020-08-08T12:57:53Z,45.49770000,7.80466667,1229.00,30.017
7465,4,614,4533.170901968813,940.889826104988,2020-08-08T12:57:54Z,45.49765000,7.80470000,1231.00,30.012
7466,4,615,4534.170901968813,941.889826104988,2020-08-08T12:57:55Z,45.49760000,7.80471667,1233.00,30.007
7467,4,616,4535.170901968813,942.889826104988,2020-08-08T12:57:56Z,45.49755000,7.80470000,1233.00,30.001
7468,4,617,4536.170901968813,943.889826104988,2020-08-08T12:57:57Z,45.49748333,7.80466667,1233.00,29.993
7469,4,618,4537.170901968813,944.889826104988,2020-08-08T12:57:58Z,45.49740000,7.80461667,1230.00,29.983
7470,4,619,4538.170901968813,945.889826104988,2020-08-08T12:57:59Z,45.49730000,7.80456667,1229.00,29.972
7471,4,620,4539.170901968813,946.889826104988,2020-08-08T12:58:00Z,45.49718333,7.80451667,1228.00,29.958
7472,4,621,4540.170901968813,947.889826104988,2020-08-08T12:58:01Z,45.49706667,7.80445000,1227.00,29.945
7473,4,622,4541.170901968813,948.889826104988,2020-08-08T12:58:02Z,45.49695000,7.80440000,1225.00,29.931
7474,4,623,4542.170901968813,949.889826104988,2020-08-08T12:58:03Z,45.49681667,7.80433333,1225.00,29.916
7475,4,624,4543.170901968813,950.889826104988,2020-08-08T12:58:04Z,45.49670000,7.80426667,1224.00,29.902
7476,4,625,4544.170901968813,951.889826104988,2020-08-08T12:58:05Z,45.49658333,7.80420000,1223.00,29.888
7477,4,626,4545.170901968813,952.889826104988,2020-08-08T12:58:06Z,45.49645000,7.80413333,1221.00,29.873
7478,4,627,4546.170901968813,953.889826104988,2020-08-08T12:58:07Z,45.49631667,7.80408333,1217.00,29.857
7479,4,628,4547.170901968813,954.889826104988,2020-08-08T12:58:08Z,45.49616667,7.80401667,1214.00,29.84
7480,4,629,4548.170901968813,955.889826104988,2020-08-08T12:58:09Z,45.49603333,7.80395000,1211.00,29.824
7481,4,630,4549.170901968813,956.889826104988,2020-08-08T12:58:10Z,45.49588333,7.80388333,1207.00,29.807
7482,4,631,4550.170901968813,957.889826104988,2020-08-08T12:58:11Z,45.49573333,7.80380000,1205.00,29.789
7483,4,632,4551.170901968813,958.889826104988,2020-08-08T12:58:12Z,45.49558333,7.80373333,1203.00,29.772
7484,4,633,4552.170901968813,959.889826104988,2020-08-08T12:58:13Z,45.49545000,7.80365000,1201.00,29.756
7485,4,634,4553.170901968813,960.889826104988,2020-08-08T12:58:14Z,45.49530000,7.80358333,1200.00,29.739
7486,4,635,4554.170901968813,961.889826104988,2020-08-08T12:58:15Z,45.49516667,7.80350000,1198.00,29.723
7487,4,636,4555.170901968813,962.889826104988,2020-08-08T12:58:16Z,45.49503333,7.80343333,1195.00,29.708
7488,4,637,4556.170901968813,963.889826104988,2020-08-08T12:58:17Z,45.49488333,7.80335000,1193.00,29.69
7489,4,638,4557.170901968813,964.889826104988,2020-08-08T12:58:18Z,45.49475000,7.80328333,1190.00,29.674
7490,4,639,4558.170901968813,965.889826104988,2020-08-08T12:58:19Z,45.49461667,7.80320000,1187.00,29.659
7491,4,640,4559.170901968813,966.889826104988,2020-08-08T12:58:20Z,45.49446667,7.80313333,1185.00,29.641
7492,4,641,4560.170901968813,967.889826104988,2020-08-08T12:58:21Z,45.49433333,7.80306667,1183.00,29.626
7493,4,642,4561.170901968813,968.889826104988,2020-08-08T12:58:22Z,45.49420000,7.80298333,1181.00,29.61
7494,4,643,4562.170901968813,969.889826104988,2020-08-08T12:58:23Z,45.49406667,7.80290000,1179.00,29.594
7495,4,644,4563.170901968813,970.889826104988,2020-08-08T12:58:24Z,45.49395000,7.80280000,1177.00,29.58
7496,4,645,4564.170901968813,971.889826104988,2020-08-08T12:58:25Z,45.49381667,7.80271667,1176.00,29.564
7497,4,646,4565.170901968813,972.889826104988,2020-08-08T12:58:26Z,45.49368333,7.80265000,1173.00,29.549
7498,4,647,4566.170901968813,973.889826104988,2020-08-08T12:58:27Z,45.49355000,7.80258333,1171.00,29.533
7499,4,648,4567.170901968813,974.889826104988,2020-08-08T12:58:28Z,45.49343333,7.80251667,1169.00,29.52
7500,4,649,4568.170901968813,975.889826104988,2020-08-08T12:58:29Z,45.49330000,7.80243333,1167.00,29.504
7501,4,650,4569.170901968813,976.889826104988,2020-08-08T12:58:30Z,45.49316667,7.80235000,1165.00,29.488
7502,4,651,4570.170901968813,977.889826104988,2020-08-08T12:58:31Z,45.49303333,7.80226667,1162.00,29.472
7503,4,652,4571.170901968813,978.889826104988,2020-08-08T12:58:32Z,45.49291667,7.80218333,1160.00,29.458
7504,4,653,4572.170901968813,979.889826104988,2020-08-08T12:58:33Z,45.49276667,7.80211667,1158.00,29.441
7505,4,654,4573.170901968813,980.889826104988,2020-08-08T12:58:34Z,45.49265000,7.80203333,1158.00,29.427
7506,4,655,4574.170901968813,981.889826104988,2020-08-08T12:58:35Z,45.49251667,7.80195000,1157.00,29.411
7507,4,656,4575.170901968813,982.889826104988,2020-08-08T12:58:36Z,45.49240000,7.80186667,1155.00,29.397
7508,4,657,4576.170901968813,983.889826104988,2020-08-08T12:58:37Z,45.49228333,7.80178333,1153.00,29.383
7509,4,658,4577.170901968813,984.889826104988,2020-08-08T12:58:38Z,45.49216667,7.80168333,1151.00,29.369
7510,4,659,4578.170901968813,985.889826104988,2020-08-08T12:58:39Z,45.49205000,7.80158333,1148.00,29.355
7511,4,660,4579.170901968813,986.889826104988,2020-08-08T12:58:40Z,45.49191667,7.80148333,1147.00,29.339
7512,4,661,4580.170901968813,987.889826104988,2020-08-08T12:58:41Z,45.49180000,7.80138333,1145.00,29.325
7513,4,662,4581.170901968813,988.889826104988,2020-08-08T12:58:42Z,45.49166667,7.80126667,1142.00,29.309
7514,4,663,4582.170901968813,989.889826104988,2020-08-08T12:58:43Z,45.49155000,7.80115000,1139.00,29.294
7515,4,664,4583.170901968813,990.889826104988,2020-08-08T12:58:44Z,45.49143333,7.80101667,1137.00,29.28
7516,4,665,4584.170901968813,991.889826104988,2020-08-08T12:58:45Z,45.49133333,7.80086667,1135.00,29.267
7517,4,666,4585.170901968813,992.889826104988,2020-08-08T12:58:46Z,45.49121667,7.80073333,1134.00,29.252
7518,4,667,4586.170901968813,993.889826104988,2020-08-08T12:58:47Z,45.49111667,7.80060000,1131.00,29.239
7519,4,668,4587.170901968813,994.889826104988,2020-08-08T12:58:48Z,45.49100000,7.80048333,1129.00,29.225
7520,4,669,4588.170901968813,995.889826104988,2020-08-08T12:58:49Z,45.49090000,7.80038333,1128.00,29.213
7521,4,670,4589.170901968813,996.889826104988,2020-08-08T12:58:50Z,45.49080000,7.80028333,1126.00,29.2
7522,4,671,4590.170901968813,997.889826104988,2020-08-08T12:58:51Z,45.49070000,7.80018333,1126.00,29.188
7523,4,672,4591.170901968813,998.889826104988,2020-08-08T12:58:52Z,45.49060000,7.80008333,1125.00,29.176
7524,4,673,4592.170901968813,999.889826104988,2020-08-08T12:58:53Z,45.49050000,7.80001667,1122.00,29.164
7525,4,674,4593.170901968813,1000.889826104988,2020-08-08T12:58:54Z,45.49040000,7.79998333,1119.00,29.153
7526,4,675,4594.170901968813,1001.889826104988,2020-08-08T12:58:55Z,45.49028333,7.79995000,1116.00,29.139
7527,4,676,4595.170901968813,1002.889826104988,2020-08-08T12:58:56Z,45.49020000,7.79988333,1117.00,29.129
7528,4,677,4596.170901968813,1003.889826104988,2020-08-08T12:58:57Z,45.49011667,7.79980000,1116.00,29.119
7529,4,678,4597.170901968813,1004.889826104988,2020-08-08T12:58:58Z,45.49003333,7.79970000,1116.00,29.109
7530,4,679,4598.170901968813,1005.889826104988,2020-08-08T12:58:59Z,45.48996667,7.79961667,1116.00,29.1
7531,4,680,4599.170901968813,1006.889826104988,2020-08-08T12:59:00Z,45.48990000,7.79956667,1115.00,29.092
7532,4,681,4600.170901968813,1007.889826104988,2020-08-08T12:59:01Z,45.48980000,7.79951667,1114.00,29.081
7533,4,682,4601.170901968813,1008.889826104988,2020-08-08T12:59:02Z,45.48971667,7.79945000,1113.00,29.071
7534,4,683,4602.170901968813,1009.889826104988,2020-08-08T12:59:03Z,45.48961667,7.79938333,1111.00,29.059
7535,4,684,4603.170901968813,1010.889826104988,2020-08-08T12:59:04Z,45.48951667,7.79928333,1109.00,29.047
7536,4,685,4604.170901968813,1011.889826104988,2020-08-08T12:59:05Z,45.48941667,7.79920000,1108.00,29.034
7537,4,686,4605.170901968813,1012.889826104988,2020-08-08T12:59:06Z,45.48931667,7.79910000,1105.00,29.022
7538,4,687,4606.170901968813,1013.889826104988,2020-08-08T12:59:07Z,45.48920000,7.79900000,1102.00,29.008
7539,4,688,4607.170901968813,1014.889826104988,2020-08-08T12:59:08Z,45.48908333,7.79890000,1100.00,28.994
7540,4,689,4608.170901968813,1015.889826104988,2020-08-08T12:59:09Z,45.48896667,7.79881667,1098.00,28.98
7541,4,690,4609.170901968813,1016.889826104988,2020-08-08T12:59:10Z,45.48885000,7.79871667,1095.00,28.966
7542,4,691,4610.170901968813,1017.889826104988,2020-08-08T12:59:11Z,45.48873333,7.79863333,1093.00,28.952
7543,4,692,4611.170901968813,1018.889826104988,2020-08-08T12:59:12Z,45.48860000,7.79851667,1091.00,28.936
7544,4,693,4612.170901968813,1019.889826104988,2020-08-08T12:59:13Z,45.48848333,7.79840000,1089.00,28.922
7545,4,694,4613.170901968813,1020.889826104988,2020-08-08T12:59:14Z,45.48836667,7.79826667,1086.00,28.907
7546,4,695,4614.170901968813,1021.889826104988,2020-08-08T12:59:15Z,45.48823333,7.79813333,1086.00,28.891
7547,4,696,4615.170901968813,1022.889826104988,2020-08-08T12:59:16Z,45.48810000,7.79803333,1084.00,28.875
7548,4,697,4616.170901968813,1023.889826104988,2020-08-08T12:59:17Z,45.48796667,7.79795000,1084.00,28.859
7549,4,698,4617.170901968813,1024.889826104988,2020-08-08T12:59:18Z,45.48785000,7.79788333,1085.00,28.846
7550,4,699,4618.170901968813,1025.889826104988,2020-08-08T12:59:19Z,45.48773333,7.79780000,1085.00,28.832
7551,4,700,4619.170901968813,1026.889826104988,2020-08-08T12:59:20Z,45.48761667,7.79771667,1085.00,28.818
7552,4,701,4620.170901968813,1027.889826104988,2020-08-08T12:59:21Z,45.48751667,7.79765000,1084.00,28.806
7553,4,702,4621.170901968813,1028.889826104988,2020-08-08T12:59:22Z,45.48741667,7.79756667,1083.00,28.794
7554,4,703,4622.170901968813,1029.889826104988,2020-08-08T12:59:23Z,45.48731667,7.79750000,1081.00,28.782
7555,4,704,4623.170901968813,1030.889826104988,2020-08-08T12:59:24Z,45.48720000,7.79743333,1078.00,28.769
7556,4,705,4624.170901968813,1031.889826104988,2020-08-08T12:59:25Z,45.48708333,7.79736667,1075.00,28.755
7557,4,706,4625.170901968813,1032.889826104988,2020-08-08T12:59:26Z,45.48695000,7.79730000,1070.00,28.74
7558,4,707,4626.170901968813,1033.889826104988,2020-08-08T12:59:27Z,45.48680000,7.79721667,1067.00,28.722
7559,4,708,4627.170901968813,1034.889826104988,2020-08-08T12:59:28Z,45.48666667,7.79711667,1064.00,28.706
7560,4,709,4628.170901968813,1035.889826104988,2020-08-08T12:59:29Z,45.48655000,7.79701667,1064.00,28.692
7561,4,710,4629.170901968813,1036.889826104988,2020-08-08T12:59:30Z,45.48643333,7.79693333,1063.00,28.678
7562,4,711,4630.170901968813,1037.889826104988,2020-08-08T12:59:31Z,45.48631667,7.79685000,1064.00,28.664
7563,4,712,4631.170901968813,1038.889826104988,2020-08-08T12:59:32Z,45.48621667,7.79678333,1064.00,28.653
7564,4,713,4632.170901968813,1039.889826104988,2020-08-08T12:59:33Z,45.48611667,7.79670000,1063.00,28.641
7565,4,714,4633.170901968813,1040.889826104988,2020-08-08T12:59:34Z,45.48601667,7.79663333,1061.00,28.629
7566,4,715,4634.170901968813,1041.889826104988,2020-08-08T12:59:35Z,45.48590000,7.79655000,1060.00,28.615
7567,4,716,4635.170901968813,1042.889826104988,2020-08-08T12:59:36Z,45.48580000,7.79646667,1058.00,28.603
7568,4,717,4636.170901968813,1043.889826104988,2020-08-08T12:59:37Z,45.48568333,7.79636667,1056.00,28.589
7569,4,718,4637.170901968813,1044.889826104988,2020-08-08T12:59:38Z,45.48555000,7.79628333,1053.00,28.573
7570,4,719,4638.170901968813,1045.889826104988,2020-08-08T12:59:39Z,45.48543333,7.79620000,1050.00,28.559
7571,4,720,4639.170901968813,1046.889826104988,2020-08-08T12:59:40Z,45.48531667,7.79610000,1047.00,28.545
7572,4,721,4640.170901968813,1047.889826104988,2020-08-08T12:59:41Z,45.48520000,7.79601667,1045.00,28.532
7573,4,722,4641.170901968813,1048.889826104988,2020-08-08T12:59:42Z,45.48506667,7.79591667,1042.00,28.516
7574,4,723,4642.170901968813,1049.889826104988,2020-08-08T12:59:43Z,45.48495000,7.79581667,1039.00,28.502
7575,4,724,4643.170901968813,1050.889826104988,2020-08-08T12:59:44Z,45.48483333,7.79571667,1036.00,28.488
7576,4,725,4644.170901968813,1051.889826104988,2020-08-08T12:59:45Z,45.48471667,7.79561667,1033.00,28.474
7577,4,726,4645.170901968813,1052.889826104988,2020-08-08T12:59:46Z,45.48460000,7.79551667,1030.00,28.46
7578,4,727,4646.170901968813,1053.889826104988,2020-08-08T12:59:47Z,45.48448333,7.79541667,1028.00,28.446
7579,4,728,4647.170901968813,1054.889826104988,2020-08-08T12:59:48Z,45.48436667,7.79531667,1024.00,28.432
7580,4,729,4648.170901968813,1055.889826104988,2020-08-08T12:59:49Z,45.48425000,7.79521667,1024.00,28.418
7581,4,730,4649.170901968813,1056.889826104988,2020-08-08T12:59:50Z,45.48413333,7.79511667,1022.00,28.404
7582,4,731,4650.170901968813,1057.889826104988,2020-08-08T12:59:51Z,45.48403333,7.79503333,1021.00,28.392
7583,4,732,4651.170901968813,1058.889826104988,2020-08-08T12:59:52Z,45.48391667,7.79495000,1019.00,28.378
7584,4,733,4652.170901968813,1059.889826104988,2020-08-08T12:59:53Z,45.48381667,7.79488333,1017.00,28.366
7585,4,734,4653.170901968813,1060.889826104988,2020-08-08T12:59:54Z,45.48370000,7.79480000,1015.00,28.352
7586,4,735,4654.170901968813,1061.889826104988,2020-08-08T12:59:55Z,45.48358333,7.79471667,1014.00,28.339
7587,4,736,4655.170901968813,1062.889826104988,2020-08-08T12:59:56Z,45.48348333,7.79463333,1011.00,28.327
7588,4,737,4656.170901968813,1063.889826104988,2020-08-08T12:59:57Z,45.48335000,7.79453333,1009.00,28.311
7589,4,738,4657.170901968813,1064.889826104988,2020-08-08T12:59:58Z,45.48323333,7.79443333,1007.00,28.297
7590,4,739,4658.170901968813,1065.889826104988,2020-08-08T12:59:59Z,45.48311667,7.79435000,1006.00,28.283
7591,4,740,4659.170901968813,1066.889826104988,2020-08-08T13:00:00Z,45.48300000,7.79426667,1005.00,28.269
7592,4,741,4660.170901968813,1067.889826104988,2020-08-08T13:00:01Z,45.48288333,7.79420000,1003.00,28.256
7593,4,742,4661.170901968813,1068.889826104988,2020-08-08T13:00:02Z,45.48276667,7.79411667,1002.00,28.242
7594,4,743,4662.170901968813,1069.889826104988,2020-08-08T13:00:03Z,45.48266667,7.79405000,1001.00,28.23
7595,4,744,4663.170901968813,1070.889826104988,2020-08-08T13:00:04Z,45.48256667,7.79396667,1002.00,28.218
7596,4,745,4664.170901968813,1071.889826104988,2020-08-08T13:00:05Z,45.48248333,7.79391667,1002.00,28.208
7597,4,746,4665.170901968813,1072.889826104988,2020-08-08T13:00:06Z,45.48240000,7.79385000,1000.00,28.199
7598,4,747,4666.170901968813,1073.889826104988,2020-08-08T13:00:07Z,45.48231667,7.79378333,998.00,28.189
7599,4,748,4667.170901968813,1074.889826104988,2020-08-08T13:00:08Z,45.48221667,7.79371667,995.00,28.177
7600,4,749,4668.170901968813,1075.889826104988,2020-08-08T13:00:09Z,45.48211667,7.79365000,992.00,28.165
7601,4,750,4669.170901968813,1076.889826104988,2020-08-08T13:00:10Z,45.48198333,7.79356667,989.00,28.149
7602,4,751,4670.170901968813,1077.889826104988,2020-08-08T13:00:11Z,45.48186667,7.79350000,987.00,28.136
7603,4,752,4671.170901968813,1078.889826104988,2020-08-08T13:00:12Z,45.48175000,7.79343333,987.00,28.122
7604,4,753,4672.170901968813,1079.889826104988,2020-08-08T13:00:13Z,45.48165000,7.79338333,987.00,28.111
7605,4,754,4673.170901968813,1080.889826104988,2020-08-08T13:00:14Z,45.48155000,7.79331667,989.00,28.099
7606,4,755,4674.170901968813,1081.889826104988,2020-08-08T13:00:15Z,45.48148333,7.79325000,990.00,28.091
7607,4,756,4675.170901968813,1082.889826104988,2020-08-08T13:00:16Z,45.48143333,7.79318333,992.00,28.085
7608,4,757,4676.170901968813,1083.889826104988,2020-08-08T13:00:17Z,45.48138333,7.79311667,993.00,28.078
7609,4,758,4677.170901968813,1084.889826104988,2020-08-08T13:00:18Z,45.48131667,7.79305000,991.00,28.07
7610,4,759,4678.170901968813,1085.889826104988,2020-08-08T13:00:19Z,45.48123333,7.79298333,991.00,28.06
7611,4,760,4679.170901968813,1086.889826104988,2020-08-08T13:00:20Z,45.48115000,7.79286667,990.00,28.05
7612,4,761,4680.170901968813,1087.889826104988,2020-08-08T13:00:21Z,45.48108333,7.79271667,992.00,28.041
7613,4,762,4681.170901968813,1088.889826104988,2020-08-08T13:00:22Z,45.48105000,7.79258333,993.00,28.036
7614,4,763,4682.170901968813,1089.889826104988,2020-08-08T13:00:23Z,45.48103333,7.79246667,995.00,28.033
7615,4,764,4683.170901968813,1090.889826104988,2020-08-08T13:00:24Z,45.48101667,7.79236667,995.00,28.03
7616,4,765,4684.170901968813,1091.889826104988,2020-08-08T13:00:25Z,45.48096667,7.79228333,995.00,28.024
7617,4,766,4685.170901968813,1092.889826104988,2020-08-08T13:00:26Z,45.48090000,7.79220000,993.00,28.015
7618,4,767,4686.170901968813,1093.889826104988,2020-08-08T13:00:27Z,45.48083333,7.79215000,992.00,28.007
7619,4,768,4687.170901968813,1094.889826104988,2020-08-08T13:00:28Z,45.48075000,7.79213333,993.00,27.998
7620,4,769,4688.170901968813,1095.889826104988,2020-08-08T13:00:29Z,45.48070000,7.79215000,993.00,27.993
7621,4,770,4689.170901968813,1096.889826104988,2020-08-08T13:00:30Z,45.48065000,7.79218333,993.00,27.988
7622,4,771,4690.170901968813,1097.889826104988,2020-08-08T13:00:31Z,45.48060000,7.79221667,993.00,27.982
7623,4,772,4691.170901968813,1098.889826104988,2020-08-08T13:00:32Z,45.48055000,7.79223333,993.00,27.977
7624,4,773,4692.170901968813,1099.889826104988,2020-08-08T13:00:33Z,45.48048333,7.79221667,993.00,27.97
7625,4,774,4693.170901968813,1100.889826104988,2020-08-08T13:00:34Z,45.48041667,7.79220000,993.00,27.962
7626,4,775,4694.170901968813,1101.889826104988,2020-08-08T13:00:35Z,45.48035000,7.79218333,991.00,27.955
7627,4,776,4695.170901968813,1102.889826104988,2020-08-08T13:00:36Z,45.48028333,7.79218333,990.00,27.947
7628,4,777,4696.170901968813,1103.889826104988,2020-08-08T13:00:37Z,45.48020000,7.79218333,990.00,27.938
7629,4,778,4697.170901968813,1104.889826104988,2020-08-08T13:00:38Z,45.48011667,7.79216667,989.00,27.929
7630,4,779,4698.170901968813,1105.889826104988,2020-08-08T13:00:39Z,45.48005000,7.79213333,990.00,27.921
7631,4,780,4699.170901968813,1106.889826104988,2020-08-08T13:00:40Z,45.47998333,7.79206667,990.00,27.913
7632,4,781,4700.170901968813,1107.889826104988,2020-08-08T13:00:41Z,45.47993333,7.79196667,991.00,27.906
7633,4,782,4701.170901968813,1108.889826104988,2020-08-08T13:00:42Z,45.47988333,7.79186667,991.00,27.9
7634,4,783,4702.170901968813,1109.889826104988,2020-08-08T13:00:43Z,45.47985000,7.79175000,991.00,27.895
7635,4,784,4703.170901968813,1110.889826104988,2020-08-08T13:00:44Z,45.47981667,7.79163333,991.00,27.89
7636,4,785,4704.170901968813,1111.889826104988,2020-08-08T13:00:45Z,45.47976667,7.79153333,991.00,27.884
7637,4,786,4705.170901968813,1112.889826104988,2020-08-08T13:00:46Z,45.47973333,7.79143333,991.00,27.879
7638,4,787,4706.170901968813,1113.889826104988,2020-08-08T13:00:47Z,45.47968333,7.79133333,991.00,27.872
7639,4,788,4707.170901968813,1114.889826104988,2020-08-08T13:00:48Z,45.47963333,7.79123333,990.00,27.866
7640,4,789,4708.170901968813,1115.889826104988,2020-08-08T13:00:49Z,45.47958333,7.79113333,990.00,27.859
7641,4,790,4709.170901968813,1116.889826104988,2020-08-08T13:00:50Z,45.47951667,7.79105000,990.00,27.851
7642,4,791,4710.170901968813,1117.889826104988,2020-08-08T13:00:51Z,45.47945000,7.79100000,990.00,27.843
7643,4,792,4711.170901968813,1118.889826104988,2020-08-08T13:00:52Z,45.47938333,7.79096667,990.00,27.835
7644,4,793,4712.170901968813,1119.889826104988,2020-08-08T13:00:53Z,45.47931667,7.79095000,990.00,27.828
7645,4,794,4713.170901968813,1120.889826104988,2020-08-08T13:00:54Z,45.47925000,7.79093333,991.00,27.82
7646,4,795,4714.170901968813,1121.889826104988,2020-08-08T13:00:55Z,45.47918333,7.79091667,990.00,27.813
7647,4,796,4715.170901968813,1122.889826104988,2020-08-08T13:00:56Z,45.47911667,7.79090000,989.00,27.805
7648,4,797,4716.170901968813,1123.889826104988,2020-08-08T13:00:57Z,45.47903333,7.79086667,988.00,27.796
7649,4,798,4717.170901968813,1124.889826104988,2020-08-08T13:00:58Z,45.47895000,7.79085000,988.00,27.787
7650,4,799,4718.170901968813,1125.889826104988,2020-08-08T13:00:59Z,45.47886667,7.79085000,987.00,27.777
7651,4,800,4719.170901968813,1126.889826104988,2020-08-08T13:01:00Z,45.47878333,7.79085000,987.00,27.768
7652,4,801,4720.170901968813,1127.889826104988,2020-08-08T13:01:01Z,45.47868333,7.79085000,986.00,27.757
7653,4,802,4721.170901968813,1128.889826104988,2020-08-08T13:01:02Z,45.47858333,7.79083333,986.00,27.746
7654,4,803,4722.170901968813,1129.889826104988,2020-08-08T13:01:03Z,45.47850000,7.79081667,985.00,27.737
7655,4,804,4723.170901968813,1130.889826104988,2020-08-08T13:01:04Z,45.47840000,7.79078333,985.00,27.725
7656,4,805,4724.170901968813,1131.889826104988,2020-08-08T13:01:05Z,45.47831667,7.79073333,985.00,27.716
7657,4,806,4725.170901968813,1132.889826104988,2020-08-08T13:01:06Z,45.47825000,7.79068333,984.00,27.708
7658,4,807,4726.170901968813,1133.889826104988,2020-08-08T13:01:07Z,45.47815000,7.79066667,984.00,27.696
7659,4,808,4727.170901968813,1134.889826104988,2020-08-08T13:01:08Z,45.47806667,7.79066667,983.00,27.687
7660,4,809,4728.170901968813,1135.889826104988,2020-08-08T13:01:09Z,45.47798333,7.79066667,982.00,27.678
7661,4,810,4729.170901968813,1136.889826104988,2020-08-08T13:01:10Z,45.47790000,7.79066667,981.00,27.669
7662,4,811,4730.170901968813,1137.889826104988,2020-08-08T13:01:11Z,45.47781667,7.79066667,982.00,27.66
7663,4,812,4731.170901968813,1138.889826104988,2020-08-08T13:01:12Z,45.47773333,7.79065000,980.00,27.65
7664,4,813,4732.170901968813,1139.889826104988,2020-08-08T13:01:13Z,45.47765000,7.79065000,980.00,27.641
7665,4,814,4733.170901968813,1140.889826104988,2020-08-08T13:01:14Z,45.47756667,7.79065000,979.00,27.632
7666,4,815,4734.170901968813,1141.889826104988,2020-08-08T13:01:15Z,45.47746667,7.79065000,977.00,27.621
7667,4,816,4735.170901968813,1142.889826104988,2020-08-08T13:01:16Z,45.47738333,7.79065000,975.00,27.612
7668,4,817,4736.170901968813,1143.889826104988,2020-08-08T13:01:17Z,45.47730000,7.79063333,974.00,27.602
7669,4,818,4737.170901968813,1144.889826104988,2020-08-08T13:01:18Z,45.47721667,7.79061667,973.00,27.593
7670,4,819,4738.170901968813,1145.889826104988,2020-08-08T13:01:19Z,45.47713333,7.79060000,972.00,27.584
7671,4,820,4739.170901968813,1146.889826104988,2020-08-08T13:01:20Z,45.47705000,7.79058333,970.00,27.574
7672,4,821,4740.170901968813,1147.889826104988,2020-08-08T13:01:21Z,45.47696667,7.79058333,969.00,27.565
7673,4,822,4741.170901968813,1148.889826104988,2020-08-08T13:01:22Z,45.47688333,7.79058333,967.00,27.556
7674,4,823,4742.170901968813,1149.889826104988,2020-08-08T13:01:23Z,45.47680000,7.79058333,966.00,27.547
7675,4,824,4743.170901968813,1150.889826104988,2020-08-08T13:01:24Z,45.47671667,7.79058333,964.00,27.538
7676,4,825,4744.170901968813,1151.889826104988,2020-08-08T13:01:25Z,45.47665000,7.79060000,963.00,27.53
7677,4,826,4745.170901968813,1152.889826104988,2020-08-08T13:01:26Z,45.47655000,7.79060000,960.00,27.519
7678,4,827,4746.170901968813,1153.889826104988,2020-08-08T13:01:27Z,45.47646667,7.79061667,958.00,27.51
7679,4,828,4747.170901968813,1154.889826104988,2020-08-08T13:01:28Z,45.47636667,7.79063333,956.00,27.499
7680,4,829,4748.170901968813,1155.889826104988,2020-08-08T13:01:29Z,45.47628333,7.79065000,955.00,27.49
7681,4,830,4749.170901968813,1156.889826104988,2020-08-08T13:01:30Z,45.47620000,7.79068333,953.00,27.482
7682,4,831,4750.170901968813,1157.889826104988,2020-08-08T13:01:31Z,45.47613333,7.79071667,951.00,27.475
7683,4,832,4751.170901968813,1158.889826104988,2020-08-08T13:01:32Z,45.47605000,7.79073333,949.00,27.466
7684,4,833,4752.170901968813,1159.889826104988,2020-08-08T13:01:33Z,45.47596667,7.79076667,946.00,27.457
7685,4,834,4753.170901968813,1160.889826104988,2020-08-08T13:01:34Z,45.47588333,7.79080000,944.00,27.448
7686,4,835,4754.170901968813,1161.889826104988,2020-08-08T13:01:35Z,45.47578333,7.79085000,941.00,27.437
7687,4,836,4755.170901968813,1162.889826104988,2020-08-08T13:01:36Z,45.47568333,7.79088333,938.00,27.427
7688,4,837,4756.170901968813,1163.889826104988,2020-08-08T13:01:37Z,45.47556667,7.79091667,936.00,27.414
7689,4,838,4757.170901968813,1164.889826104988,2020-08-08T13:01:38Z,45.47546667,7.79095000,935.00,27.404
7690,4,839,4758.170901968813,1165.889826104988,2020-08-08T13:01:39Z,45.47536667,7.79098333,935.00,27.393
7691,4,840,4759.170901968813,1166.889826104988,2020-08-08T13:01:40Z,45.47528333,7.79100000,934.00,27.384
7692,4,841,4760.170901968813,1167.889826104988,2020-08-08T13:01:41Z,45.47520000,7.79103333,932.00,27.375
7693,4,842,4761.170901968813,1168.889826104988,2020-08-08T13:01:42Z,45.47511667,7.79108333,929.00,27.366
7694,4,843,4762.170901968813,1169.889826104988,2020-08-08T13:01:43Z,45.47501667,7.79111667,926.00,27.356
7695,4,844,4763.170901968813,1170.889826104988,2020-08-08T13:01:44Z,45.47491667,7.79116667,923.00,27.345
7696,4,845,4764.170901968813,1171.889826104988,2020-08-08T13:01:45Z,45.47480000,7.79121667,921.00,27.333
7697,4,846,4765.170901968813,1172.889826104988,2020-08-08T13:01:46Z,45.47470000,7.79128333,920.00,27.323
7698,4,847,4766.170901968813,1173.889826104988,2020-08-08T13:01:47Z,45.47460000,7.79133333,919.00,27.312
7699,4,848,4767.170901968813,1174.889826104988,2020-08-08T13:01:48Z,45.47450000,7.79136667,918.00,27.302
7700,4,849,4768.170901968813,1175.889826104988,2020-08-08T13:01:49Z,45.47440000,7.79138333,918.00,27.291
7701,4,850,4769.170901968813,1176.889826104988,2020-08-08T13:01:50Z,45.47430000,7.79140000,917.00,27.28
7702,4,851,4770.170901968813,1177.889826104988,2020-08-08T13:01:51Z,45.47420000,7.79141667,916.00,27.269
7703,4,852,4771.170901968813,1178.889826104988,2020-08-08T13:01:52Z,45.47411667,7.79143333,915.00,27.26
7704,4,853,4772.170901968813,1179.889826104988,2020-08-08T13:01:53Z,45.47401667,7.79143333,913.00,27.249
7705,4,854,4773.170901968813,1180.889826104988,2020-08-08T13:01:54Z,45.47391667,7.79146667,911.00,27.238
7706,4,855,4774.170901968813,1181.889826104988,2020-08-08T13:01:55Z,45.47381667,7.79148333,908.00,27.228
7707,4,856,4775.170901968813,1182.889826104988,2020-08-08T13:01:56Z,45.47371667,7.79151667,906.00,27.217
7708,4,857,4776.170901968813,1183.889826104988,2020-08-08T13:01:57Z,45.47361667,7.79155000,904.00,27.206
7709,4,858,4777.170901968813,1184.889826104988,2020-08-08T13:01:58Z,45.47351667,7.79158333,903.00,27.196
7710,4,859,4778.170901968813,1185.889826104988,2020-08-08T13:01:59Z,45.47341667,7.79160000,901.00,27.185
7711,4,860,4779.170901968813,1186.889826104988,2020-08-08T13:02:00Z,45.47333333,7.79161667,900.00,27.176
7712,4,861,4780.170901968813,1187.889826104988,2020-08-08T13:02:01Z,45.47325000,7.79161667,900.00,27.167
7713,4,862,4781.170901968813,1188.889826104988,2020-08-08T13:02:02Z,45.47315000,7.79163333,898.00,27.156
7714,4,863,4782.170901968813,1189.889826104988,2020-08-08T13:02:03Z,45.47306667,7.79166667,897.00,27.147
7715,4,864,4783.170901968813,1190.889826104988,2020-08-08T13:02:04Z,45.47296667,7.79168333,895.00,27.136
7716,4,865,4784.170901968813,1191.889826104988,2020-08-08T13:02:05Z,45.47286667,7.79170000,893.00,27.125
7717,4,866,4785.170901968813,1192.889826104988,2020-08-08T13:02:06Z,45.47276667,7.79171667,892.00,27.115
7718,4,867,4786.170901968813,1193.889826104988,2020-08-08T13:02:07Z,45.47266667,7.79173333,891.00,27.104
7719,4,868,4787.170901968813,1194.889826104988,2020-08-08T13:02:08Z,45.47258333,7.79173333,890.00,27.095
7720,4,869,4788.170901968813,1195.889826104988,2020-08-08T13:02:09Z,45.47250000,7.79175000,889.00,27.086
7721,4,870,4789.170901968813,1196.889826104988,2020-08-08T13:02:10Z,45.47241667,7.79175000,888.00,27.076
7722,4,871,4790.170901968813,1197.889826104988,2020-08-08T13:02:11Z,45.47231667,7.79176667,886.00,27.066
7723,4,872,4791.170901968813,1198.889826104988,2020-08-08T13:02:12Z,45.47221667,7.79178333,884.00,27.055
7724,4,873,4792.170901968813,1199.889826104988,2020-08-08T13:02:13Z,45.47211667,7.79180000,882.00,27.044
7725,4,874,4793.170901968813,1200.889826104988,2020-08-08T13:02:14Z,45.47201667,7.79180000,880.00,27.033
7726,4,875,4794.170901968813,1201.889826104988,2020-08-08T13:02:15Z,45.47190000,7.79181667,879.00,27.02
7727,4,876,4795.170901968813,1202.889826104988,2020-08-08T13:02:16Z,45.47180000,7.79181667,879.00,27.009
7728,4,877,4796.170901968813,1203.889826104988,2020-08-08T13:02:17Z,45.47170000,7.79183333,878.00,26.999
7729,4,878,4797.170901968813,1204.889826104988,2020-08-08T13:02:18Z,45.47161667,7.79185000,876.00,26.99
7730,4,879,4798.170901968813,1205.889826104988,2020-08-08T13:02:19Z,45.47151667,7.79186667,875.00,26.979
7731,4,880,4799.170901968813,1206.889826104988,2020-08-08T13:02:20Z,45.47141667,7.79186667,874.00,26.968
7732,4,881,4800.170901968813,1207.889826104988,2020-08-08T13:02:21Z,45.47131667,7.79186667,872.00,26.957
7733,4,882,4801.170901968813,1208.889826104988,2020-08-08T13:02:22Z,45.47121667,7.79188333,871.00,26.946
7734,4,883,4802.170901968813,1209.889826104988,2020-08-08T13:02:23Z,45.47111667,7.79190000,870.00,26.935
7735,4,884,4803.170901968813,1210.889826104988,2020-08-08T13:02:24Z,45.47101667,7.79191667,869.00,26.924
7736,4,885,4804.170901968813,1211.889826104988,2020-08-08T13:02:25Z,45.47093333,7.79193333,868.00,26.915
7737,4,886,4805.170901968813,1212.889826104988,2020-08-08T13:02:26Z,45.47083333,7.79196667,866.00,26.905
7738,4,887,4806.170901968813,1213.889826104988,2020-08-08T13:02:27Z,45.47075000,7.79198333,864.00,26.896
7739,4,888,4807.170901968813,1214.889826104988,2020-08-08T13:02:28Z,45.47065000,7.79201667,861.00,26.885
7740,4,889,4808.170901968813,1215.889826104988,2020-08-08T13:02:29Z,45.47055000,7.79205000,859.00,26.875
7741,4,890,4809.170901968813,1216.889826104988,2020-08-08T13:02:30Z,45.47043333,7.79208333,856.00,26.862
7742,4,891,4810.170901968813,1217.889826104988,2020-08-08T13:02:31Z,45.47033333,7.79210000,855.00,26.851
7743,4,892,4811.170901968813,1218.889826104988,2020-08-08T13:02:32Z,45.47023333,7.79210000,853.00,26.84
7744,4,893,4812.170901968813,1219.889826104988,2020-08-08T13:02:33Z,45.47013333,7.79211667,852.00,26.83
7745,4,894,4813.170901968813,1220.889826104988,2020-08-08T13:02:34Z,45.47003333,7.79211667,851.00,26.819
7746,4,895,4814.170901968813,1221.889826104988,2020-08-08T13:02:35Z,45.46995000,7.79213333,849.00,26.81
7747,4,896,4815.170901968813,1222.889826104988,2020-08-08T13:02:36Z,45.46985000,7.79215000,847.00,26.799
7748,4,897,4816.170901968813,1223.889826104988,2020-08-08T13:02:37Z,45.46975000,7.79216667,845.00,26.788
7749,4,898,4817.170901968813,1224.889826104988,2020-08-08T13:02:38Z,45.46965000,7.79220000,843.00,26.777
7750,4,899,4818.170901968813,1225.889826104988,2020-08-08T13:02:39Z,45.46955000,7.79221667,840.00,26.767
7751,4,900,4819.170901968813,1226.889826104988,2020-08-08T13:02:40Z,45.46945000,7.79226667,838.00,26.756
7752,4,901,4820.170901968813,1227.889826104988,2020-08-08T13:02:41Z,45.46935000,7.79230000,837.00,26.746
7753,4,902,4821.170901968813,1228.889826104988,2020-08-08T13:02:42Z,45.46925000,7.79235000,836.00,26.735
7754,4,903,4822.170901968813,1229.889826104988,2020-08-08T13:02:43Z,45.46916667,7.79238333,835.00,26.726
7755,4,904,4823.170901968813,1230.889826104988,2020-08-08T13:02:44Z,45.46908333,7.79241667,835.00,26.718
7756,4,905,4824.170901968813,1231.889826104988,2020-08-08T13:02:45Z,45.46900000,7.79243333,834.00,26.709
7757,4,906,4825.170901968813,1232.889826104988,2020-08-08T13:02:46Z,45.46891667,7.79246667,832.00,26.7
7758,4,907,4826.170901968813,1233.889826104988,2020-08-08T13:02:47Z,45.46883333,7.79250000,830.00,26.691
7759,4,908,4827.170901968813,1234.889826104988,2020-08-08T13:02:48Z,45.46873333,7.79255000,828.00,26.681
7760,4,909,4828.170901968813,1235.889826104988,2020-08-08T13:02:49Z,45.46863333,7.79260000,826.00,26.671
7761,4,910,4829.170901968813,1236.889826104988,2020-08-08T13:02:50Z,45.46855000,7.79263333,824.00,26.662
7762,4,911,4830.170901968813,1237.889826104988,2020-08-08T13:02:51Z,45.46845000,7.79266667,822.00,26.651
7763,4,912,4831.170901968813,1238.889826104988,2020-08-08T13:02:52Z,45.46835000,7.79271667,820.00,26.641
7764,4,913,4832.170901968813,1239.889826104988,2020-08-08T13:02:53Z,45.46826667,7.79276667,818.00,26.632
7765,4,914,4833.170901968813,1240.889826104988,2020-08-08T13:02:54Z,45.46816667,7.79280000,815.00,26.622
7766,4,915,4834.170901968813,1241.889826104988,2020-08-08T13:02:55Z,45.46806667,7.79285000,812.00,26.611
7767,4,916,4835.170901968813,1242.889826104988,2020-08-08T13:02:56Z,45.46795000,7.79290000,809.00,26.599
7768,4,917,4836.170901968813,1243.889826104988,2020-08-08T13:02:57Z,45.46783333,7.79293333,806.00,26.587
7769,4,918,4837.170901968813,1244.889826104988,2020-08-08T13:02:58Z,45.46771667,7.79298333,803.00,26.575
7770,4,919,4838.170901968813,1245.889826104988,2020-08-08T13:02:59Z,45.46758333,7.79303333,799.00,26.561
7771,4,920,4839.170901968813,1246.889826104988,2020-08-08T13:03:00Z,45.46745000,7.79305000,798.00,26.546
7772,4,921,4840.170901968813,1247.889826104988,2020-08-08T13:03:01Z,45.46733333,7.79308333,795.00,26.534
7773,4,922,4841.170901968813,1248.889826104988,2020-08-08T13:03:02Z,45.46721667,7.79310000,796.00,26.521
7774,4,923,4842.170901968813,1249.889826104988,2020-08-08T13:03:03Z,45.46710000,7.79311667,795.00,26.509
7775,4,924,4843.170901968813,1250.889826104988,2020-08-08T13:03:04Z,45.46698333,7.79315000,795.00,26.496
7776,4,925,4844.170901968813,1251.889826104988,2020-08-08T13:03:05Z,45.46688333,7.79318333,794.00,26.486
7777,4,926,4845.170901968813,1252.889826104988,2020-08-08T13:03:06Z,45.46680000,7.79323333,792.00,26.477
7778,4,927,4846.170901968813,1253.889826104988,2020-08-08T13:03:07Z,45.46670000,7.79326667,790.00,26.467
7779,4,928,4847.170901968813,1254.889826104988,2020-08-08T13:03:08Z,45.46661667,7.79331667,788.00,26.458
7780,4,929,4848.170901968813,1255.889826104988,2020-08-08T13:03:09Z,45.46650000,7.79336667,785.00,26.446
7781,4,930,4849.170901968813,1256.889826104988,2020-08-08T13:03:10Z,45.46638333,7.79343333,781.00,26.434
7782,4,931,4850.170901968813,1257.889826104988,2020-08-08T13:03:11Z,45.46626667,7.79350000,777.00,26.422
7783,4,932,4851.170901968813,1258.889826104988,2020-08-08T13:03:12Z,45.46615000,7.79358333,774.00,26.411
7784,4,933,4852.170901968813,1259.889826104988,2020-08-08T13:03:13Z,45.46601667,7.79366667,771.00,26.397
7785,4,934,4853.170901968813,1260.889826104988,2020-08-08T13:03:14Z,45.46590000,7.79373333,768.00,26.385
7786,4,935,4854.170901968813,1261.889826104988,2020-08-08T13:03:15Z,45.46578333,7.79378333,768.00,26.373
7787,4,936,4855.170901968813,1262.889826104988,2020-08-08T13:03:16Z,45.46566667,7.79383333,768.00,26.361
7788,4,937,4856.170901968813,1263.889826104988,2020-08-08T13:03:17Z,45.46556667,7.79388333,768.00,26.351
7789,4,938,4857.170901968813,1264.889826104988,2020-08-08T13:03:18Z,45.46546667,7.79393333,767.00,26.34
7790,4,939,4858.170901968813,1265.889826104988,2020-08-08T13:03:19Z,45.46536667,7.79396667,766.00,26.33
7791,4,940,4859.170901968813,1266.889826104988,2020-08-08T13:03:20Z,45.46526667,7.79401667,766.00,26.32
7792,4,941,4860.170901968813,1267.889826104988,2020-08-08T13:03:21Z,45.46515000,7.79406667,764.00,26.308
7793,4,942,4861.170901968813,1268.889826104988,2020-08-08T13:03:22Z,45.46505000,7.79410000,765.00,26.297
7794,4,943,4862.170901968813,1269.889826104988,2020-08-08T13:03:23Z,45.46493333,7.79413333,764.00,26.285
7795,4,944,4863.170901968813,1270.889826104988,2020-08-08T13:03:24Z,45.46483333,7.79418333,763.00,26.274
7796,4,945,4864.170901968813,1271.889826104988,2020-08-08T13:03:25Z,45.46475000,7.79421667,763.00,26.266
7797,4,946,4865.170901968813,1272.889826104988,2020-08-08T13:03:26Z,45.46465000,7.79425000,762.00,26.255
7798,4,947,4866.170901968813,1273.889826104988,2020-08-08T13:03:27Z,45.46455000,7.79428333,762.00,26.245
7799,4,948,4867.170901968813,1274.889826104988,2020-08-08T13:03:28Z,45.46445000,7.79431667,761.00,26.234
7800,4,949,4868.170901968813,1275.889826104988,2020-08-08T13:03:29Z,45.46435000,7.79435000,759.00,26.224
7801,4,950,4869.170901968813,1276.889826104988,2020-08-08T13:03:30Z,45.46423333,7.79440000,757.00,26.212
7802,4,951,4870.170901968813,1277.889826104988,2020-08-08T13:03:31Z,45.46411667,7.79445000,755.00,26.2
7803,4,952,4871.170901968813,1278.889826104988,2020-08-08T13:03:32Z,45.46398333,7.79450000,753.00,26.186
7804,4,953,4872.170901968813,1279.889826104988,2020-08-08T13:03:33Z,45.46385000,7.79453333,752.00,26.172
7805,4,954,4873.170901968813,1280.889826104988,2020-08-08T13:03:34Z,45.46371667,7.79456667,751.00,26.158
7806,4,955,4874.170901968813,1281.889826104988,2020-08-08T13:03:35Z,45.46360000,7.79460000,751.00,26.145
7807,4,956,4875.170901968813,1282.889826104988,2020-08-08T13:03:36Z,45.46348333,7.79461667,752.00,26.133
7808,4,957,4876.170901968813,1283.889826104988,2020-08-08T13:03:37Z,45.46336667,7.79463333,754.00,26.12
7809,4,958,4877.170901968813,1284.889826104988,2020-08-08T13:03:38Z,45.46326667,7.79465000,754.00,26.11
7810,4,959,4878.170901968813,1285.889826104988,2020-08-08T13:03:39Z,45.46316667,7.79468333,756.00,26.099
7811,4,960,4879.170901968813,1286.889826104988,2020-08-08T13:03:40Z,45.46306667,7.79470000,756.00,26.088
7812,4,961,4880.170901968813,1287.889826104988,2020-08-08T13:03:41Z,45.46296667,7.79473333,756.00,26.078
7813,4,962,4881.170901968813,1288.889826104988,2020-08-08T13:03:42Z,45.46286667,7.79475000,757.00,26.067
7814,4,963,4882.170901968813,1289.889826104988,2020-08-08T13:03:43Z,45.46278333,7.79478333,758.00,26.059
7815,4,964,4883.170901968813,1290.889826104988,2020-08-08T13:03:44Z,45.46268333,7.79480000,758.00,26.048
7816,4,965,4884.170901968813,1291.889826104988,2020-08-08T13:03:45Z,45.46260000,7.79483333,757.00,26.039
7817,4,966,4885.170901968813,1292.889826104988,2020-08-08T13:03:46Z,45.46250000,7.79486667,756.00,26.029
7818,4,967,4886.170901968813,1293.889826104988,2020-08-08T13:03:47Z,45.46240000,7.79490000,754.00,26.019
7819,4,968,4887.170901968813,1294.889826104988,2020-08-08T13:03:48Z,45.46228333,7.79493333,752.00,26.006
7820,4,969,4888.170901968813,1295.889826104988,2020-08-08T13:03:49Z,45.46218333,7.79498333,752.00,25.996
7821,4,970,4889.170901968813,1296.889826104988,2020-08-08T13:03:50Z,45.46208333,7.79501667,754.00,25.986
7822,4,971,4890.170901968813,1297.889826104988,2020-08-08T13:03:51Z,45.46198333,7.79505000,755.00,25.975
7823,4,972,4891.170901968813,1298.889826104988,2020-08-08T13:03:52Z,45.46188333,7.79506667,754.00,25.965
7824,4,973,4892.170901968813,1299.889826104988,2020-08-08T13:03:53Z,45.46180000,7.79508333,755.00,25.956
7825,4,974,4893.170901968813,1300.889826104988,2020-08-08T13:03:54Z,45.46170000,7.79511667,754.00,25.945
7826,4,975,4894.170901968813,1301.889826104988,2020-08-08T13:03:55Z,45.46160000,7.79515000,755.00,25.935
7827,4,976,4895.170901968813,1302.889826104988,2020-08-08T13:03:56Z,45.46151667,7.79520000,755.00,25.927
7828,4,977,4896.170901968813,1303.889826104988,2020-08-08T13:03:57Z,45.46141667,7.79523333,756.00,25.916
7829,4,978,4897.170901968813,1304.889826104988,2020-08-08T13:03:58Z,45.46131667,7.79526667,756.00,25.906
7830,4,979,4898.170901968813,1305.889826104988,2020-08-08T13:03:59Z,45.46123333,7.79528333,757.00,25.897
7831,4,980,4899.170901968813,1306.889826104988,2020-08-08T13:04:00Z,45.46115000,7.79526667,760.00,25.888
7832,4,981,4900.170901968813,1307.889826104988,2020-08-08T13:04:01Z,45.46110000,7.79525000,763.00,25.882
7833,4,982,4901.170901968813,1308.889826104988,2020-08-08T13:04:02Z,45.46105000,7.79525000,765.00,25.876
7834,4,983,4902.170901968813,1309.889826104988,2020-08-08T13:04:03Z,45.46100000,7.79525000,765.00,25.871
7835,4,984,4903.170901968813,1310.889826104988,2020-08-08T13:04:04Z,45.46095000,7.79526667,765.00,25.866
7836,4,985,4904.170901968813,1311.889826104988,2020-08-08T13:04:05Z,45.46088333,7.79528333,764.00,25.859
7837,4,986,4905.170901968813,1312.889826104988,2020-08-08T13:04:06Z,45.46081667,7.79528333,764.00,25.851
7838,4,987,4906.170901968813,1313.889826104988,2020-08-08T13:04:07Z,45.46076667,7.79528333,765.00,25.846
7839,4,988,4907.170901968813,1314.889826104988,2020-08-08T13:04:08Z,45.46071667,7.79528333,765.00,25.841
7840,4,989,4908.170901968813,1315.889826104988,2020-08-08T13:04:09Z,45.46070000,7.79531667,765.00,25.839
7841,4,990,4909.170901968813,1316.889826104988,2020-08-08T13:04:10Z,45.46070000,7.79540000,764.00,25.84
7842,4,991,4910.170901968813,1317.889826104988,2020-08-08T13:04:11Z,45.46070000,7.79551667,762.00,25.842
7843,4,992,4911.170901968813,1318.889826104988,2020-08-08T13:04:12Z,45.46075000,7.79566667,760.00,25.85
7844,4,993,4912.170901968813,1319.889826104988,2020-08-08T13:04:13Z,45.46083333,7.79580000,760.00,25.861
7845,4,994,4913.170901968813,1320.889826104988,2020-08-08T13:04:14Z,45.46095000,7.79585000,761.00,25.875
7846,4,995,4914.170901968813,1321.889826104988,2020-08-08T13:04:15Z,45.46106667,7.79585000,762.00,25.887
7847,4,996,4915.170901968813,1322.889826104988,2020-08-08T13:04:16Z,45.46118333,7.79580000,763.00,25.899
7848,4,997,4916.170901968813,1323.889826104988,2020-08-08T13:04:17Z,45.46128333,7.79575000,766.00,25.909
7849,4,998,4917.170901968813,1324.889826104988,2020-08-08T13:04:18Z,45.46136667,7.79570000,768.00,25.918
7850,4,999,4918.170901968813,1325.889826104988,2020-08-08T13:04:19Z,45.46143333,7.79565000,768.00,25.924
7851,4,1000,4919.170901968813,1326.889826104988,2020-08-08T13:04:20Z,45.46150000,7.79556667,767.00,25.93
7852,4,1001,4920.170901968813,1327.889826104988,2020-08-08T13:04:21Z,45.46155000,7.79546667,766.00,25.934
7853,4,1002,4921.170901968813,1328.889826104988,2020-08-08T13:04:22Z,45.46155000,7.79533333,765.00,25.932
7854,4,1003,4922.170901968813,1329.889826104988,2020-08-08T13:04:23Z,45.46153333,7.79521667,763.00,25.929
7855,4,1004,4923.170901968813,1330.889826104988,2020-08-08T13:04:24Z,45.46150000,7.79510000,762.00,25.923
7856,4,1005,4924.170901968813,1331.889826104988,2020-08-08T13:04:25Z,45.46146667,7.79500000,763.00,25.918
7857,4,1006,4925.170901968813,1332.889826104988,2020-08-08T13:04:26Z,45.46145000,7.79491667,764.00,25.915
7858,4,1007,4926.170901968813,1333.889826104988,2020-08-08T13:04:27Z,45.46141667,7.79483333,764.00,25.91
7859,4,1008,4927.170901968813,1334.889826104988,2020-08-08T13:04:28Z,45.46140000,7.79473333,764.00,25.907
7860,4,1009,4928.170901968813,1335.889826104988,2020-08-08T13:04:29Z,45.46135000,7.79461667,764.00,25.9
7861,4,1010,4929.170901968813,1336.889826104988,2020-08-08T13:04:30Z,45.46131667,7.79450000,765.00,25.894
7862,4,1011,4930.170901968813,1337.889826104988,2020-08-08T13:04:31Z,45.46130000,7.79436667,766.00,25.891
7863,4,1012,4931.170901968813,1338.889826104988,2020-08-08T13:04:32Z,45.46130000,7.79423333,768.00,25.889
7864,4,1013,4932.170901968813,1339.889826104988,2020-08-08T13:04:33Z,45.46131667,7.79410000,769.00,25.889
7865,4,1014,4933.170901968813,1340.889826104988,2020-08-08T13:04:34Z,45.46138333,7.79398333,770.00,25.894
7866,4,1015,4934.170901968813,1341.889826104988,2020-08-08T13:04:35Z,45.46148333,7.79390000,771.00,25.904
7867,4,1016,4935.170901968813,1342.889826104988,2020-08-08T13:04:36Z,45.46160000,7.79385000,771.00,25.916
7868,4,1017,4936.170901968813,1343.889826104988,2020-08-08T13:04:37Z,45.46173333,7.79386667,770.00,25.931
7869,4,1018,4937.170901968813,1344.889826104988,2020-08-08T13:04:38Z,45.46183333,7.79396667,769.00,25.943
7870,4,1019,4938.170901968813,1345.889826104988,2020-08-08T13:04:39Z,45.46188333,7.79413333,768.00,25.951
7871,4,1020,4939.170901968813,1346.889826104988,2020-08-08T13:04:40Z,45.46186667,7.79428333,768.00,25.951
7872,4,1021,4940.170901968813,1347.889826104988,2020-08-08T13:04:41Z,45.46181667,7.79441667,768.00,25.948
7873,4,1022,4941.170901968813,1348.889826104988,2020-08-08T13:04:42Z,45.46175000,7.79446667,769.00,25.941
7874,4,1023,4942.170901968813,1349.889826104988,2020-08-08T13:04:43Z,45.46168333,7.79448333,771.00,25.934
7875,4,1024,4943.170901968813,1350.889826104988,2020-08-08T13:04:44Z,45.46163333,7.79443333,773.00,25.928
7876,4,1025,4944.170901968813,1351.889826104988,2020-08-08T13:04:45Z,45.46158333,7.79436667,774.00,25.922
7877,4,1026,4945.170901968813,1352.889826104988,2020-08-08T13:04:46Z,45.46155000,7.79426667,775.00,25.916
7878,4,1027,4946.170901968813,1353.889826104988,2020-08-08T13:04:47Z,45.46156667,7.79415000,776.00,25.917
7879,4,1028,4947.170901968813,1354.889826104988,2020-08-08T13:04:48Z,45.46160000,7.79403333,776.00,25.919
7880,4,1029,4948.170901968813,1355.889826104988,2020-08-08T13:04:49Z,45.46166667,7.79391667,777.00,25.924
7881,4,1030,4949.170901968813,1356.889826104988,2020-08-08T13:04:50Z,45.46175000,7.79383333,777.00,25.932
7882,4,1031,4950.170901968813,1357.889826104988,2020-08-08T13:04:51Z,45.46185000,7.79376667,778.00,25.942
7883,4,1032,4951.170901968813,1358.889826104988,2020-08-08T13:04:52Z,45.46196667,7.79376667,779.00,25.955
7884,4,1033,4952.170901968813,1359.889826104988,2020-08-08T13:04:53Z,45.46208333,7.79378333,778.00,25.968
7885,4,1034,4953.170901968813,1360.889826104988,2020-08-08T13:04:54Z,45.46216667,7.79386667,778.00,25.978
7886,4,1035,4954.170901968813,1361.889826104988,2020-08-08T13:04:55Z,45.46223333,7.79398333,777.00,25.987
7887,4,1036,4955.170901968813,1362.889826104988,2020-08-08T13:04:56Z,45.46226667,7.79415000,775.00,25.993
7888,4,1037,4956.170901968813,1363.889826104988,2020-08-08T13:04:57Z,45.46225000,7.79430000,774.00,25.993
7889,4,1038,4957.170901968813,1364.889826104988,2020-08-08T13:04:58Z,45.46220000,7.79441667,775.00,25.99
7890,4,1039,4958.170901968813,1365.889826104988,2020-08-08T13:04:59Z,45.46215000,7.79451667,776.00,25.986
7891,4,1040,4959.170901968813,1366.889826104988,2020-08-08T13:05:00Z,45.46208333,7.79458333,778.00,25.979
7892,4,1041,4960.170901968813,1367.889826104988,2020-08-08T13:05:01Z,45.46203333,7.79460000,780.00,25.974
7893,4,1042,4961.170901968813,1368.889826104988,2020-08-08T13:05:02Z,45.46196667,7.79460000,781.00,25.967
7894,4,1043,4962.170901968813,1369.889826104988,2020-08-08T13:05:03Z,45.46191667,7.79456667,782.00,25.961
7895,4,1044,4963.170901968813,1370.889826104988,2020-08-08T13:05:04Z,45.46186667,7.79450000,781.00,25.954
7896,4,1045,4964.170901968813,1371.889826104988,2020-08-08T13:05:05Z,45.46181667,7.79440000,781.00,25.948
7897,4,1046,4965.170901968813,1372.889826104988,2020-08-08T13:05:06Z,45.46180000,7.79426667,780.00,25.944
7898,4,1047,4966.170901968813,1373.889826104988,2020-08-08T13:05:07Z,45.46180000,7.79411667,781.00,25.942
7899,4,1048,4967.170901968813,1374.889826104988,2020-08-08T13:05:08Z,45.46183333,7.79396667,781.00,25.943
7900,4,1049,4968.170901968813,1375.889826104988,2020-08-08T13:05:09Z,45.46186667,7.79383333,782.00,25.945
7901,4,1050,4969.170901968813,1376.889826104988,2020-08-08T13:05:10Z,45.46193333,7.79370000,785.00,25.95
7902,4,1051,4970.170901968813,1377.889826104988,2020-08-08T13:05:11Z,45.46201667,7.79360000,787.00,25.958
7903,4,1052,4971.170901968813,1378.889826104988,2020-08-08T13:05:12Z,45.46210000,7.79351667,788.00,25.966
7904,4,1053,4972.170901968813,1379.889826104988,2020-08-08T13:05:13Z,45.46220000,7.79348333,790.00,25.977
7905,4,1054,4973.170901968813,1380.889826104988,2020-08-08T13:05:14Z,45.46230000,7.79350000,792.00,25.988
7906,4,1055,4974.170901968813,1381.889826104988,2020-08-08T13:05:15Z,45.46236667,7.79358333,791.00,25.996
7907,4,1056,4975.170901968813,1382.889826104988,2020-08-08T13:05:16Z,45.46241667,7.79371667,790.00,26.004
7908,4,1057,4976.170901968813,1383.889826104988,2020-08-08T13:05:17Z,45.46240000,7.79385000,792.00,26.004
7909,4,1058,4977.170901968813,1384.889826104988,2020-08-08T13:05:18Z,45.46233333,7.79395000,792.00,25.998
7910,4,1059,4978.170901968813,1385.889826104988,2020-08-08T13:05:19Z,45.46225000,7.79398333,792.00,25.989
7911,4,1060,4979.170901968813,1386.889826104988,2020-08-08T13:05:20Z,45.46216667,7.79395000,793.00,25.979
7912,4,1061,4980.170901968813,1387.889826104988,2020-08-08T13:05:21Z,45.46210000,7.79388333,794.00,25.971
7913,4,1062,4981.170901968813,1388.889826104988,2020-08-08T13:05:22Z,45.46205000,7.79378333,797.00,25.964
7914,4,1063,4982.170901968813,1389.889826104988,2020-08-08T13:05:23Z,45.46200000,7.79370000,798.00,25.958
7915,4,1064,4983.170901968813,1390.889826104988,2020-08-08T13:05:24Z,45.46196667,7.79361667,799.00,25.953
7916,4,1065,4984.170901968813,1391.889826104988,2020-08-08T13:05:25Z,45.46195000,7.79353333,802.00,25.95
7917,4,1066,4985.170901968813,1392.889826104988,2020-08-08T13:05:26Z,45.46193333,7.79345000,802.00,25.947
7918,4,1067,4986.170901968813,1393.889826104988,2020-08-08T13:05:27Z,45.46193333,7.79335000,803.00,25.946
7919,4,1068,4987.170901968813,1394.889826104988,2020-08-08T13:05:28Z,45.46196667,7.79323333,802.00,25.948
7920,4,1069,4988.170901968813,1395.889826104988,2020-08-08T13:05:29Z,45.46205000,7.79313333,801.00,25.955
7921,4,1070,4989.170901968813,1396.889826104988,2020-08-08T13:05:30Z,45.46216667,7.79306667,799.00,25.967
7922,4,1071,4990.170901968813,1397.889826104988,2020-08-08T13:05:31Z,45.46230000,7.79305000,799.00,25.982
7923,4,1072,4991.170901968813,1398.889826104988,2020-08-08T13:05:32Z,45.46243333,7.79308333,801.00,25.997
7924,4,1073,4992.170901968813,1399.889826104988,2020-08-08T13:05:33Z,45.46253333,7.79313333,802.00,26.008
7925,4,1074,4993.170901968813,1400.889826104988,2020-08-08T13:05:34Z,45.46261667,7.79320000,805.00,26.018
7926,4,1075,4994.170901968813,1401.889826104988,2020-08-08T13:05:35Z,45.46266667,7.79328333,808.00,26.025
7927,4,1076,4995.170901968813,1402.889826104988,2020-08-08T13:05:36Z,45.46271667,7.79338333,809.00,26.032
7928,4,1077,4996.170901968813,1403.889826104988,2020-08-08T13:05:37Z,45.46273333,7.79350000,809.00,26.035
7929,4,1078,4997.170901968813,1404.889826104988,2020-08-08T13:05:38Z,45.46275000,7.79361667,810.00,26.039
7930,4,1079,4998.170901968813,1405.889826104988,2020-08-08T13:05:39Z,45.46271667,7.79371667,810.00,26.036
7931,4,1080,4999.170901968813,1406.889826104988,2020-08-08T13:05:40Z,45.46266667,7.79378333,810.00,26.032
7932,4,1081,5000.170901968813,1407.889826104988,2020-08-08T13:05:41Z,45.46258333,7.79375000,809.00,26.022
7933,4,1082,5001.170901968813,1408.889826104988,2020-08-08T13:05:42Z,45.46251667,7.79365000,809.00,26.014
7934,4,1083,5002.170901968813,1409.889826104988,2020-08-08T13:05:43Z,45.46248333,7.79350000,809.00,26.008
7935,4,1084,5003.170901968813,1410.889826104988,2020-08-08T13:05:44Z,45.46248333,7.79335000,812.00,26.006
7936,4,1085,5004.170901968813,1411.889826104988,2020-08-08T13:05:45Z,45.46253333,7.79323333,814.00,26.01
7937,4,1086,5005.170901968813,1412.889826104988,2020-08-08T13:05:46Z,45.46256667,7.79313333,816.00,26.012
7938,4,1087,5006.170901968813,1413.889826104988,2020-08-08T13:05:47Z,45.46261667,7.79305000,819.00,26.016
7939,4,1088,5007.170901968813,1414.889826104988,2020-08-08T13:05:48Z,45.46266667,7.79295000,820.00,26.02
7940,4,1089,5008.170901968813,1415.889826104988,2020-08-08T13:05:49Z,45.46273333,7.79285000,821.00,26.026
7941,4,1090,5009.170901968813,1416.889826104988,2020-08-08T13:05:50Z,45.46281667,7.79276667,822.00,26.034
7942,4,1091,5010.170901968813,1417.889826104988,2020-08-08T13:05:51Z,45.46291667,7.79273333,823.00,26.045
7943,4,1092,5011.170901968813,1418.889826104988,2020-08-08T13:05:52Z,45.46303333,7.79276667,824.00,26.058
7944,4,1093,5012.170901968813,1419.889826104988,2020-08-08T13:05:53Z,45.46310000,7.79286667,825.00,26.067
7945,4,1094,5013.170901968813,1420.889826104988,2020-08-08T13:05:54Z,45.46313333,7.79300000,826.00,26.072
7946,4,1095,5014.170901968813,1421.889826104988,2020-08-08T13:05:55Z,45.46311667,7.79311667,828.00,26.072
7947,4,1096,5015.170901968813,1422.889826104988,2020-08-08T13:05:56Z,45.46306667,7.79320000,829.00,26.068
7948,4,1097,5016.170901968813,1423.889826104988,2020-08-08T13:05:57Z,45.46300000,7.79323333,831.00,26.061
7949,4,1098,5017.170901968813,1424.889826104988,2020-08-08T13:05:58Z,45.46291667,7.79321667,833.00,26.051
7950,4,1099,5018.170901968813,1425.889826104988,2020-08-08T13:05:59Z,45.46286667,7.79318333,835.00,26.046
7951,4,1100,5019.170901968813,1426.889826104988,2020-08-08T13:06:00Z,45.46281667,7.79313333,836.00,26.039
7952,4,1101,5020.170901968813,1427.889826104988,2020-08-08T13:06:01Z,45.46280000,7.79305000,838.00,26.036
7953,4,1102,5021.170901968813,1428.889826104988,2020-08-08T13:06:02Z,45.46278333,7.79293333,837.00,26.033
7954,4,1103,5022.170901968813,1429.889826104988,2020-08-08T13:06:03Z,45.46278333,7.79280000,837.00,26.031
7955,4,1104,5023.170901968813,1430.889826104988,2020-08-08T13:06:04Z,45.46283333,7.79266667,837.00,26.035
7956,4,1105,5024.170901968813,1431.889826104988,2020-08-08T13:06:05Z,45.46290000,7.79255000,839.00,26.041
7957,4,1106,5025.170901968813,1432.889826104988,2020-08-08T13:06:06Z,45.46300000,7.79248333,839.00,26.051
7958,4,1107,5026.170901968813,1433.889826104988,2020-08-08T13:06:07Z,45.46310000,7.79245000,840.00,26.061
7959,4,1108,5027.170901968813,1434.889826104988,2020-08-08T13:06:08Z,45.46320000,7.79245000,841.00,26.072
7960,4,1109,5028.170901968813,1435.889826104988,2020-08-08T13:06:09Z,45.46331667,7.79250000,841.00,26.086
7961,4,1110,5029.170901968813,1436.889826104988,2020-08-08T13:06:10Z,45.46340000,7.79260000,842.00,26.096
7962,4,1111,5030.170901968813,1437.889826104988,2020-08-08T13:06:11Z,45.46345000,7.79271667,844.00,26.103
7963,4,1112,5031.170901968813,1438.889826104988,2020-08-08T13:06:12Z,45.46345000,7.79285000,845.00,26.105
7964,4,1113,5032.170901968813,1439.889826104988,2020-08-08T13:06:13Z,45.46341667,7.79296667,846.00,26.103
7965,4,1114,5033.170901968813,1440.889826104988,2020-08-08T13:06:14Z,45.46336667,7.79305000,848.00,26.099
7966,4,1115,5034.170901968813,1441.889826104988,2020-08-08T13:06:15Z,45.46331667,7.79311667,850.00,26.094
7967,4,1116,5035.170901968813,1442.889826104988,2020-08-08T13:06:16Z,45.46325000,7.79316667,852.00,26.087
7968,4,1117,5036.170901968813,1443.889826104988,2020-08-08T13:06:17Z,45.46318333,7.79320000,853.00,26.08
7969,4,1118,5037.170901968813,1444.889826104988,2020-08-08T13:06:18Z,45.46311667,7.79318333,854.00,26.073
7970,4,1119,5038.170901968813,1445.889826104988,2020-08-08T13:06:19Z,45.46306667,7.79310000,855.00,26.066
7971,4,1120,5039.170901968813,1446.889826104988,2020-08-08T13:06:20Z,45.46303333,7.79298333,854.00,26.061
7972,4,1121,5040.170901968813,1447.889826104988,2020-08-08T13:06:21Z,45.46306667,7.79285000,855.00,26.063
7973,4,1122,5041.170901968813,1448.889826104988,2020-08-08T13:06:22Z,45.46313333,7.79273333,855.00,26.069
7974,4,1123,5042.170901968813,1449.889826104988,2020-08-08T13:06:23Z,45.46321667,7.79266667,856.00,26.077
7975,4,1124,5043.170901968813,1450.889826104988,2020-08-08T13:06:24Z,45.46331667,7.79263333,857.00,26.088
7976,4,1125,5044.170901968813,1451.889826104988,2020-08-08T13:06:25Z,45.46341667,7.79265000,858.00,26.099
7977,4,1126,5045.170901968813,1452.889826104988,2020-08-08T13:06:26Z,45.46351667,7.79270000,858.00,26.11
7978,4,1127,5046.170901968813,1453.889826104988,2020-08-08T13:06:27Z,45.46358333,7.79280000,860.00,26.119
7979,4,1128,5047.170901968813,1454.889826104988,2020-08-08T13:06:28Z,45.46365000,7.79291667,861.00,26.128
7980,4,1129,5048.170901968813,1455.889826104988,2020-08-08T13:06:29Z,45.46365000,7.79303333,863.00,26.129
7981,4,1130,5049.170901968813,1456.889826104988,2020-08-08T13:06:30Z,45.46363333,7.79315000,864.00,26.129
7982,4,1131,5050.170901968813,1457.889826104988,2020-08-08T13:06:31Z,45.46358333,7.79321667,865.00,26.124
7983,4,1132,5051.170901968813,1458.889826104988,2020-08-08T13:06:32Z,45.46351667,7.79323333,865.00,26.117
7984,4,1133,5052.170901968813,1459.889826104988,2020-08-08T13:06:33Z,45.46345000,7.79321667,866.00,26.11
7985,4,1134,5053.170901968813,1460.889826104988,2020-08-08T13:06:34Z,45.46341667,7.79313333,866.00,26.105
7986,4,1135,5054.170901968813,1461.889826104988,2020-08-08T13:06:35Z,45.46340000,7.79301667,867.00,26.102
7987,4,1136,5055.170901968813,1462.889826104988,2020-08-08T13:06:36Z,45.46341667,7.79290000,866.00,26.102
7988,4,1137,5056.170901968813,1463.889826104988,2020-08-08T13:06:37Z,45.46346667,7.79278333,867.00,26.106
7989,4,1138,5057.170901968813,1464.889826104988,2020-08-08T13:06:38Z,45.46353333,7.79268333,868.00,26.112
7990,4,1139,5058.170901968813,1465.889826104988,2020-08-08T13:06:39Z,45.46363333,7.79263333,869.00,26.122
7991,4,1140,5059.170901968813,1466.889826104988,2020-08-08T13:06:40Z,45.46371667,7.79261667,869.00,26.131
7992,4,1141,5060.170901968813,1467.889826104988,2020-08-08T13:06:41Z,45.46383333,7.79261667,869.00,26.144
7993,4,1142,5061.170901968813,1468.889826104988,2020-08-08T13:06:42Z,45.46393333,7.79265000,870.00,26.155
7994,4,1143,5062.170901968813,1469.889826104988,2020-08-08T13:06:43Z,45.46401667,7.79271667,872.00,26.165
7995,4,1144,5063.170901968813,1470.889826104988,2020-08-08T13:06:44Z,45.46410000,7.79280000,872.00,26.176
7996,4,1145,5064.170901968813,1471.889826104988,2020-08-08T13:06:45Z,45.46416667,7.79290000,874.00,26.184
7997,4,1146,5065.170901968813,1472.889826104988,2020-08-08T13:06:46Z,45.46420000,7.79303333,875.00,26.19
7998,4,1147,5066.170901968813,1473.889826104988,2020-08-08T13:06:47Z,45.46421667,7.79315000,875.00,26.193
7999,4,1148,5067.170901968813,1474.889826104988,2020-08-08T13:06:48Z,45.46420000,7.79326667,876.00,26.193
8000,4,1149,5068.170901968813,1475.889826104988,2020-08-08T13:06:49Z,45.46416667,7.79338333,876.00,26.191
8001,4,1150,5069.170901968813,1476.889826104988,2020-08-08T13:06:50Z,45.46411667,7.79346667,877.00,26.186
8002,4,1151,5070.170901968813,1477.889826104988,2020-08-08T13:06:51Z,45.46405000,7.79351667,877.00,26.18
8003,4,1152,5071.170901968813,1478.889826104988,2020-08-08T13:06:52Z,45.46396667,7.79355000,877.00,26.171
8004,4,1153,5072.170901968813,1479.889826104988,2020-08-08T13:06:53Z,45.46390000,7.79355000,876.00,26.164
8005,4,1154,5073.170901968813,1480.889826104988,2020-08-08T13:06:54Z,45.46381667,7.79355000,876.00,26.154
8006,4,1155,5074.170901968813,1481.889826104988,2020-08-08T13:06:55Z,45.46375000,7.79355000,877.00,26.147
8007,4,1156,5075.170901968813,1482.889826104988,2020-08-08T13:06:56Z,45.46366667,7.79355000,878.00,26.138
8008,4,1157,5076.170901968813,1483.889826104988,2020-08-08T13:06:57Z,45.46360000,7.79355000,877.00,26.131
8009,4,1158,5077.170901968813,1484.889826104988,2020-08-08T13:06:58Z,45.46353333,7.79353333,876.00,26.123
8010,4,1159,5078.170901968813,1485.889826104988,2020-08-08T13:06:59Z,45.46345000,7.79353333,876.00,26.114
8011,4,1160,5079.170901968813,1486.889826104988,2020-08-08T13:07:00Z,45.46336667,7.79353333,873.00,26.105
8012,4,1161,5080.170901968813,1487.889826104988,2020-08-08T13:07:01Z,45.46326667,7.79355000,871.00,26.094
8013,4,1162,5081.170901968813,1488.889826104988,2020-08-08T13:07:02Z,45.46316667,7.79356667,869.00,26.084
8014,4,1163,5082.170901968813,1489.889826104988,2020-08-08T13:07:03Z,45.46308333,7.79358333,868.00,26.075
8015,4,1164,5083.170901968813,1490.889826104988,2020-08-08T13:07:04Z,45.46298333,7.79358333,867.00,26.064
8016,4,1165,5084.170901968813,1491.889826104988,2020-08-08T13:07:05Z,45.46290000,7.79360000,866.00,26.055
8017,4,1166,5085.170901968813,1492.889826104988,2020-08-08T13:07:06Z,45.46280000,7.79360000,865.00,26.044
8018,4,1167,5086.170901968813,1493.889826104988,2020-08-08T13:07:07Z,45.46271667,7.79360000,864.00,26.035
8019,4,1168,5087.170901968813,1494.889826104988,2020-08-08T13:07:08Z,45.46263333,7.79360000,862.00,26.026
8020,4,1169,5088.170901968813,1495.889826104988,2020-08-08T13:07:09Z,45.46256667,7.79360000,860.00,26.018
8021,4,1170,5089.170901968813,1496.889826104988,2020-08-08T13:07:10Z,45.46250000,7.79360000,858.00,26.011
8022,4,1171,5090.170901968813,1497.889826104988,2020-08-08T13:07:11Z,45.46241667,7.79358333,855.00,26.002
8023,4,1172,5091.170901968813,1498.889826104988,2020-08-08T13:07:12Z,45.46233333,7.79356667,852.00,25.992
8024,4,1173,5092.170901968813,1499.889826104988,2020-08-08T13:07:13Z,45.46221667,7.79353333,849.00,25.979
8025,4,1174,5093.170901968813,1500.889826104988,2020-08-08T13:07:14Z,45.46210000,7.79351667,845.00,25.966
8026,4,1175,5094.170901968813,1501.889826104988,2020-08-08T13:07:15Z,45.46196667,7.79346667,843.00,25.951
8027,4,1176,5095.170901968813,1502.889826104988,2020-08-08T13:07:16Z,45.46185000,7.79343333,843.00,25.938
8028,4,1177,5096.170901968813,1503.889826104988,2020-08-08T13:07:17Z,45.46175000,7.79338333,843.00,25.926
8029,4,1178,5097.170901968813,1504.889826104988,2020-08-08T13:07:18Z,45.46165000,7.79335000,843.00,25.915
8030,4,1179,5098.170901968813,1505.889826104988,2020-08-08T13:07:19Z,45.46155000,7.79331667,843.00,25.903
8031,4,1180,5099.170901968813,1506.889826104988,2020-08-08T13:07:20Z,45.46145000,7.79328333,842.00,25.892
8032,4,1181,5100.170901968813,1507.889826104988,2020-08-08T13:07:21Z,45.46133333,7.79326667,840.00,25.879
8033,4,1182,5101.170901968813,1508.889826104988,2020-08-08T13:07:22Z,45.46123333,7.79323333,838.00,25.867
8034,4,1183,5102.170901968813,1509.889826104988,2020-08-08T13:07:23Z,45.46111667,7.79321667,837.00,25.854
8035,4,1184,5103.170901968813,1510.889826104988,2020-08-08T13:07:24Z,45.46100000,7.79318333,837.00,25.841
8036,4,1185,5104.170901968813,1511.889826104988,2020-08-08T13:07:25Z,45.46088333,7.79313333,837.00,25.828
8037,4,1186,5105.170901968813,1512.889826104988,2020-08-08T13:07:26Z,45.46076667,7.79310000,838.00,25.814
8038,4,1187,5106.170901968813,1513.889826104988,2020-08-08T13:07:27Z,45.46066667,7.79306667,839.00,25.803
8039,4,1188,5107.170901968813,1514.889826104988,2020-08-08T13:07:28Z,45.46055000,7.79303333,839.00,25.79
8040,4,1189,5108.170901968813,1515.889826104988,2020-08-08T13:07:29Z,45.46045000,7.79301667,839.00,25.779
8041,4,1190,5109.170901968813,1516.889826104988,2020-08-08T13:07:30Z,45.46033333,7.79298333,839.00,25.765
8042,4,1191,5110.170901968813,1517.889826104988,2020-08-08T13:07:31Z,45.46021667,7.79295000,839.00,25.752
8043,4,1192,5111.170901968813,1518.889826104988,2020-08-08T13:07:32Z,45.46010000,7.79291667,838.00,25.739
8044,4,1193,5112.170901968813,1519.889826104988,2020-08-08T13:07:33Z,45.46000000,7.79288333,838.00,25.728
8045,4,1194,5113.170901968813,1520.889826104988,2020-08-08T13:07:34Z,45.45988333,7.79285000,839.00,25.714
8046,4,1195,5114.170901968813,1521.889826104988,2020-08-08T13:07:35Z,45.45976667,7.79281667,839.00,25.701
8047,4,1196,5115.170901968813,1522.889826104988,2020-08-08T13:07:36Z,45.45965000,7.79276667,841.00,25.688
8048,4,1197,5116.170901968813,1523.889826104988,2020-08-08T13:07:37Z,45.45955000,7.79273333,842.00,25.676
8049,4,1198,5117.170901968813,1524.889826104988,2020-08-08T13:07:38Z,45.45945000,7.79270000,843.00,25.665
8050,4,1199,5118.170901968813,1525.889826104988,2020-08-08T13:07:39Z,45.45935000,7.79266667,843.00,25.653
8051,4,1200,5119.170901968813,1526.889826104988,2020-08-08T13:07:40Z,45.45925000,7.79263333,844.00,25.642
8052,4,1201,5120.170901968813,1527.889826104988,2020-08-08T13:07:41Z,45.45913333,7.79260000,843.00,25.629
8053,4,1202,5121.170901968813,1528.889826104988,2020-08-08T13:07:42Z,45.45901667,7.79256667,841.00,25.616
8054,4,1203,5122.170901968813,1529.889826104988,2020-08-08T13:07:43Z,45.45890000,7.79256667,840.00,25.603
8055,4,1204,5123.170901968813,1530.889826104988,2020-08-08T13:07:44Z,45.45878333,7.79255000,839.00,25.59
8056,4,1205,5124.170901968813,1531.889826104988,2020-08-08T13:07:45Z,45.45865000,7.79253333,840.00,25.575
8057,4,1206,5125.170901968813,1532.889826104988,2020-08-08T13:07:46Z,45.45853333,7.79251667,839.00,25.562
8058,4,1207,5126.170901968813,1533.889826104988,2020-08-08T13:07:47Z,45.45841667,7.79248333,838.00,25.549
8059,4,1208,5127.170901968813,1534.889826104988,2020-08-08T13:07:48Z,45.45830000,7.79243333,838.00,25.535
8060,4,1209,5128.170901968813,1535.889826104988,2020-08-08T13:07:49Z,45.45818333,7.79240000,838.00,25.522
8061,4,1210,5129.170901968813,1536.889826104988,2020-08-08T13:07:50Z,45.45806667,7.79240000,838.00,25.509
8062,4,1211,5130.170901968813,1537.889826104988,2020-08-08T13:07:51Z,45.45796667,7.79241667,838.00,25.499
8063,4,1212,5131.170901968813,1538.889826104988,2020-08-08T13:07:52Z,45.45786667,7.79241667,837.00,25.488
8064,4,1213,5132.170901968813,1539.889826104988,2020-08-08T13:07:53Z,45.45778333,7.79240000,834.00,25.478
8065,4,1214,5133.170901968813,1540.889826104988,2020-08-08T13:07:54Z,45.45770000,7.79236667,831.00,25.469
8066,4,1215,5134.170901968813,1541.889826104988,2020-08-08T13:07:55Z,45.45760000,7.79233333,827.00,25.457
8067,4,1216,5135.170901968813,1542.889826104988,2020-08-08T13:07:56Z,45.45748333,7.79231667,823.00,25.444
8068,4,1217,5136.170901968813,1543.889826104988,2020-08-08T13:07:57Z,45.45736667,7.79230000,820.00,25.431
8069,4,1218,5137.170901968813,1544.889826104988,2020-08-08T13:07:58Z,45.45725000,7.79226667,818.00,25.418
8070,4,1219,5138.170901968813,1545.889826104988,2020-08-08T13:07:59Z,45.45715000,7.79220000,818.00,25.406
8071,4,1220,5139.170901968813,1546.889826104988,2020-08-08T13:08:00Z,45.45706667,7.79216667,820.00,25.397
8072,4,1221,5140.170901968813,1547.889826104988,2020-08-08T13:08:01Z,45.45700000,7.79213333,821.00,25.389
8073,4,1222,5141.170901968813,1548.889826104988,2020-08-08T13:08:02Z,45.45693333,7.79213333,820.00,25.382
8074,4,1223,5142.170901968813,1549.889826104988,2020-08-08T13:08:03Z,45.45685000,7.79211667,820.00,25.372
8075,4,1224,5143.170901968813,1550.889826104988,2020-08-08T13:08:04Z,45.45675000,7.79211667,818.00,25.361
8076,4,1225,5144.170901968813,1551.889826104988,2020-08-08T13:08:05Z,45.45663333,7.79208333,815.00,25.348
8077,4,1226,5145.170901968813,1552.889826104988,2020-08-08T13:08:06Z,45.45650000,7.79201667,814.00,25.333
8078,4,1227,5146.170901968813,1553.889826104988,2020-08-08T13:08:07Z,45.45638333,7.79193333,815.00,25.319
8079,4,1228,5147.170901968813,1554.889826104988,2020-08-08T13:08:08Z,45.45630000,7.79186667,819.00,25.309
8080,4,1229,5148.170901968813,1555.889826104988,2020-08-08T13:08:09Z,45.45623333,7.79183333,822.00,25.301
8081,4,1230,5149.170901968813,1556.889826104988,2020-08-08T13:08:10Z,45.45616667,7.79181667,824.00,25.293
8082,4,1231,5150.170901968813,1557.889826104988,2020-08-08T13:08:11Z,45.45610000,7.79183333,825.00,25.286
8083,4,1232,5151.170901968813,1558.889826104988,2020-08-08T13:08:12Z,45.45601667,7.79183333,824.00,25.277
8084,4,1233,5152.170901968813,1559.889826104988,2020-08-08T13:08:13Z,45.45591667,7.79181667,823.00,25.266
8085,4,1234,5153.170901968813,1560.889826104988,2020-08-08T13:08:14Z,45.45580000,7.79180000,820.00,25.253
8086,4,1235,5154.170901968813,1561.889826104988,2020-08-08T13:08:15Z,45.45566667,7.79176667,818.00,25.238
8087,4,1236,5155.170901968813,1562.889826104988,2020-08-08T13:08:16Z,45.45553333,7.79173333,816.00,25.223
8088,4,1237,5156.170901968813,1563.889826104988,2020-08-08T13:08:17Z,45.45538333,7.79170000,814.00,25.206
8089,4,1238,5157.170901968813,1564.889826104988,2020-08-08T13:08:18Z,45.45525000,7.79166667,813.00,25.191
8090,4,1239,5158.170901968813,1565.889826104988,2020-08-08T13:08:19Z,45.45511667,7.79166667,814.00,25.176
8091,4,1240,5159.170901968813,1566.889826104988,2020-08-08T13:08:20Z,45.45500000,7.79166667,815.00,25.164
8092,4,1241,5160.170901968813,1567.889826104988,2020-08-08T13:08:21Z,45.45486667,7.79165000,816.00,25.149
8093,4,1242,5161.170901968813,1568.889826104988,2020-08-08T13:08:22Z,45.45476667,7.79163333,815.00,25.138
8094,4,1243,5162.170901968813,1569.889826104988,2020-08-08T13:08:23Z,45.45465000,7.79160000,817.00,25.124
8095,4,1244,5163.170901968813,1570.889826104988,2020-08-08T13:08:24Z,45.45455000,7.79156667,820.00,25.113
8096,4,1245,5164.170901968813,1571.889826104988,2020-08-08T13:08:25Z,45.45445000,7.79151667,821.00,25.101
8097,4,1246,5165.170901968813,1572.889826104988,2020-08-08T13:08:26Z,45.45436667,7.79150000,821.00,25.092
8098,4,1247,5166.170901968813,1573.889826104988,2020-08-08T13:08:27Z,45.45426667,7.79146667,820.00,25.081
8099,4,1248,5167.170901968813,1574.889826104988,2020-08-08T13:08:28Z,45.45416667,7.79145000,819.00,25.069
8100,4,1249,5168.170901968813,1575.889826104988,2020-08-08T13:08:29Z,45.45406667,7.79143333,815.00,25.058
8101,4,1250,5169.170901968813,1576.889826104988,2020-08-08T13:08:30Z,45.45393333,7.79141667,813.00,25.043
8102,4,1251,5170.170901968813,1577.889826104988,2020-08-08T13:08:31Z,45.45380000,7.79138333,810.00,25.028
8103,4,1252,5171.170901968813,1578.889826104988,2020-08-08T13:08:32Z,45.45365000,7.79135000,808.00,25.011
8104,4,1253,5172.170901968813,1579.889826104988,2020-08-08T13:08:33Z,45.45351667,7.79131667,808.00,24.996
8105,4,1254,5173.170901968813,1580.889826104988,2020-08-08T13:08:34Z,45.45338333,7.79128333,809.00,24.981
8106,4,1255,5174.170901968813,1581.889826104988,2020-08-08T13:08:35Z,45.45326667,7.79125000,809.00,24.968
8107,4,1256,5175.170901968813,1582.889826104988,2020-08-08T13:08:36Z,45.45316667,7.79120000,810.00,24.956
8108,4,1257,5176.170901968813,1583.889826104988,2020-08-08T13:08:37Z,45.45305000,7.79116667,811.00,24.943
8109,4,1258,5177.170901968813,1584.889826104988,2020-08-08T13:08:38Z,45.45295000,7.79113333,810.00,24.932
8110,4,1259,5178.170901968813,1585.889826104988,2020-08-08T13:08:39Z,45.45283333,7.79110000,808.00,24.919
8111,4,1260,5179.170901968813,1586.889826104988,2020-08-08T13:08:40Z,45.45271667,7.79106667,805.00,24.905
8112,4,1261,5180.170901968813,1587.889826104988,2020-08-08T13:08:41Z,45.45258333,7.79103333,803.00,24.89
8113,4,1262,5181.170901968813,1588.889826104988,2020-08-08T13:08:42Z,45.45245000,7.79100000,800.00,24.875
8114,4,1263,5182.170901968813,1589.889826104988,2020-08-08T13:08:43Z,45.45233333,7.79098333,798.00,24.862
8115,4,1264,5183.170901968813,1590.889826104988,2020-08-08T13:08:44Z,45.45220000,7.79096667,795.00,24.847
8116,4,1265,5184.170901968813,1591.889826104988,2020-08-08T13:08:45Z,45.45206667,7.79093333,792.00,24.832
8117,4,1266,5185.170901968813,1592.889826104988,2020-08-08T13:08:46Z,45.45195000,7.79091667,789.00,24.819
8118,4,1267,5186.170901968813,1593.889826104988,2020-08-08T13:08:47Z,45.45181667,7.79090000,787.00,24.805
8119,4,1268,5187.170901968813,1594.889826104988,2020-08-08T13:08:48Z,45.45168333,7.79086667,784.00,24.79
8120,4,1269,5188.170901968813,1595.889826104988,2020-08-08T13:08:49Z,45.45155000,7.79085000,781.00,24.775
8121,4,1270,5189.170901968813,1596.889826104988,2020-08-08T13:08:50Z,45.45141667,7.79081667,778.00,24.76
8122,4,1271,5190.170901968813,1597.889826104988,2020-08-08T13:08:51Z,45.45128333,7.79076667,776.00,24.744
8123,4,1272,5191.170901968813,1598.889826104988,2020-08-08T13:08:52Z,45.45116667,7.79071667,775.00,24.731
8124,4,1273,5192.170901968813,1599.889826104988,2020-08-08T13:08:53Z,45.45103333,7.79068333,774.00,24.716
8125,4,1274,5193.170901968813,1600.889826104988,2020-08-08T13:08:54Z,45.45091667,7.79063333,774.00,24.702
8126,4,1275,5194.170901968813,1601.889826104988,2020-08-08T13:08:55Z,45.45080000,7.79060000,773.00,24.689
8127,4,1276,5195.170901968813,1602.889826104988,2020-08-08T13:08:56Z,45.45068333,7.79055000,773.00,24.676
8128,4,1277,5196.170901968813,1603.889826104988,2020-08-08T13:08:57Z,45.45056667,7.79053333,773.00,24.663
8129,4,1278,5197.170901968813,1604.889826104988,2020-08-08T13:08:58Z,45.45045000,7.79050000,771.00,24.649
8130,4,1279,5198.170901968813,1605.889826104988,2020-08-08T13:08:59Z,45.45033333,7.79046667,771.00,24.636
8131,4,1280,5199.170901968813,1606.889826104988,2020-08-08T13:09:00Z,45.45020000,7.79043333,770.00,24.621
8132,4,1281,5200.170901968813,1607.889826104988,2020-08-08T13:09:01Z,45.45006667,7.79038333,769.00,24.606
8133,4,1282,5201.170901968813,1608.889826104988,2020-08-08T13:09:02Z,45.44991667,7.79033333,768.00,24.589
8134,4,1283,5202.170901968813,1609.889826104988,2020-08-08T13:09:03Z,45.44978333,7.79026667,768.00,24.573
8135,4,1284,5203.170901968813,1610.889826104988,2020-08-08T13:09:04Z,45.44963333,7.79021667,770.00,24.556
8136,4,1285,5204.170901968813,1611.889826104988,2020-08-08T13:09:05Z,45.44951667,7.79016667,771.00,24.543
8137,4,1286,5205.170901968813,1612.889826104988,2020-08-08T13:09:06Z,45.44940000,7.79011667,774.00,24.529
8138,4,1287,5206.170901968813,1613.889826104988,2020-08-08T13:09:07Z,45.44928333,7.79006667,775.00,24.516
8139,4,1288,5207.170901968813,1614.889826104988,2020-08-08T13:09:08Z,45.44916667,7.79001667,776.00,24.502
8140,4,1289,5208.170901968813,1615.889826104988,2020-08-08T13:09:09Z,45.44906667,7.78996667,777.00,24.491
8141,4,1290,5209.170901968813,1616.889826104988,2020-08-08T13:09:10Z,45.44896667,7.78993333,777.00,24.479
8142,4,1291,5210.170901968813,1617.889826104988,2020-08-08T13:09:11Z,45.44885000,7.78990000,776.00,24.466
8143,4,1292,5211.170901968813,1618.889826104988,2020-08-08T13:09:12Z,45.44875000,7.78986667,775.00,24.455
8144,4,1293,5212.170901968813,1619.889826104988,2020-08-08T13:09:13Z,45.44863333,7.78983333,773.00,24.441
8145,4,1294,5213.170901968813,1620.889826104988,2020-08-08T13:09:14Z,45.44850000,7.78980000,770.00,24.426
8146,4,1295,5214.170901968813,1621.889826104988,2020-08-08T13:09:15Z,45.44838333,7.78976667,768.00,24.413
8147,4,1296,5215.170901968813,1622.889826104988,2020-08-08T13:09:16Z,45.44825000,7.78973333,767.00,24.398
8148,4,1297,5216.170901968813,1623.889826104988,2020-08-08T13:09:17Z,45.44811667,7.78970000,766.00,24.383
8149,4,1298,5217.170901968813,1624.889826104988,2020-08-08T13:09:18Z,45.44798333,7.78966667,765.00,24.368
8150,4,1299,5218.170901968813,1625.889826104988,2020-08-08T13:09:19Z,45.44786667,7.78960000,764.00,24.354
8151,4,1300,5219.170901968813,1626.889826104988,2020-08-08T13:09:20Z,45.44775000,7.78953333,764.00,24.341
8152,4,1301,5220.170901968813,1627.889826104988,2020-08-08T13:09:21Z,45.44763333,7.78945000,764.00,24.327
8153,4,1302,5221.170901968813,1628.889826104988,2020-08-08T13:09:22Z,45.44751667,7.78938333,762.00,24.313
8154,4,1303,5222.170901968813,1629.889826104988,2020-08-08T13:09:23Z,45.44741667,7.78930000,762.00,24.301
8155,4,1304,5223.170901968813,1630.889826104988,2020-08-08T13:09:24Z,45.44730000,7.78923333,763.00,24.287
8156,4,1305,5224.170901968813,1631.889826104988,2020-08-08T13:09:25Z,45.44720000,7.78916667,763.00,24.276
8157,4,1306,5225.170901968813,1632.889826104988,2020-08-08T13:09:26Z,45.44711667,7.78910000,764.00,24.266
8158,4,1307,5226.170901968813,1633.889826104988,2020-08-08T13:09:27Z,45.44703333,7.78901667,764.00,24.255
8159,4,1308,5227.170901968813,1634.889826104988,2020-08-08T13:09:28Z,45.44693333,7.78895000,765.00,24.243
8160,4,1309,5228.170901968813,1635.889826104988,2020-08-08T13:09:29Z,45.44683333,7.78886667,764.00,24.231
8161,4,1310,5229.170901968813,1636.889826104988,2020-08-08T13:09:30Z,45.44671667,7.78878333,763.00,24.217
8162,4,1311,5230.170901968813,1637.889826104988,2020-08-08T13:09:31Z,45.44660000,7.78870000,764.00,24.204
8163,4,1312,5231.170901968813,1638.889826104988,2020-08-08T13:09:32Z,45.44650000,7.78863333,765.00,24.192
8164,4,1313,5232.170901968813,1639.889826104988,2020-08-08T13:09:33Z,45.44640000,7.78858333,765.00,24.18
8165,4,1314,5233.170901968813,1640.889826104988,2020-08-08T13:09:34Z,45.44631667,7.78853333,766.00,24.17
8166,4,1315,5234.170901968813,1641.889826104988,2020-08-08T13:09:35Z,45.44621667,7.78846667,766.00,24.159
8167,4,1316,5235.170901968813,1642.889826104988,2020-08-08T13:09:36Z,45.44615000,7.78841667,767.00,24.151
8168,4,1317,5236.170901968813,1643.889826104988,2020-08-08T13:09:37Z,45.44608333,7.78835000,768.00,24.142
8169,4,1318,5237.170901968813,1644.889826104988,2020-08-08T13:09:38Z,45.44601667,7.78830000,769.00,24.134
8170,4,1319,5238.170901968813,1645.889826104988,2020-08-08T13:09:39Z,45.44595000,7.78825000,769.00,24.126
8171,4,1320,5239.170901968813,1646.889826104988,2020-08-08T13:09:40Z,45.44586667,7.78818333,769.00,24.116
8172,4,1321,5240.170901968813,1647.889826104988,2020-08-08T13:09:41Z,45.44580000,7.78808333,770.00,24.108
8173,4,1322,5241.170901968813,1648.889826104988,2020-08-08T13:09:42Z,45.44571667,7.78798333,771.00,24.097
8174,4,1323,5242.170901968813,1649.889826104988,2020-08-08T13:09:43Z,45.44565000,7.78788333,773.00,24.089
8175,4,1324,5243.170901968813,1650.889826104988,2020-08-08T13:09:44Z,45.44558333,7.78778333,774.00,24.08
8176,4,1325,5244.170901968813,1651.889826104988,2020-08-08T13:09:45Z,45.44550000,7.78770000,776.00,24.07
8177,4,1326,5245.170901968813,1652.889826104988,2020-08-08T13:09:46Z,45.44543333,7.78763333,777.00,24.062
8178,4,1327,5246.170901968813,1653.889826104988,2020-08-08T13:09:47Z,45.44535000,7.78758333,779.00,24.052
8179,4,1328,5247.170901968813,1654.889826104988,2020-08-08T13:09:48Z,45.44526667,7.78758333,781.00,24.043
8180,4,1329,5248.170901968813,1655.889826104988,2020-08-08T13:09:49Z,45.44520000,7.78761667,783.00,24.036
8181,4,1330,5249.170901968813,1656.889826104988,2020-08-08T13:09:50Z,45.44516667,7.78770000,784.00,24.034
8182,4,1331,5250.170901968813,1657.889826104988,2020-08-08T13:09:51Z,45.44515000,7.78780000,785.00,24.033
8183,4,1332,5251.170901968813,1658.889826104988,2020-08-08T13:09:52Z,45.44518333,7.78791667,787.00,24.038
8184,4,1333,5252.170901968813,1659.889826104988,2020-08-08T13:09:53Z,45.44525000,7.78803333,788.00,24.047
8185,4,1334,5253.170901968813,1660.889826104988,2020-08-08T13:09:54Z,45.44535000,7.78810000,787.00,24.059
8186,4,1335,5254.170901968813,1661.889826104988,2020-08-08T13:09:55Z,45.44548333,7.78810000,787.00,24.073
8187,4,1336,5255.170901968813,1662.889826104988,2020-08-08T13:09:56Z,45.44561667,7.78800000,788.00,24.087
8188,4,1337,5256.170901968813,1663.889826104988,2020-08-08T13:09:57Z,45.44571667,7.78785000,789.00,24.096
8189,4,1338,5257.170901968813,1664.889826104988,2020-08-08T13:09:58Z,45.44578333,7.78768333,791.00,24.101
8190,4,1339,5258.170901968813,1665.889826104988,2020-08-08T13:09:59Z,45.44578333,7.78753333,793.00,24.099
8191,4,1340,5259.170901968813,1666.889826104988,2020-08-08T13:10:00Z,45.44576667,7.78741667,796.00,24.096
8192,4,1341,5260.170901968813,1667.889826104988,2020-08-08T13:10:01Z,45.44571667,7.78731667,797.00,24.089
8193,4,1342,5261.170901968813,1668.889826104988,2020-08-08T13:10:02Z,45.44563333,7.78726667,797.00,24.079
8194,4,1343,5262.170901968813,1669.889826104988,2020-08-08T13:10:03Z,45.44555000,7.78723333,796.00,24.07
8195,4,1344,5263.170901968813,1670.889826104988,2020-08-08T13:10:04Z,45.44543333,7.78723333,796.00,24.057
8196,4,1345,5264.170901968813,1671.889826104988,2020-08-08T13:10:05Z,45.44533333,7.78726667,799.00,24.046
8197,4,1346,5265.170901968813,1672.889826104988,2020-08-08T13:10:06Z,45.44526667,7.78731667,802.00,24.04
8198,4,1347,5266.170901968813,1673.889826104988,2020-08-08T13:10:07Z,45.44521667,7.78736667,804.00,24.035
8199,4,1348,5267.170901968813,1674.889826104988,2020-08-08T13:10:08Z,45.44518333,7.78743333,806.00,24.032
8200,4,1349,5268.170901968813,1675.889826104988,2020-08-08T13:10:09Z,45.44516667,7.78755000,806.00,24.032
8201,4,1350,5269.170901968813,1676.889826104988,2020-08-08T13:10:10Z,45.44516667,7.78770000,805.00,24.034
8202,4,1351,5270.170901968813,1677.889826104988,2020-08-08T13:10:11Z,45.44520000,7.78788333,805.00,24.04
8203,4,1352,5271.170901968813,1678.889826104988,2020-08-08T13:10:12Z,45.44526667,7.78803333,807.00,24.049
8204,4,1353,5272.170901968813,1679.889826104988,2020-08-08T13:10:13Z,45.44536667,7.78811667,808.00,24.061
8205,4,1354,5273.170901968813,1680.889826104988,2020-08-08T13:10:14Z,45.44550000,7.78810000,809.00,24.075
8206,4,1355,5274.170901968813,1681.889826104988,2020-08-08T13:10:15Z,45.44561667,7.78801667,809.00,24.087
8207,4,1356,5275.170901968813,1682.889826104988,2020-08-08T13:10:16Z,45.44570000,7.78788333,810.00,24.094
8208,4,1357,5276.170901968813,1683.889826104988,2020-08-08T13:10:17Z,45.44573333,7.78771667,811.00,24.096
8209,4,1358,5277.170901968813,1684.889826104988,2020-08-08T13:10:18Z,45.44571667,7.78758333,812.00,24.092
8210,4,1359,5278.170901968813,1685.889826104988,2020-08-08T13:10:19Z,45.44566667,7.78748333,813.00,24.086
8211,4,1360,5279.170901968813,1686.889826104988,2020-08-08T13:10:20Z,45.44558333,7.78741667,814.00,24.076
8212,4,1361,5280.170901968813,1687.889826104988,2020-08-08T13:10:21Z,45.44551667,7.78741667,816.00,24.068
8213,4,1362,5281.170901968813,1688.889826104988,2020-08-08T13:10:22Z,45.44545000,7.78743333,817.00,24.061
8214,4,1363,5282.170901968813,1689.889826104988,2020-08-08T13:10:23Z,45.44541667,7.78750000,818.00,24.059
8215,4,1364,5283.170901968813,1690.889826104988,2020-08-08T13:10:24Z,45.44538333,7.78760000,819.00,24.056
8216,4,1365,5284.170901968813,1691.889826104988,2020-08-08T13:10:25Z,45.44538333,7.78771667,821.00,24.058
8217,4,1366,5285.170901968813,1692.889826104988,2020-08-08T13:10:26Z,45.44538333,7.78781667,822.00,24.059
8218,4,1367,5286.170901968813,1693.889826104988,2020-08-08T13:10:27Z,45.44543333,7.78791667,824.00,24.066
8219,4,1368,5287.170901968813,1694.889826104988,2020-08-08T13:10:28Z,45.44548333,7.78800000,824.00,24.072
8220,4,1369,5288.170901968813,1695.889826104988,2020-08-08T13:10:29Z,45.44558333,7.78806667,824.00,24.084
8221,4,1370,5289.170901968813,1696.889826104988,2020-08-08T13:10:30Z,45.44568333,7.78811667,823.00,24.096
8222,4,1371,5290.170901968813,1697.889826104988,2020-08-08T13:10:31Z,45.44578333,7.78811667,824.00,24.107
8223,4,1372,5291.170901968813,1698.889826104988,2020-08-08T13:10:32Z,45.44590000,7.78806667,823.00,24.119
8224,4,1373,5292.170901968813,1699.889826104988,2020-08-08T13:10:33Z,45.44600000,7.78796667,822.00,24.128
8225,4,1374,5293.170901968813,1700.889826104988,2020-08-08T13:10:34Z,45.44608333,7.78783333,822.00,24.136
8226,4,1375,5294.170901968813,1701.889826104988,2020-08-08T13:10:35Z,45.44615000,7.78768333,823.00,24.141
8227,4,1376,5295.170901968813,1702.889826104988,2020-08-08T13:10:36Z,45.44618333,7.78753333,823.00,24.143
8228,4,1377,5296.170901968813,1703.889826104988,2020-08-08T13:10:37Z,45.44618333,7.78738333,824.00,24.141
8229,4,1378,5297.170901968813,1704.889826104988,2020-08-08T13:10:38Z,45.44616667,7.78725000,824.00,24.138
8230,4,1379,5298.170901968813,1705.889826104988,2020-08-08T13:10:39Z,45.44611667,7.78711667,826.00,24.131
8231,4,1380,5299.170901968813,1706.889826104988,2020-08-08T13:10:40Z,45.44606667,7.78700000,826.00,24.124
8232,4,1381,5300.170901968813,1707.889826104988,2020-08-08T13:10:41Z,45.44600000,7.78688333,826.00,24.115
8233,4,1382,5301.170901968813,1708.889826104988,2020-08-08T13:10:42Z,45.44591667,7.78680000,829.00,24.105
8234,4,1383,5302.170901968813,1709.889826104988,2020-08-08T13:10:43Z,45.44585000,7.78675000,830.00,24.097
8235,4,1384,5303.170901968813,1710.889826104988,2020-08-08T13:10:44Z,45.44578333,7.78671667,832.00,24.089
8236,4,1385,5304.170901968813,1711.889826104988,2020-08-08T13:10:45Z,45.44570000,7.78673333,833.00,24.08
8237,4,1386,5305.170901968813,1712.889826104988,2020-08-08T13:10:46Z,45.44563333,7.78680000,834.00,24.074
8238,4,1387,5306.170901968813,1713.889826104988,2020-08-08T13:10:47Z,45.44556667,7.78691667,833.00,24.068
8239,4,1388,5307.170901968813,1714.889826104988,2020-08-08T13:10:48Z,45.44551667,7.78706667,835.00,24.064
8240,4,1389,5308.170901968813,1715.889826104988,2020-08-08T13:10:49Z,45.44551667,7.78721667,837.00,24.066
8241,4,1390,5309.170901968813,1716.889826104988,2020-08-08T13:10:50Z,45.44555000,7.78733333,839.00,24.071
8242,4,1391,5310.170901968813,1717.889826104988,2020-08-08T13:10:51Z,45.44561667,7.78741667,842.00,24.079
8243,4,1392,5311.170901968813,1718.889826104988,2020-08-08T13:10:52Z,45.44570000,7.78750000,843.00,24.09
8244,4,1393,5312.170901968813,1719.889826104988,2020-08-08T13:10:53Z,45.44580000,7.78755000,843.00,24.101
8245,4,1394,5313.170901968813,1720.889826104988,2020-08-08T13:10:54Z,45.44591667,7.78756667,844.00,24.114
8246,4,1395,5314.170901968813,1721.889826104988,2020-08-08T13:10:55Z,45.44601667,7.78751667,844.00,24.125
8247,4,1396,5315.170901968813,1722.889826104988,2020-08-08T13:10:56Z,45.44611667,7.78741667,844.00,24.134
8248,4,1397,5316.170901968813,1723.889826104988,2020-08-08T13:10:57Z,45.44618333,7.78726667,843.00,24.14
8249,4,1398,5317.170901968813,1724.889826104988,2020-08-08T13:10:58Z,45.44620000,7.78710000,844.00,24.14
8250,4,1399,5318.170901968813,1725.889826104988,2020-08-08T13:10:59Z,45.44618333,7.78696667,845.00,24.136
8251,4,1400,5319.170901968813,1726.889826104988,2020-08-08T13:11:00Z,45.44613333,7.78688333,846.00,24.13
8252,4,1401,5320.170901968813,1727.889826104988,2020-08-08T13:11:01Z,45.44606667,7.78685000,847.00,24.122
8253,4,1402,5321.170901968813,1728.889826104988,2020-08-08T13:11:02Z,45.44600000,7.78686667,847.00,24.115
8254,4,1403,5322.170901968813,1729.889826104988,2020-08-08T13:11:03Z,45.44593333,7.78693333,848.00,24.108
8255,4,1404,5323.170901968813,1730.889826104988,2020-08-08T13:11:04Z,45.44590000,7.78705000,848.00,24.106
8256,4,1405,5324.170901968813,1731.889826104988,2020-08-08T13:11:05Z,45.44591667,7.78720000,849.00,24.11
8257,4,1406,5325.170901968813,1732.889826104988,2020-08-08T13:11:06Z,45.44598333,7.78733333,850.00,24.119
8258,4,1407,5326.170901968813,1733.889826104988,2020-08-08T13:11:07Z,45.44608333,7.78741667,851.00,24.131
8259,4,1408,5327.170901968813,1734.889826104988,2020-08-08T13:11:08Z,45.44618333,7.78743333,852.00,24.142
8260,4,1409,5328.170901968813,1735.889826104988,2020-08-08T13:11:09Z,45.44630000,7.78740000,853.00,24.154
8261,4,1410,5329.170901968813,1736.889826104988,2020-08-08T13:11:10Z,45.44638333,7.78731667,853.00,24.162
8262,4,1411,5330.170901968813,1737.889826104988,2020-08-08T13:11:11Z,45.44646667,7.78720000,853.00,24.17
8263,4,1412,5331.170901968813,1738.889826104988,2020-08-08T13:11:12Z,45.44651667,7.78705000,853.00,24.174
8264,4,1413,5332.170901968813,1739.889826104988,2020-08-08T13:11:13Z,45.44653333,7.78690000,853.00,24.174
8265,4,1414,5333.170901968813,1740.889826104988,2020-08-08T13:11:14Z,45.44650000,7.78673333,852.00,24.168
8266,4,1415,5334.170901968813,1741.889826104988,2020-08-08T13:11:15Z,45.44645000,7.78660000,853.00,24.161
8267,4,1416,5335.170901968813,1742.889826104988,2020-08-08T13:11:16Z,45.44636667,7.78653333,853.00,24.151
8268,4,1417,5336.170901968813,1743.889826104988,2020-08-08T13:11:17Z,45.44628333,7.78651667,854.00,24.142
8269,4,1418,5337.170901968813,1744.889826104988,2020-08-08T13:11:18Z,45.44621667,7.78653333,855.00,24.135
8270,4,1419,5338.170901968813,1745.889826104988,2020-08-08T13:11:19Z,45.44613333,7.78658333,855.00,24.126
8271,4,1420,5339.170901968813,1746.889826104988,2020-08-08T13:11:20Z,45.44605000,7.78661667,857.00,24.118
8272,4,1421,5340.170901968813,1747.889826104988,2020-08-08T13:11:21Z,45.44596667,7.78663333,859.00,24.109
8273,4,1422,5341.170901968813,1748.889826104988,2020-08-08T13:11:22Z,45.44588333,7.78663333,862.00,24.099
8274,4,1423,5342.170901968813,1749.889826104988,2020-08-08T13:11:23Z,45.44581667,7.78666667,864.00,24.092
8275,4,1424,5343.170901968813,1750.889826104988,2020-08-08T13:11:24Z,45.44576667,7.78671667,865.00,24.088
8276,4,1425,5344.170901968813,1751.889826104988,2020-08-08T13:11:25Z,45.44573333,7.78681667,866.00,24.085
8277,4,1426,5345.170901968813,1752.889826104988,2020-08-08T13:11:26Z,45.44575000,7.78696667,865.00,24.089
8278,4,1427,5346.170901968813,1753.889826104988,2020-08-08T13:11:27Z,45.44578333,7.78713333,866.00,24.094
8279,4,1428,5347.170901968813,1754.889826104988,2020-08-08T13:11:28Z,45.44586667,7.78725000,868.00,24.105
8280,4,1429,5348.170901968813,1755.889826104988,2020-08-08T13:11:29Z,45.44598333,7.78728333,869.00,24.118
8281,4,1430,5349.170901968813,1756.889826104988,2020-08-08T13:11:30Z,45.44610000,7.78723333,868.00,24.13
8282,4,1431,5350.170901968813,1757.889826104988,2020-08-08T13:11:31Z,45.44620000,7.78713333,869.00,24.14
8283,4,1432,5351.170901968813,1758.889826104988,2020-08-08T13:11:32Z,45.44626667,7.78700000,869.00,24.146
8284,4,1433,5352.170901968813,1759.889826104988,2020-08-08T13:11:33Z,45.44630000,7.78686667,870.00,24.148
8285,4,1434,5353.170901968813,1760.889826104988,2020-08-08T13:11:34Z,45.44630000,7.78675000,871.00,24.147
8286,4,1435,5354.170901968813,1761.889826104988,2020-08-08T13:11:35Z,45.44628333,7.78663333,872.00,24.143
8287,4,1436,5355.170901968813,1762.889826104988,2020-08-08T13:11:36Z,45.44621667,7.78655000,872.00,24.135
8288,4,1437,5356.170901968813,1763.889826104988,2020-08-08T13:11:37Z,45.44613333,7.78651667,873.00,24.126
8289,4,1438,5357.170901968813,1764.889826104988,2020-08-08T13:11:38Z,45.44603333,7.78650000,874.00,24.114
8290,4,1439,5358.170901968813,1765.889826104988,2020-08-08T13:11:39Z,45.44595000,7.78651667,875.00,24.105
8291,4,1440,5359.170901968813,1766.889826104988,2020-08-08T13:11:40Z,45.44586667,7.78653333,877.00,24.096
8292,4,1441,5360.170901968813,1767.889826104988,2020-08-08T13:11:41Z,45.44580000,7.78655000,880.00,24.089
8293,4,1442,5361.170901968813,1768.889826104988,2020-08-08T13:11:42Z,45.44571667,7.78653333,881.00,24.08
8294,4,1443,5362.170901968813,1769.889826104988,2020-08-08T13:11:43Z,45.44565000,7.78655000,883.00,24.073
8295,4,1444,5363.170901968813,1770.889826104988,2020-08-08T13:11:44Z,45.44558333,7.78658333,885.00,24.066
8296,4,1445,5364.170901968813,1771.889826104988,2020-08-08T13:11:45Z,45.44555000,7.78666667,887.00,24.063
8297,4,1446,5365.170901968813,1772.889826104988,2020-08-08T13:11:46Z,45.44555000,7.78678333,887.00,24.065
8298,4,1447,5366.170901968813,1773.889826104988,2020-08-08T13:11:47Z,45.44558333,7.78691667,887.00,24.07
8299,4,1448,5367.170901968813,1774.889826104988,2020-08-08T13:11:48Z,45.44563333,7.78701667,888.00,24.076
8300,4,1449,5368.170901968813,1775.889826104988,2020-08-08T13:11:49Z,45.44573333,7.78705000,889.00,24.088
8301,4,1450,5369.170901968813,1776.889826104988,2020-08-08T13:11:50Z,45.44583333,7.78706667,890.00,24.099
8302,4,1451,5370.170901968813,1777.889826104988,2020-08-08T13:11:51Z,45.44593333,7.78701667,890.00,24.109
8303,4,1452,5371.170901968813,1778.889826104988,2020-08-08T13:11:52Z,45.44603333,7.78695000,892.00,24.12
8304,4,1453,5372.170901968813,1779.889826104988,2020-08-08T13:11:53Z,45.44613333,7.78685000,893.00,24.129
8305,4,1454,5373.170901968813,1780.889826104988,2020-08-08T13:11:54Z,45.44620000,7.78675000,895.00,24.136
8306,4,1455,5374.170901968813,1781.889826104988,2020-08-08T13:11:55Z,45.44625000,7.78663333,897.00,24.14
8307,4,1456,5375.170901968813,1782.889826104988,2020-08-08T13:11:56Z,45.44626667,7.78651667,899.00,24.14
8308,4,1457,5376.170901968813,1783.889826104988,2020-08-08T13:11:57Z,45.44626667,7.78641667,900.00,24.139
8309,4,1458,5377.170901968813,1784.889826104988,2020-08-08T13:11:58Z,45.44621667,7.78631667,900.00,24.132
8310,4,1459,5378.170901968813,1785.889826104988,2020-08-08T13:11:59Z,45.44616667,7.78625000,901.00,24.126
8311,4,1460,5379.170901968813,1786.889826104988,2020-08-08T13:12:00Z,45.44606667,7.78623333,902.00,24.115
8312,4,1461,5380.170901968813,1787.889826104988,2020-08-08T13:12:01Z,45.44598333,7.78628333,903.00,24.106
8313,4,1462,5381.170901968813,1788.889826104988,2020-08-08T13:12:02Z,45.44593333,7.78640000,904.00,24.102
8314,4,1463,5382.170901968813,1789.889826104988,2020-08-08T13:12:03Z,45.44595000,7.78655000,906.00,24.106
8315,4,1464,5383.170901968813,1790.889826104988,2020-08-08T13:12:04Z,45.44600000,7.78666667,907.00,24.113
8316,4,1465,5384.170901968813,1791.889826104988,2020-08-08T13:12:05Z,45.44610000,7.78673333,908.00,24.124
8317,4,1466,5385.170901968813,1792.889826104988,2020-08-08T13:12:06Z,45.44621667,7.78675000,910.00,24.137
8318,4,1467,5386.170901968813,1793.889826104988,2020-08-08T13:12:07Z,45.44633333,7.78673333,912.00,24.15
8319,4,1468,5387.170901968813,1794.889826104988,2020-08-08T13:12:08Z,45.44641667,7.78666667,914.00,24.158
8320,4,1469,5388.170901968813,1795.889826104988,2020-08-08T13:12:09Z,45.44648333,7.78658333,916.00,24.165
8321,4,1470,5389.170901968813,1796.889826104988,2020-08-08T13:12:10Z,45.44651667,7.78650000,917.00,24.168
8322,4,1471,5390.170901968813,1797.889826104988,2020-08-08T13:12:11Z,45.44651667,7.78638333,917.00,24.166
8323,4,1472,5391.170901968813,1798.889826104988,2020-08-08T13:12:12Z,45.44646667,7.78628333,916.00,24.16
8324,4,1473,5392.170901968813,1799.889826104988,2020-08-08T13:12:13Z,45.44638333,7.78625000,918.00,24.15
8325,4,1474,5393.170901968813,1800.889826104988,2020-08-08T13:12:14Z,45.44628333,7.78630000,918.00,24.14
8326,4,1475,5394.170901968813,1801.889826104988,2020-08-08T13:12:15Z,45.44625000,7.78645000,918.00,24.138
8327,4,1476,5395.170901968813,1802.889826104988,2020-08-08T13:12:16Z,45.44626667,7.78661667,919.00,24.141
8328,4,1477,5396.170901968813,1803.889826104988,2020-08-08T13:12:17Z,45.44635000,7.78675000,921.00,24.152
8329,4,1478,5397.170901968813,1804.889826104988,2020-08-08T13:12:18Z,45.44646667,7.78681667,923.00,24.166
8330,4,1479,5398.170901968813,1805.889826104988,2020-08-08T13:12:19Z,45.44656667,7.78680000,925.00,24.176
8331,4,1480,5399.170901968813,1806.889826104988,2020-08-08T13:12:20Z,45.44668333,7.78673333,925.00,24.189
8332,4,1481,5400.170901968813,1807.889826104988,2020-08-08T13:12:21Z,45.44676667,7.78665000,927.00,24.197
8333,4,1482,5401.170901968813,1808.889826104988,2020-08-08T13:12:22Z,45.44685000,7.78655000,929.00,24.205
8334,4,1483,5402.170901968813,1809.889826104988,2020-08-08T13:12:23Z,45.44688333,7.78643333,931.00,24.207
8335,4,1484,5403.170901968813,1810.889826104988,2020-08-08T13:12:24Z,45.44688333,7.78631667,931.00,24.206
8336,4,1485,5404.170901968813,1811.889826104988,2020-08-08T13:12:25Z,45.44683333,7.78618333,932.00,24.199
8337,4,1486,5405.170901968813,1812.889826104988,2020-08-08T13:12:26Z,45.44675000,7.78611667,933.00,24.189
8338,4,1487,5406.170901968813,1813.889826104988,2020-08-08T13:12:27Z,45.44665000,7.78610000,935.00,24.178
8339,4,1488,5407.170901968813,1814.889826104988,2020-08-08T13:12:28Z,45.44656667,7.78615000,938.00,24.169
8340,4,1489,5408.170901968813,1815.889826104988,2020-08-08T13:12:29Z,45.44653333,7.78625000,940.00,24.167
8341,4,1490,5409.170901968813,1816.889826104988,2020-08-08T13:12:30Z,45.44653333,7.78635000,942.00,24.168
8342,4,1491,5410.170901968813,1817.889826104988,2020-08-08T13:12:31Z,45.44655000,7.78646667,943.00,24.171
8343,4,1492,5411.170901968813,1818.889826104988,2020-08-08T13:12:32Z,45.44660000,7.78656667,945.00,24.177
8344,4,1493,5412.170901968813,1819.889826104988,2020-08-08T13:12:33Z,45.44668333,7.78665000,946.00,24.188
8345,4,1494,5413.170901968813,1820.889826104988,2020-08-08T13:12:34Z,45.44678333,7.78670000,946.00,24.199
8346,4,1495,5414.170901968813,1821.889826104988,2020-08-08T13:12:35Z,45.44691667,7.78671667,946.00,24.214
8347,4,1496,5415.170901968813,1822.889826104988,2020-08-08T13:12:36Z,45.44705000,7.78666667,946.00,24.228
8348,4,1497,5416.170901968813,1823.889826104988,2020-08-08T13:12:37Z,45.44715000,7.78655000,947.00,24.238
8349,4,1498,5417.170901968813,1824.889826104988,2020-08-08T13:12:38Z,45.44723333,7.78640000,949.00,24.245
8350,4,1499,5418.170901968813,1825.889826104988,2020-08-08T13:12:39Z,45.44723333,7.78625000,951.00,24.244
8351,4,1500,5419.170901968813,1826.889826104988,2020-08-08T13:12:40Z,45.44718333,7.78613333,952.00,24.237
8352,4,1501,5420.170901968813,1827.889826104988,2020-08-08T13:12:41Z,45.44710000,7.78608333,953.00,24.227
8353,4,1502,5421.170901968813,1828.889826104988,2020-08-08T13:12:42Z,45.44701667,7.78608333,955.00,24.218
8354,4,1503,5422.170901968813,1829.889826104988,2020-08-08T13:12:43Z,45.44693333,7.78613333,956.00,24.209
8355,4,1504,5423.170901968813,1830.889826104988,2020-08-08T13:12:44Z,45.44688333,7.78621667,959.00,24.205
8356,4,1505,5424.170901968813,1831.889826104988,2020-08-08T13:12:45Z,45.44685000,7.78631667,961.00,24.202
8357,4,1506,5425.170901968813,1832.889826104988,2020-08-08T13:12:46Z,45.44683333,7.78645000,962.00,24.202
8358,4,1507,5426.170901968813,1833.889826104988,2020-08-08T13:12:47Z,45.44686667,7.78658333,963.00,24.207
8359,4,1508,5427.170901968813,1834.889826104988,2020-08-08T13:12:48Z,45.44695000,7.78671667,963.00,24.218
8360,4,1509,5428.170901968813,1835.889826104988,2020-08-08T13:12:49Z,45.44708333,7.78676667,962.00,24.233
8361,4,1510,5429.170901968813,1836.889826104988,2020-08-08T13:12:50Z,45.44723333,7.78675000,962.00,24.249
8362,4,1511,5430.170901968813,1837.889826104988,2020-08-08T13:12:51Z,45.44735000,7.78663333,962.00,24.261
8363,4,1512,5431.170901968813,1838.889826104988,2020-08-08T13:12:52Z,45.44741667,7.78650000,964.00,24.267
8364,4,1513,5432.170901968813,1839.889826104988,2020-08-08T13:12:53Z,45.44745000,7.78636667,965.00,24.269
8365,4,1514,5433.170901968813,1840.889826104988,2020-08-08T13:12:54Z,45.44745000,7.78625000,967.00,24.267
8366,4,1515,5434.170901968813,1841.889826104988,2020-08-08T13:12:55Z,45.44741667,7.78613333,969.00,24.262
8367,4,1516,5435.170901968813,1842.889826104988,2020-08-08T13:12:56Z,45.44740000,7.78605000,971.00,24.26
8368,4,1517,5436.170901968813,1843.889826104988,2020-08-08T13:12:57Z,45.44735000,7.78595000,973.00,24.253
8369,4,1518,5437.170901968813,1844.889826104988,2020-08-08T13:12:58Z,45.44728333,7.78588333,975.00,24.245
8370,4,1519,5438.170901968813,1845.889826104988,2020-08-08T13:12:59Z,45.44723333,7.78583333,977.00,24.239
8371,4,1520,5439.170901968813,1846.889826104988,2020-08-08T13:13:00Z,45.44716667,7.78581667,979.00,24.232
8372,4,1521,5440.170901968813,1847.889826104988,2020-08-08T13:13:01Z,45.44710000,7.78581667,981.00,24.224
8373,4,1522,5441.170901968813,1848.889826104988,2020-08-08T13:13:02Z,45.44705000,7.78583333,983.00,24.219
8374,4,1523,5442.170901968813,1849.889826104988,2020-08-08T13:13:03Z,45.44698333,7.78586667,985.00,24.212
8375,4,1524,5443.170901968813,1850.889826104988,2020-08-08T13:13:04Z,45.44693333,7.78591667,985.00,24.207
8376,4,1525,5444.170901968813,1851.889826104988,2020-08-08T13:13:05Z,45.44688333,7.78600000,985.00,24.202
8377,4,1526,5445.170901968813,1852.889826104988,2020-08-08T13:13:06Z,45.44685000,7.78611667,984.00,24.2
8378,4,1527,5446.170901968813,1853.889826104988,2020-08-08T13:13:07Z,45.44683333,7.78626667,983.00,24.2
8379,4,1528,5447.170901968813,1854.889826104988,2020-08-08T13:13:08Z,45.44681667,7.78641667,984.00,24.2
8380,4,1529,5448.170901968813,1855.889826104988,2020-08-08T13:13:09Z,45.44681667,7.78653333,987.00,24.201
8381,4,1530,5449.170901968813,1856.889826104988,2020-08-08T13:13:10Z,45.44683333,7.78663333,989.00,24.204
8382,4,1531,5450.170901968813,1857.889826104988,2020-08-08T13:13:11Z,45.44688333,7.78671667,990.00,24.21
8383,4,1532,5451.170901968813,1858.889826104988,2020-08-08T13:13:12Z,45.44696667,7.78676667,990.00,24.22
8384,4,1533,5452.170901968813,1859.889826104988,2020-08-08T13:13:13Z,45.44708333,7.78681667,990.00,24.233
8385,4,1534,5453.170901968813,1860.889826104988,2020-08-08T13:13:14Z,45.44720000,7.78683333,991.00,24.247
8386,4,1535,5454.170901968813,1861.889826104988,2020-08-08T13:13:15Z,45.44731667,7.78680000,991.00,24.259
8387,4,1536,5455.170901968813,1862.889826104988,2020-08-08T13:13:16Z,45.44741667,7.78673333,992.00,24.269
8388,4,1537,5456.170901968813,1863.889826104988,2020-08-08T13:13:17Z,45.44751667,7.78663333,993.00,24.279
8389,4,1538,5457.170901968813,1864.889826104988,2020-08-08T13:13:18Z,45.44760000,7.78653333,994.00,24.287
8390,4,1539,5458.170901968813,1865.889826104988,2020-08-08T13:13:19Z,45.44766667,7.78641667,994.00,24.293
8391,4,1540,5459.170901968813,1866.889826104988,2020-08-08T13:13:20Z,45.44773333,7.78630000,996.00,24.299
8392,4,1541,5460.170901968813,1867.889826104988,2020-08-08T13:13:21Z,45.44780000,7.78620000,998.00,24.305
8393,4,1542,5461.170901968813,1868.889826104988,2020-08-08T13:13:22Z,45.44786667,7.78611667,1000.00,24.312
8394,4,1543,5462.170901968813,1869.889826104988,2020-08-08T13:13:23Z,45.44793333,7.78603333,1003.00,24.318
8395,4,1544,5463.170901968813,1870.889826104988,2020-08-08T13:13:24Z,45.44798333,7.78596667,1005.00,24.323
8396,4,1545,5464.170901968813,1871.889826104988,2020-08-08T13:13:25Z,45.44803333,7.78588333,1007.00,24.328
8397,4,1546,5465.170901968813,1872.889826104988,2020-08-08T13:13:26Z,45.44805000,7.78576667,1008.00,24.328
8398,4,1547,5466.170901968813,1873.889826104988,2020-08-08T13:13:27Z,45.44805000,7.78566667,1009.00,24.327
8399,4,1548,5467.170901968813,1874.889826104988,2020-08-08T13:13:28Z,45.44801667,7.78558333,1011.00,24.323
8400,4,1549,5468.170901968813,1875.889826104988,2020-08-08T13:13:29Z,45.44798333,7.78550000,1012.00,24.318
8401,4,1550,5469.170901968813,1876.889826104988,2020-08-08T13:13:30Z,45.44793333,7.78545000,1013.00,24.312
8402,4,1551,5470.170901968813,1877.889826104988,2020-08-08T13:13:31Z,45.44788333,7.78543333,1015.00,24.306
8403,4,1552,5471.170901968813,1878.889826104988,2020-08-08T13:13:32Z,45.44781667,7.78545000,1015.00,24.299
8404,4,1553,5472.170901968813,1879.889826104988,2020-08-08T13:13:33Z,45.44776667,7.78548333,1016.00,24.294
8405,4,1554,5473.170901968813,1880.889826104988,2020-08-08T13:13:34Z,45.44773333,7.78556667,1017.00,24.291
8406,4,1555,5474.170901968813,1881.889826104988,2020-08-08T13:13:35Z,45.44773333,7.78566667,1017.00,24.292
8407,4,1556,5475.170901968813,1882.889826104988,2020-08-08T13:13:36Z,45.44776667,7.78580000,1016.00,24.297
8408,4,1557,5476.170901968813,1883.889826104988,2020-08-08T13:13:37Z,45.44781667,7.78595000,1017.00,24.305
8409,4,1558,5477.170901968813,1884.889826104988,2020-08-08T13:13:38Z,45.44788333,7.78606667,1018.00,24.313
8410,4,1559,5478.170901968813,1885.889826104988,2020-08-08T13:13:39Z,45.44795000,7.78615000,1021.00,24.321
8411,4,1560,5479.170901968813,1886.889826104988,2020-08-08T13:13:40Z,45.44801667,7.78618333,1023.00,24.329
8412,4,1561,5480.170901968813,1887.889826104988,2020-08-08T13:13:41Z,45.44810000,7.78618333,1024.00,24.338
8413,4,1562,5481.170901968813,1888.889826104988,2020-08-08T13:13:42Z,45.44820000,7.78613333,1025.00,24.349
8414,4,1563,5482.170901968813,1889.889826104988,2020-08-08T13:13:43Z,45.44830000,7.78606667,1026.00,24.359
8415,4,1564,5483.170901968813,1890.889826104988,2020-08-08T13:13:44Z,45.44838333,7.78598333,1027.00,24.367
8416,4,1565,5484.170901968813,1891.889826104988,2020-08-08T13:13:45Z,45.44845000,7.78590000,1030.00,24.374
8417,4,1566,5485.170901968813,1892.889826104988,2020-08-08T13:13:46Z,45.44848333,7.78580000,1031.00,24.376
8418,4,1567,5486.170901968813,1893.889826104988,2020-08-08T13:13:47Z,45.44853333,7.78568333,1032.00,24.381
8419,4,1568,5487.170901968813,1894.889826104988,2020-08-08T13:13:48Z,45.44855000,7.78556667,1033.00,24.381
8420,4,1569,5488.170901968813,1895.889826104988,2020-08-08T13:13:49Z,45.44855000,7.78543333,1034.00,24.38
8421,4,1570,5489.170901968813,1896.889826104988,2020-08-08T13:13:50Z,45.44851667,7.78530000,1035.00,24.375
8422,4,1571,5490.170901968813,1897.889826104988,2020-08-08T13:13:51Z,45.44845000,7.78520000,1035.00,24.367
8423,4,1572,5491.170901968813,1898.889826104988,2020-08-08T13:13:52Z,45.44835000,7.78513333,1037.00,24.355
8424,4,1573,5492.170901968813,1899.889826104988,2020-08-08T13:13:53Z,45.44828333,7.78508333,1040.00,24.347
8425,4,1574,5493.170901968813,1900.889826104988,2020-08-08T13:13:54Z,45.44821667,7.78506667,1042.00,24.34
8426,4,1575,5494.170901968813,1901.889826104988,2020-08-08T13:13:55Z,45.44816667,7.78506667,1044.00,24.334
8427,4,1576,5495.170901968813,1902.889826104988,2020-08-08T13:13:56Z,45.44811667,7.78510000,1044.00,24.329
8428,4,1577,5496.170901968813,1903.889826104988,2020-08-08T13:13:57Z,45.44806667,7.78518333,1044.00,24.324
8429,4,1578,5497.170901968813,1904.889826104988,2020-08-08T13:13:58Z,45.44803333,7.78528333,1044.00,24.321
8430,4,1579,5498.170901968813,1905.889826104988,2020-08-08T13:13:59Z,45.44800000,7.78543333,1043.00,24.319
8431,4,1580,5499.170901968813,1906.889826104988,2020-08-08T13:14:00Z,45.44798333,7.78556667,1044.00,24.319
8432,4,1581,5500.170901968813,1907.889826104988,2020-08-08T13:14:01Z,45.44796667,7.78570000,1046.00,24.318
8433,4,1582,5501.170901968813,1908.889826104988,2020-08-08T13:14:02Z,45.44795000,7.78581667,1047.00,24.318
8434,4,1583,5502.170901968813,1909.889826104988,2020-08-08T13:14:03Z,45.44795000,7.78593333,1049.00,24.319
8435,4,1584,5503.170901968813,1910.889826104988,2020-08-08T13:14:04Z,45.44796667,7.78605000,1049.00,24.322
8436,4,1585,5504.170901968813,1911.889826104988,2020-08-08T13:14:05Z,45.44801667,7.78618333,1050.00,24.329
8437,4,1586,5505.170901968813,1912.889826104988,2020-08-08T13:14:06Z,45.44810000,7.78628333,1049.00,24.339
8438,4,1587,5506.170901968813,1913.889826104988,2020-08-08T13:14:07Z,45.44818333,7.78636667,1050.00,24.349
8439,4,1588,5507.170901968813,1914.889826104988,2020-08-08T13:14:08Z,45.44830000,7.78638333,1050.00,24.362
8440,4,1589,5508.170901968813,1915.889826104988,2020-08-08T13:14:09Z,45.44841667,7.78633333,1049.00,24.375
8441,4,1590,5509.170901968813,1916.889826104988,2020-08-08T13:14:10Z,45.44853333,7.78623333,1049.00,24.387
8442,4,1591,5510.170901968813,1917.889826104988,2020-08-08T13:14:11Z,45.44861667,7.78610000,1049.00,24.394
8443,4,1592,5511.170901968813,1918.889826104988,2020-08-08T13:14:12Z,45.44866667,7.78595000,1052.00,24.398
8444,4,1593,5512.170901968813,1919.889826104988,2020-08-08T13:14:13Z,45.44866667,7.78583333,1054.00,24.397
8445,4,1594,5513.170901968813,1920.889826104988,2020-08-08T13:14:14Z,45.44861667,7.78571667,1056.00,24.39
8446,4,1595,5514.170901968813,1921.889826104988,2020-08-08T13:14:15Z,45.44855000,7.78565000,1056.00,24.382
8447,4,1596,5515.170901968813,1922.889826104988,2020-08-08T13:14:16Z,45.44846667,7.78560000,1057.00,24.372
8448,4,1597,5516.170901968813,1923.889826104988,2020-08-08T13:14:17Z,45.44838333,7.78558333,1060.00,24.363
8449,4,1598,5517.170901968813,1924.889826104988,2020-08-08T13:14:18Z,45.44830000,7.78558333,1061.00,24.354
8450,4,1599,5518.170901968813,1925.889826104988,2020-08-08T13:14:19Z,45.44821667,7.78561667,1063.00,24.345
8451,4,1600,5519.170901968813,1926.889826104988,2020-08-08T13:14:20Z,45.44815000,7.78566667,1063.00,24.338
8452,4,1601,5520.170901968813,1927.889826104988,2020-08-08T13:14:21Z,45.44808333,7.78578333,1063.00,24.332
8453,4,1602,5521.170901968813,1928.889826104988,2020-08-08T13:14:22Z,45.44805000,7.78593333,1063.00,24.33
8454,4,1603,5522.170901968813,1929.889826104988,2020-08-08T13:14:23Z,45.44806667,7.78610000,1063.00,24.334
8455,4,1604,5523.170901968813,1930.889826104988,2020-08-08T13:14:24Z,45.44811667,7.78621667,1064.00,24.34
8456,4,1605,5524.170901968813,1931.889826104988,2020-08-08T13:14:25Z,45.44821667,7.78630000,1065.00,24.352
8457,4,1606,5525.170901968813,1932.889826104988,2020-08-08T13:14:26Z,45.44831667,7.78635000,1064.00,24.364
8458,4,1607,5526.170901968813,1933.889826104988,2020-08-08T13:14:27Z,45.44843333,7.78631667,1063.00,24.376
8459,4,1608,5527.170901968813,1934.889826104988,2020-08-08T13:14:28Z,45.44853333,7.78621667,1063.00,24.386
8460,4,1609,5528.170901968813,1935.889826104988,2020-08-08T13:14:29Z,45.44858333,7.78608333,1063.00,24.39
8461,4,1610,5529.170901968813,1936.889826104988,2020-08-08T13:14:30Z,45.44858333,7.78593333,1064.00,24.389
8462,4,1611,5530.170901968813,1937.889826104988,2020-08-08T13:14:31Z,45.44855000,7.78583333,1065.00,24.384
8463,4,1612,5531.170901968813,1938.889826104988,2020-08-08T13:14:32Z,45.44848333,7.78576667,1067.00,24.376
8464,4,1613,5532.170901968813,1939.889826104988,2020-08-08T13:14:33Z,45.44843333,7.78575000,1069.00,24.37
8465,4,1614,5533.170901968813,1940.889826104988,2020-08-08T13:14:34Z,45.44836667,7.78575000,1071.00,24.363
8466,4,1615,5534.170901968813,1941.889826104988,2020-08-08T13:14:35Z,45.44828333,7.78575000,1071.00,24.354
8467,4,1616,5535.170901968813,1942.889826104988,2020-08-08T13:14:36Z,45.44820000,7.78576667,1072.00,24.345
8468,4,1617,5536.170901968813,1943.889826104988,2020-08-08T13:14:37Z,45.44811667,7.78578333,1071.00,24.336
8469,4,1618,5537.170901968813,1944.889826104988,2020-08-08T13:14:38Z,45.44803333,7.78580000,1070.00,24.327
8470,4,1619,5538.170901968813,1945.889826104988,2020-08-08T13:14:39Z,45.44795000,7.78581667,1071.00,24.318
8471,4,1620,5539.170901968813,1946.889826104988,2020-08-08T13:14:40Z,45.44786667,7.78578333,1072.00,24.308
8472,4,1621,5540.170901968813,1947.889826104988,2020-08-08T13:14:41Z,45.44780000,7.78573333,1072.00,24.3
8473,4,1622,5541.170901968813,1948.889826104988,2020-08-08T13:14:42Z,45.44773333,7.78566667,1072.00,24.292
8474,4,1623,5542.170901968813,1949.889826104988,2020-08-08T13:14:43Z,45.44766667,7.78561667,1073.00,24.284
8475,4,1624,5543.170901968813,1950.889826104988,2020-08-08T13:14:44Z,45.44758333,7.78560000,1074.00,24.275
8476,4,1625,5544.170901968813,1951.889826104988,2020-08-08T13:14:45Z,45.44751667,7.78558333,1076.00,24.268
8477,4,1626,5545.170901968813,1952.889826104988,2020-08-08T13:14:46Z,45.44743333,7.78560000,1077.00,24.259
8478,4,1627,5546.170901968813,1953.889826104988,2020-08-08T13:14:47Z,45.44736667,7.78563333,1079.00,24.252
8479,4,1628,5547.170901968813,1954.889826104988,2020-08-08T13:14:48Z,45.44730000,7.78566667,1081.00,24.245
8480,4,1629,5548.170901968813,1955.889826104988,2020-08-08T13:14:49Z,45.44723333,7.78573333,1082.00,24.238
8481,4,1630,5549.170901968813,1956.889826104988,2020-08-08T13:14:50Z,45.44716667,7.78581667,1082.00,24.232
8482,4,1631,5550.170901968813,1957.889826104988,2020-08-08T13:14:51Z,45.44710000,7.78591667,1082.00,24.225
8483,4,1632,5551.170901968813,1958.889826104988,2020-08-08T13:14:52Z,45.44705000,7.78605000,1083.00,24.221
8484,4,1633,5552.170901968813,1959.889826104988,2020-08-08T13:14:53Z,45.44703333,7.78618333,1084.00,24.221
8485,4,1634,5553.170901968813,1960.889826104988,2020-08-08T13:14:54Z,45.44706667,7.78633333,1085.00,24.226
8486,4,1635,5554.170901968813,1961.889826104988,2020-08-08T13:14:55Z,45.44711667,7.78646667,1086.00,24.233
8487,4,1636,5555.170901968813,1962.889826104988,2020-08-08T13:14:56Z,45.44720000,7.78656667,1087.00,24.243
8488,4,1637,5556.170901968813,1963.889826104988,2020-08-08T13:14:57Z,45.44728333,7.78663333,1086.00,24.253
8489,4,1638,5557.170901968813,1964.889826104988,2020-08-08T13:14:58Z,45.44738333,7.78666667,1088.00,24.265
8490,4,1639,5558.170901968813,1965.889826104988,2020-08-08T13:14:59Z,45.44748333,7.78666667,1087.00,24.276
8491,4,1640,5559.170901968813,1966.889826104988,2020-08-08T13:15:00Z,45.44756667,7.78665000,1088.00,24.285
8492,4,1641,5560.170901968813,1967.889826104988,2020-08-08T13:15:01Z,45.44766667,7.78660000,1089.00,24.295
8493,4,1642,5561.170901968813,1968.889826104988,2020-08-08T13:15:02Z,45.44773333,7.78653333,1090.00,24.302
8494,4,1643,5562.170901968813,1969.889826104988,2020-08-08T13:15:03Z,45.44778333,7.78643333,1090.00,24.306
8495,4,1644,5563.170901968813,1970.889826104988,2020-08-08T13:15:04Z,45.44781667,7.78630000,1091.00,24.308
8496,4,1645,5564.170901968813,1971.889826104988,2020-08-08T13:15:05Z,45.44780000,7.78616667,1091.00,24.305
8497,4,1646,5565.170901968813,1972.889826104988,2020-08-08T13:15:06Z,45.44775000,7.78603333,1092.00,24.298
8498,4,1647,5566.170901968813,1973.889826104988,2020-08-08T13:15:07Z,45.44770000,7.78590000,1091.00,24.291
8499,4,1648,5567.170901968813,1974.889826104988,2020-08-08T13:15:08Z,45.44766667,7.78580000,1094.00,24.286
8500,4,1649,5568.170901968813,1975.889826104988,2020-08-08T13:15:09Z,45.44763333,7.78570000,1095.00,24.282
8501,4,1650,5569.170901968813,1976.889826104988,2020-08-08T13:15:10Z,45.44760000,7.78558333,1096.00,24.277
8502,4,1651,5570.170901968813,1977.889826104988,2020-08-08T13:15:11Z,45.44756667,7.78548333,1097.00,24.272
8503,4,1652,5571.170901968813,1978.889826104988,2020-08-08T13:15:12Z,45.44753333,7.78538333,1098.00,24.267
8504,4,1653,5572.170901968813,1979.889826104988,2020-08-08T13:15:13Z,45.44748333,7.78526667,1098.00,24.261
8505,4,1654,5573.170901968813,1980.889826104988,2020-08-08T13:15:14Z,45.44741667,7.78515000,1098.00,24.252
8506,4,1655,5574.170901968813,1981.889826104988,2020-08-08T13:15:15Z,45.44736667,7.78503333,1098.00,24.245
8507,4,1656,5575.170901968813,1982.889826104988,2020-08-08T13:15:16Z,45.44731667,7.78491667,1100.00,24.239
8508,4,1657,5576.170901968813,1983.889826104988,2020-08-08T13:15:17Z,45.44725000,7.78481667,1101.00,24.23
8509,4,1658,5577.170901968813,1984.889826104988,2020-08-08T13:15:18Z,45.44720000,7.78471667,1102.00,24.224
8510,4,1659,5578.170901968813,1985.889826104988,2020-08-08T13:15:19Z,45.44713333,7.78463333,1104.00,24.216
8511,4,1660,5579.170901968813,1986.889826104988,2020-08-08T13:15:20Z,45.44706667,7.78456667,1105.00,24.208
8512,4,1661,5580.170901968813,1987.889826104988,2020-08-08T13:15:21Z,45.44698333,7.78450000,1107.00,24.198
8513,4,1662,5581.170901968813,1988.889826104988,2020-08-08T13:15:22Z,45.44691667,7.78446667,1108.00,24.19
8514,4,1663,5582.170901968813,1989.889826104988,2020-08-08T13:15:23Z,45.44683333,7.78443333,1109.00,24.181
8515,4,1664,5583.170901968813,1990.889826104988,2020-08-08T13:15:24Z,45.44675000,7.78440000,1109.00,24.171
8516,4,1665,5584.170901968813,1991.889826104988,2020-08-08T13:15:25Z,45.44666667,7.78435000,1109.00,24.161
8517,4,1666,5585.170901968813,1992.889826104988,2020-08-08T13:15:26Z,45.44658333,7.78428333,1109.00,24.152
8518,4,1667,5586.170901968813,1993.889826104988,2020-08-08T13:15:27Z,45.44651667,7.78420000,1111.00,24.144
8519,4,1668,5587.170901968813,1994.889826104988,2020-08-08T13:15:28Z,45.44645000,7.78413333,1111.00,24.136
8520,4,1669,5588.170901968813,1995.889826104988,2020-08-08T13:15:29Z,45.44640000,7.78408333,1113.00,24.13
8521,4,1670,5589.170901968813,1996.889826104988,2020-08-08T13:15:30Z,45.44635000,7.78403333,1113.00,24.124
8522,4,1671,5590.170901968813,1997.889826104988,2020-08-08T13:15:31Z,45.44631667,7.78400000,1114.00,24.12
8523,4,1672,5591.170901968813,1998.889826104988,2020-08-08T13:15:32Z,45.44625000,7.78393333,1113.00,24.112
8524,4,1673,5592.170901968813,1999.889826104988,2020-08-08T13:15:33Z,45.44618333,7.78386667,1111.00,24.104
8525,4,1674,5593.170901968813,2000.889826104988,2020-08-08T13:15:34Z,45.44608333,7.78378333,1108.00,24.092
8526,4,1675,5594.170901968813,2001.889826104988,2020-08-08T13:15:35Z,45.44598333,7.78368333,1106.00,24.08
8527,4,1676,5595.170901968813,2002.889826104988,2020-08-08T13:15:36Z,45.44588333,7.78358333,1106.00,24.068
8528,4,1677,5596.170901968813,2003.889826104988,2020-08-08T13:15:37Z,45.44578333,7.78348333,1107.00,24.056
8529,4,1678,5597.170901968813,2004.889826104988,2020-08-08T13:15:38Z,45.44568333,7.78336667,1107.00,24.044
8530,4,1679,5598.170901968813,2005.889826104988,2020-08-08T13:15:39Z,45.44560000,7.78326667,1107.00,24.034
8531,4,1680,5599.170901968813,2006.889826104988,2020-08-08T13:15:40Z,45.44550000,7.78315000,1107.00,24.022
8532,4,1681,5600.170901968813,2007.889826104988,2020-08-08T13:15:41Z,45.44541667,7.78306667,1106.00,24.012
8533,4,1682,5601.170901968813,2008.889826104988,2020-08-08T13:15:42Z,45.44531667,7.78296667,1106.00,24.0
8534,4,1683,5602.170901968813,2009.889826104988,2020-08-08T13:15:43Z,45.44521667,7.78288333,1105.00,23.988
8535,4,1684,5603.170901968813,2010.889826104988,2020-08-08T13:15:44Z,45.44513333,7.78281667,1105.00,23.978
8536,4,1685,5604.170901968813,2011.889826104988,2020-08-08T13:15:45Z,45.44503333,7.78271667,1103.00,23.966
8537,4,1686,5605.170901968813,2012.889826104988,2020-08-08T13:15:46Z,45.44493333,7.78263333,1101.00,23.955
8538,4,1687,5606.170901968813,2013.889826104988,2020-08-08T13:15:47Z,45.44481667,7.78253333,1097.00,23.941
8539,4,1688,5607.170901968813,2014.889826104988,2020-08-08T13:15:48Z,45.44468333,7.78243333,1094.00,23.925
8540,4,1689,5608.170901968813,2015.889826104988,2020-08-08T13:15:49Z,45.44455000,7.78231667,1091.00,23.91
8541,4,1690,5609.170901968813,2016.889826104988,2020-08-08T13:15:50Z,45.44441667,7.78221667,1088.00,23.894
8542,4,1691,5610.170901968813,2017.889826104988,2020-08-08T13:15:51Z,45.44426667,7.78210000,1086.00,23.876
8543,4,1692,5611.170901968813,2018.889826104988,2020-08-08T13:15:52Z,45.44413333,7.78200000,1085.00,23.861
8544,4,1693,5612.170901968813,2019.889826104988,2020-08-08T13:15:53Z,45.44400000,7.78190000,1086.00,23.845
8545,4,1694,5613.170901968813,2020.889826104988,2020-08-08T13:15:54Z,45.44386667,7.78181667,1086.00,23.83
8546,4,1695,5614.170901968813,2021.889826104988,2020-08-08T13:15:55Z,45.44373333,7.78173333,1087.00,23.815
8547,4,1696,5615.170901968813,2022.889826104988,2020-08-08T13:15:56Z,45.44360000,7.78165000,1086.00,23.799
8548,4,1697,5616.170901968813,2023.889826104988,2020-08-08T13:15:57Z,45.44348333,7.78158333,1086.00,23.786
8549,4,1698,5617.170901968813,2024.889826104988,2020-08-08T13:15:58Z,45.44336667,7.78150000,1085.00,23.772
8550,4,1699,5618.170901968813,2025.889826104988,2020-08-08T13:15:59Z,45.44323333,7.78143333,1083.00,23.757
8551,4,1700,5619.170901968813,2026.889826104988,2020-08-08T13:16:00Z,45.44310000,7.78135000,1081.00,23.741
8552,4,1701,5620.170901968813,2027.889826104988,2020-08-08T13:16:01Z,45.44296667,7.78125000,1078.00,23.726
8553,4,1702,5621.170901968813,2028.889826104988,2020-08-08T13:16:02Z,45.44283333,7.78116667,1075.00,23.711
8554,4,1703,5622.170901968813,2029.889826104988,2020-08-08T13:16:03Z,45.44270000,7.78106667,1072.00,23.695
8555,4,1704,5623.170901968813,2030.889826104988,2020-08-08T13:16:04Z,45.44255000,7.78098333,1070.00,23.678
8556,4,1705,5624.170901968813,2031.889826104988,2020-08-08T13:16:05Z,45.44241667,7.78090000,1068.00,23.662
8557,4,1706,5625.170901968813,2032.889826104988,2020-08-08T13:16:06Z,45.44228333,7.78080000,1067.00,23.647
8558,4,1707,5626.170901968813,2033.889826104988,2020-08-08T13:16:07Z,45.44215000,7.78071667,1066.00,23.631
8559,4,1708,5627.170901968813,2034.889826104988,2020-08-08T13:16:08Z,45.44203333,7.78063333,1066.00,23.618
8560,4,1709,5628.170901968813,2035.889826104988,2020-08-08T13:16:09Z,45.44191667,7.78055000,1065.00,23.604
8561,4,1710,5629.170901968813,2036.889826104988,2020-08-08T13:16:10Z,45.44180000,7.78046667,1064.00,23.591
8562,4,1711,5630.170901968813,2037.889826104988,2020-08-08T13:16:11Z,45.44166667,7.78040000,1062.00,23.575
8563,4,1712,5631.170901968813,2038.889826104988,2020-08-08T13:16:12Z,45.44155000,7.78031667,1060.00,23.562
8564,4,1713,5632.170901968813,2039.889826104988,2020-08-08T13:16:13Z,45.44143333,7.78021667,1057.00,23.548
8565,4,1714,5633.170901968813,2040.889826104988,2020-08-08T13:16:14Z,45.44130000,7.78013333,1054.00,23.532
8566,4,1715,5634.170901968813,2041.889826104988,2020-08-08T13:16:15Z,45.44116667,7.78003333,1051.00,23.517
8567,4,1716,5635.170901968813,2042.889826104988,2020-08-08T13:16:16Z,45.44101667,7.77993333,1049.00,23.5
8568,4,1717,5636.170901968813,2043.889826104988,2020-08-08T13:16:17Z,45.44088333,7.77985000,1046.00,23.484
8569,4,1718,5637.170901968813,2044.889826104988,2020-08-08T13:16:18Z,45.44075000,7.77975000,1045.00,23.469
8570,4,1719,5638.170901968813,2045.889826104988,2020-08-08T13:16:19Z,45.44061667,7.77966667,1043.00,23.453
8571,4,1720,5639.170901968813,2046.889826104988,2020-08-08T13:16:20Z,45.44050000,7.77958333,1041.00,23.44
8572,4,1721,5640.170901968813,2047.889826104988,2020-08-08T13:16:21Z,45.44038333,7.77948333,1039.00,23.426
8573,4,1722,5641.170901968813,2048.889826104988,2020-08-08T13:16:22Z,45.44026667,7.77938333,1038.00,23.412
8574,4,1723,5642.170901968813,2049.889826104988,2020-08-08T13:16:23Z,45.44015000,7.77930000,1037.00,23.399
8575,4,1724,5643.170901968813,2050.889826104988,2020-08-08T13:16:24Z,45.44003333,7.77921667,1038.00,23.385
8576,4,1725,5644.170901968813,2051.889826104988,2020-08-08T13:16:25Z,45.43995000,7.77913333,1037.00,23.375
8577,4,1726,5645.170901968813,2052.889826104988,2020-08-08T13:16:26Z,45.43985000,7.77905000,1036.00,23.364
8578,4,1727,5646.170901968813,2053.889826104988,2020-08-08T13:16:27Z,45.43975000,7.77898333,1036.00,23.352
8579,4,1728,5647.170901968813,2054.889826104988,2020-08-08T13:16:28Z,45.43966667,7.77890000,1035.00,23.342
8580,4,1729,5648.170901968813,2055.889826104988,2020-08-08T13:16:29Z,45.43956667,7.77881667,1033.00,23.331
8581,4,1730,5649.170901968813,2056.889826104988,2020-08-08T13:16:30Z,45.43946667,7.77873333,1030.00,23.319
8582,4,1731,5650.170901968813,2057.889826104988,2020-08-08T13:16:31Z,45.43936667,7.77865000,1027.00,23.307
8583,4,1732,5651.170901968813,2058.889826104988,2020-08-08T13:16:32Z,45.43925000,7.77853333,1023.00,23.293
8584,4,1733,5652.170901968813,2059.889826104988,2020-08-08T13:16:33Z,45.43915000,7.77841667,1019.00,23.282
8585,4,1734,5653.170901968813,2060.889826104988,2020-08-08T13:16:34Z,45.43903333,7.77831667,1017.00,23.268
8586,4,1735,5654.170901968813,2061.889826104988,2020-08-08T13:16:35Z,45.43893333,7.77820000,1015.00,23.256
8587,4,1736,5655.170901968813,2062.889826104988,2020-08-08T13:16:36Z,45.43881667,7.77810000,1012.00,23.242
8588,4,1737,5656.170901968813,2063.889826104988,2020-08-08T13:16:37Z,45.43871667,7.77798333,1009.00,23.231
8589,4,1738,5657.170901968813,2064.889826104988,2020-08-08T13:16:38Z,45.43861667,7.77788333,1007.00,23.219
8590,4,1739,5658.170901968813,2065.889826104988,2020-08-08T13:16:39Z,45.43851667,7.77776667,1004.00,23.207
8591,4,1740,5659.170901968813,2066.889826104988,2020-08-08T13:16:40Z,45.43841667,7.77765000,1001.00,23.195
8592,4,1741,5660.170901968813,2067.889826104988,2020-08-08T13:16:41Z,45.43831667,7.77755000,998.00,23.183
8593,4,1742,5661.170901968813,2068.889826104988,2020-08-08T13:16:42Z,45.43821667,7.77743333,997.00,23.172
8594,4,1743,5662.170901968813,2069.889826104988,2020-08-08T13:16:43Z,45.43811667,7.77730000,993.00,23.16
8595,4,1744,5663.170901968813,2070.889826104988,2020-08-08T13:16:44Z,45.43803333,7.77716667,990.00,23.15
8596,4,1745,5664.170901968813,2071.889826104988,2020-08-08T13:16:45Z,45.43793333,7.77703333,987.00,23.138
8597,4,1746,5665.170901968813,2072.889826104988,2020-08-08T13:16:46Z,45.43783333,7.77691667,984.00,23.126
8598,4,1747,5666.170901968813,2073.889826104988,2020-08-08T13:16:47Z,45.43773333,7.77678333,981.00,23.114
8599,4,1748,5667.170901968813,2074.889826104988,2020-08-08T13:16:48Z,45.43763333,7.77666667,978.00,23.103
8600,4,1749,5668.170901968813,2075.889826104988,2020-08-08T13:16:49Z,45.43753333,7.77653333,975.00,23.091
8601,4,1750,5669.170901968813,2076.889826104988,2020-08-08T13:16:50Z,45.43743333,7.77641667,973.00,23.079
8602,4,1751,5670.170901968813,2077.889826104988,2020-08-08T13:16:51Z,45.43735000,7.77628333,970.00,23.069
8603,4,1752,5671.170901968813,2078.889826104988,2020-08-08T13:16:52Z,45.43725000,7.77615000,969.00,23.057
8604,4,1753,5672.170901968813,2079.889826104988,2020-08-08T13:16:53Z,45.43716667,7.77603333,968.00,23.047
8605,4,1754,5673.170901968813,2080.889826104988,2020-08-08T13:16:54Z,45.43710000,7.77591667,968.00,23.04
8606,4,1755,5674.170901968813,2081.889826104988,2020-08-08T13:16:55Z,45.43701667,7.77583333,968.00,23.03
8607,4,1756,5675.170901968813,2082.889826104988,2020-08-08T13:16:56Z,45.43695000,7.77573333,967.00,23.022
8608,4,1757,5676.170901968813,2083.889826104988,2020-08-08T13:16:57Z,45.43685000,7.77563333,968.00,23.01
8609,4,1758,5677.170901968813,2084.889826104988,2020-08-08T13:16:58Z,45.43676667,7.77553333,967.00,23.001
8610,4,1759,5678.170901968813,2085.889826104988,2020-08-08T13:16:59Z,45.43668333,7.77541667,967.00,22.991
8611,4,1760,5679.170901968813,2086.889826104988,2020-08-08T13:17:00Z,45.43658333,7.77530000,966.00,22.979
8612,4,1761,5680.170901968813,2087.889826104988,2020-08-08T13:17:01Z,45.43650000,7.77516667,965.00,22.97
8613,4,1762,5681.170901968813,2088.889826104988,2020-08-08T13:17:02Z,45.43640000,7.77503333,964.00,22.958
8614,4,1763,5682.170901968813,2089.889826104988,2020-08-08T13:17:03Z,45.43631667,7.77490000,962.00,22.948
8615,4,1764,5683.170901968813,2090.889826104988,2020-08-08T13:17:04Z,45.43620000,7.77475000,960.00,22.935
8616,4,1765,5684.170901968813,2091.889826104988,2020-08-08T13:17:05Z,45.43610000,7.77461667,959.00,22.923
8617,4,1766,5685.170901968813,2092.889826104988,2020-08-08T13:17:06Z,45.43598333,7.77446667,959.00,22.91
8618,4,1767,5686.170901968813,2093.889826104988,2020-08-08T13:17:07Z,45.43586667,7.77433333,960.00,22.896
8619,4,1768,5687.170901968813,2094.889826104988,2020-08-08T13:17:08Z,45.43576667,7.77421667,962.00,22.885
8620,4,1769,5688.170901968813,2095.889826104988,2020-08-08T13:17:09Z,45.43568333,7.77411667,966.00,22.875
8621,4,1770,5689.170901968813,2096.889826104988,2020-08-08T13:17:10Z,45.43561667,7.77403333,967.00,22.867
8622,4,1771,5690.170901968813,2097.889826104988,2020-08-08T13:17:11Z,45.43555000,7.77393333,969.00,22.86
8623,4,1772,5691.170901968813,2098.889826104988,2020-08-08T13:17:12Z,45.43548333,7.77383333,971.00,22.852
8624,4,1773,5692.170901968813,2099.889826104988,2020-08-08T13:17:13Z,45.43541667,7.77373333,971.00,22.844
8625,4,1774,5693.170901968813,2100.889826104988,2020-08-08T13:17:14Z,45.43535000,7.77365000,971.00,22.837
8626,4,1775,5694.170901968813,2101.889826104988,2020-08-08T13:17:15Z,45.43526667,7.77355000,970.00,22.827
8627,4,1776,5695.170901968813,2102.889826104988,2020-08-08T13:17:16Z,45.43520000,7.77345000,972.00,22.819
8628,4,1777,5696.170901968813,2103.889826104988,2020-08-08T13:17:17Z,45.43515000,7.77338333,973.00,22.814
8629,4,1778,5697.170901968813,2104.889826104988,2020-08-08T13:17:18Z,45.43508333,7.77331667,974.00,22.806
8630,4,1779,5698.170901968813,2105.889826104988,2020-08-08T13:17:19Z,45.43503333,7.77326667,974.00,22.801
8631,4,1780,5699.170901968813,2106.889826104988,2020-08-08T13:17:20Z,45.43496667,7.77321667,975.00,22.793
8632,4,1781,5700.170901968813,2107.889826104988,2020-08-08T13:17:21Z,45.43490000,7.77316667,975.00,22.785
8633,4,1782,5701.170901968813,2108.889826104988,2020-08-08T13:17:22Z,45.43483333,7.77310000,974.00,22.778
8634,4,1783,5702.170901968813,2109.889826104988,2020-08-08T13:17:23Z,45.43476667,7.77301667,973.00,22.77
8635,4,1784,5703.170901968813,2110.889826104988,2020-08-08T13:17:24Z,45.43471667,7.77291667,973.00,22.765
8636,4,1785,5704.170901968813,2111.889826104988,2020-08-08T13:17:25Z,45.43470000,7.77278333,973.00,22.762
8637,4,1786,5705.170901968813,2112.889826104988,2020-08-08T13:17:26Z,45.43473333,7.77265000,970.00,22.766
8638,4,1787,5706.170901968813,2113.889826104988,2020-08-08T13:17:27Z,45.43481667,7.77253333,968.00,22.775
8639,4,1788,5707.170901968813,2114.889826104988,2020-08-08T13:17:28Z,45.43493333,7.77246667,967.00,22.788
8640,4,1789,5708.170901968813,2115.889826104988,2020-08-08T13:17:29Z,45.43505000,7.77248333,967.00,22.801
8641,4,1790,5709.170901968813,2116.889826104988,2020-08-08T13:17:30Z,45.43513333,7.77256667,967.00,22.81
8642,4,1791,5710.170901968813,2117.889826104988,2020-08-08T13:17:31Z,45.43518333,7.77268333,966.00,22.816
8643,4,1792,5711.170901968813,2118.889826104988,2020-08-08T13:17:32Z,45.43518333,7.77283333,965.00,22.816
8644,4,1793,5712.170901968813,2119.889826104988,2020-08-08T13:17:33Z,45.43513333,7.77296667,964.00,22.811
8645,4,1794,5713.170901968813,2120.889826104988,2020-08-08T13:17:34Z,45.43505000,7.77305000,962.00,22.802
8646,4,1795,5714.170901968813,2121.889826104988,2020-08-08T13:17:35Z,45.43493333,7.77306667,961.00,22.789
8647,4,1796,5715.170901968813,2122.889826104988,2020-08-08T13:17:36Z,45.43485000,7.77305000,960.00,22.78
8648,4,1797,5716.170901968813,2123.889826104988,2020-08-08T13:17:37Z,45.43476667,7.77300000,961.00,22.77
8649,4,1798,5717.170901968813,2124.889826104988,2020-08-08T13:17:38Z,45.43471667,7.77293333,962.00,22.765
8650,4,1799,5718.170901968813,2125.889826104988,2020-08-08T13:17:39Z,45.43466667,7.77286667,960.00,22.759
8651,4,1800,5719.170901968813,2126.889826104988,2020-08-08T13:17:40Z,45.43461667,7.77280000,958.00,22.753
8652,4,1801,5720.170901968813,2127.889826104988,2020-08-08T13:17:41Z,45.43453333,7.77271667,956.00,22.744
8653,4,1802,5721.170901968813,2128.889826104988,2020-08-08T13:17:42Z,45.43443333,7.77260000,952.00,22.732
8654,4,1803,5722.170901968813,2129.889826104988,2020-08-08T13:17:43Z,45.43433333,7.77246667,948.00,22.721
8655,4,1804,5723.170901968813,2130.889826104988,2020-08-08T13:17:44Z,45.43423333,7.77233333,949.00,22.71
8656,4,1805,5724.170901968813,2131.889826104988,2020-08-08T13:17:45Z,45.43415000,7.77221667,950.00,22.7
8657,4,1806,5725.170901968813,2132.889826104988,2020-08-08T13:17:46Z,45.43406667,7.77211667,950.00,22.691
8658,4,1807,5726.170901968813,2133.889826104988,2020-08-08T13:17:47Z,45.43400000,7.77203333,949.00,22.684
8659,4,1808,5727.170901968813,2134.889826104988,2020-08-08T13:17:48Z,45.43391667,7.77195000,949.00,22.674
8660,4,1809,5728.170901968813,2135.889826104988,2020-08-08T13:17:49Z,45.43381667,7.77185000,947.00,22.663
8661,4,1810,5729.170901968813,2136.889826104988,2020-08-08T13:17:50Z,45.43371667,7.77175000,945.00,22.652
8662,4,1811,5730.170901968813,2137.889826104988,2020-08-08T13:17:51Z,45.43361667,7.77163333,945.00,22.641
8663,4,1812,5731.170901968813,2138.889826104988,2020-08-08T13:17:52Z,45.43353333,7.77151667,946.00,22.631
8664,4,1813,5732.170901968813,2139.889826104988,2020-08-08T13:17:53Z,45.43343333,7.77143333,946.00,22.62
8665,4,1814,5733.170901968813,2140.889826104988,2020-08-08T13:17:54Z,45.43335000,7.77135000,947.00,22.611
8666,4,1815,5734.170901968813,2141.889826104988,2020-08-08T13:17:55Z,45.43326667,7.77128333,949.00,22.601
8667,4,1816,5735.170901968813,2142.889826104988,2020-08-08T13:17:56Z,45.43320000,7.77120000,949.00,22.594
8668,4,1817,5736.170901968813,2143.889826104988,2020-08-08T13:17:57Z,45.43313333,7.77113333,947.00,22.587
8669,4,1818,5737.170901968813,2144.889826104988,2020-08-08T13:17:58Z,45.43306667,7.77105000,945.00,22.579
8670,4,1819,5738.170901968813,2145.889826104988,2020-08-08T13:17:59Z,45.43298333,7.77096667,941.00,22.57
8671,4,1820,5739.170901968813,2146.889826104988,2020-08-08T13:18:00Z,45.43288333,7.77086667,937.00,22.559
8672,4,1821,5740.170901968813,2147.889826104988,2020-08-08T13:18:01Z,45.43276667,7.77075000,932.00,22.546
8673,4,1822,5741.170901968813,2148.889826104988,2020-08-08T13:18:02Z,45.43263333,7.77065000,929.00,22.531
8674,4,1823,5742.170901968813,2149.889826104988,2020-08-08T13:18:03Z,45.43251667,7.77053333,927.00,22.518
8675,4,1824,5743.170901968813,2150.889826104988,2020-08-08T13:18:04Z,45.43241667,7.77041667,928.00,22.507
8676,4,1825,5744.170901968813,2151.889826104988,2020-08-08T13:18:05Z,45.43231667,7.77033333,930.00,22.496
8677,4,1826,5745.170901968813,2152.889826104988,2020-08-08T13:18:06Z,45.43223333,7.77023333,929.00,22.487
8678,4,1827,5746.170901968813,2153.889826104988,2020-08-08T13:18:07Z,45.43216667,7.77015000,928.00,22.479
8679,4,1828,5747.170901968813,2154.889826104988,2020-08-08T13:18:08Z,45.43208333,7.77006667,927.00,22.47
8680,4,1829,5748.170901968813,2155.889826104988,2020-08-08T13:18:09Z,45.43201667,7.76995000,924.00,22.463
8681,4,1830,5749.170901968813,2156.889826104988,2020-08-08T13:18:10Z,45.43191667,7.76983333,920.00,22.452
8682,4,1831,5750.170901968813,2157.889826104988,2020-08-08T13:18:11Z,45.43181667,7.76971667,914.00,22.441
8683,4,1832,5751.170901968813,2158.889826104988,2020-08-08T13:18:12Z,45.43170000,7.76960000,910.00,22.428
8684,4,1833,5752.170901968813,2159.889826104988,2020-08-08T13:18:13Z,45.43156667,7.76948333,906.00,22.414
8685,4,1834,5753.170901968813,2160.889826104988,2020-08-08T13:18:14Z,45.43143333,7.76936667,903.00,22.399
8686,4,1835,5754.170901968813,2161.889826104988,2020-08-08T13:18:15Z,45.43131667,7.76923333,901.00,22.386
8687,4,1836,5755.170901968813,2162.889826104988,2020-08-08T13:18:16Z,45.43121667,7.76911667,900.00,22.375
8688,4,1837,5756.170901968813,2163.889826104988,2020-08-08T13:18:17Z,45.43111667,7.76900000,900.00,22.364
8689,4,1838,5757.170901968813,2164.889826104988,2020-08-08T13:18:18Z,45.43100000,7.76888333,898.00,22.352
8690,4,1839,5758.170901968813,2165.889826104988,2020-08-08T13:18:19Z,45.43090000,7.76878333,896.00,22.341
8691,4,1840,5759.170901968813,2166.889826104988,2020-08-08T13:18:20Z,45.43080000,7.76868333,894.00,22.33
8692,4,1841,5760.170901968813,2167.889826104988,2020-08-08T13:18:21Z,45.43068333,7.76856667,892.00,22.317
8693,4,1842,5761.170901968813,2168.889826104988,2020-08-08T13:18:22Z,45.43058333,7.76845000,890.00,22.306
8694,4,1843,5762.170901968813,2169.889826104988,2020-08-08T13:18:23Z,45.43046667,7.76833333,888.00,22.294
8695,4,1844,5763.170901968813,2170.889826104988,2020-08-08T13:18:24Z,45.43035000,7.76823333,886.00,22.281
8696,4,1845,5764.170901968813,2171.889826104988,2020-08-08T13:18:25Z,45.43023333,7.76811667,883.00,22.269
8697,4,1846,5765.170901968813,2172.889826104988,2020-08-08T13:18:26Z,45.43011667,7.76801667,882.00,22.256
8698,4,1847,5766.170901968813,2173.889826104988,2020-08-08T13:18:27Z,45.43000000,7.76790000,879.00,22.243
8699,4,1848,5767.170901968813,2174.889826104988,2020-08-08T13:18:28Z,45.42988333,7.76778333,878.00,22.231
8700,4,1849,5768.170901968813,2175.889826104988,2020-08-08T13:18:29Z,45.42976667,7.76768333,877.00,22.218
8701,4,1850,5769.170901968813,2176.889826104988,2020-08-08T13:18:30Z,45.42965000,7.76760000,876.00,22.206
8702,4,1851,5770.170901968813,2177.889826104988,2020-08-08T13:18:31Z,45.42953333,7.76750000,874.00,22.193
8703,4,1852,5771.170901968813,2178.889826104988,2020-08-08T13:18:32Z,45.42940000,7.76740000,872.00,22.179
8704,4,1853,5772.170901968813,2179.889826104988,2020-08-08T13:18:33Z,45.42928333,7.76728333,869.00,22.166
8705,4,1854,5773.170901968813,2180.889826104988,2020-08-08T13:18:34Z,45.42916667,7.76716667,867.00,22.154
8706,4,1855,5774.170901968813,2181.889826104988,2020-08-08T13:18:35Z,45.42905000,7.76705000,865.00,22.141
8707,4,1856,5775.170901968813,2182.889826104988,2020-08-08T13:18:36Z,45.42893333,7.76696667,864.00,22.129
8708,4,1857,5776.170901968813,2183.889826104988,2020-08-08T13:18:37Z,45.42881667,7.76686667,863.00,22.116
8709,4,1858,5777.170901968813,2184.889826104988,2020-08-08T13:18:38Z,45.42871667,7.76675000,862.00,22.105
8710,4,1859,5778.170901968813,2185.889826104988,2020-08-08T13:18:39Z,45.42861667,7.76663333,861.00,22.094
8711,4,1860,5779.170901968813,2186.889826104988,2020-08-08T13:18:40Z,45.42851667,7.76651667,859.00,22.084
8712,4,1861,5780.170901968813,2187.889826104988,2020-08-08T13:18:41Z,45.42841667,7.76640000,856.00,22.073
8713,4,1862,5781.170901968813,2188.889826104988,2020-08-08T13:18:42Z,45.42830000,7.76630000,854.00,22.06
8714,4,1863,5782.170901968813,2189.889826104988,2020-08-08T13:18:43Z,45.42818333,7.76620000,852.00,22.048
8715,4,1864,5783.170901968813,2190.889826104988,2020-08-08T13:18:44Z,45.42805000,7.76610000,851.00,22.033
8716,4,1865,5784.170901968813,2191.889826104988,2020-08-08T13:18:45Z,45.42791667,7.76603333,848.00,22.019
8717,4,1866,5785.170901968813,2192.889826104988,2020-08-08T13:18:46Z,45.42778333,7.76595000,845.00,22.004
8718,4,1867,5786.170901968813,2193.889826104988,2020-08-08T13:18:47Z,45.42766667,7.76585000,844.00,21.992
8719,4,1868,5787.170901968813,2194.889826104988,2020-08-08T13:18:48Z,45.42755000,7.76575000,843.00,21.979
8720,4,1869,5788.170901968813,2195.889826104988,2020-08-08T13:18:49Z,45.42746667,7.76563333,842.00,21.97
8721,4,1870,5789.170901968813,2196.889826104988,2020-08-08T13:18:50Z,45.42738333,7.76555000,841.00,21.961
8722,4,1871,5790.170901968813,2197.889826104988,2020-08-08T13:18:51Z,45.42728333,7.76546667,839.00,21.951
8723,4,1872,5791.170901968813,2198.889826104988,2020-08-08T13:18:52Z,45.42720000,7.76538333,837.00,21.942
8724,4,1873,5792.170901968813,2199.889826104988,2020-08-08T13:18:53Z,45.42708333,7.76530000,834.00,21.929
8725,4,1874,5793.170901968813,2200.889826104988,2020-08-08T13:18:54Z,45.42698333,7.76521667,832.00,21.919
8726,4,1875,5794.170901968813,2201.889826104988,2020-08-08T13:18:55Z,45.42686667,7.76513333,830.00,21.906
8727,4,1876,5795.170901968813,2202.889826104988,2020-08-08T13:18:56Z,45.42676667,7.76505000,830.00,21.895
8728,4,1877,5796.170901968813,2203.889826104988,2020-08-08T13:18:57Z,45.42666667,7.76498333,829.00,21.885
8729,4,1878,5797.170901968813,2204.889826104988,2020-08-08T13:18:58Z,45.42656667,7.76491667,829.00,21.874
8730,4,1879,5798.170901968813,2205.889826104988,2020-08-08T13:18:59Z,45.42648333,7.76485000,828.00,21.865
8731,4,1880,5799.170901968813,2206.889826104988,2020-08-08T13:19:00Z,45.42636667,7.76478333,825.00,21.852
8732,4,1881,5800.170901968813,2207.889826104988,2020-08-08T13:19:01Z,45.42625000,7.76471667,823.00,21.84
8733,4,1882,5801.170901968813,2208.889826104988,2020-08-08T13:19:02Z,45.42613333,7.76468333,821.00,21.827
8734,4,1883,5802.170901968813,2209.889826104988,2020-08-08T13:19:03Z,45.42600000,7.76463333,820.00,21.812
8735,4,1884,5803.170901968813,2210.889826104988,2020-08-08T13:19:04Z,45.42586667,7.76460000,818.00,21.798
8736,4,1885,5804.170901968813,2211.889826104988,2020-08-08T13:19:05Z,45.42575000,7.76453333,817.00,21.785
8737,4,1886,5805.170901968813,2212.889826104988,2020-08-08T13:19:06Z,45.42563333,7.76446667,816.00,21.773
8738,4,1887,5806.170901968813,2213.889826104988,2020-08-08T13:19:07Z,45.42551667,7.76440000,815.00,21.76
8739,4,1888,5807.170901968813,2214.889826104988,2020-08-08T13:19:08Z,45.42540000,7.76433333,814.00,21.748
8740,4,1889,5808.170901968813,2215.889826104988,2020-08-08T13:19:09Z,45.42530000,7.76426667,811.00,21.737
8741,4,1890,5809.170901968813,2216.889826104988,2020-08-08T13:19:10Z,45.42518333,7.76421667,809.00,21.724
8742,4,1891,5810.170901968813,2217.889826104988,2020-08-08T13:19:11Z,45.42506667,7.76416667,807.00,21.712
8743,4,1892,5811.170901968813,2218.889826104988,2020-08-08T13:19:12Z,45.42495000,7.76411667,806.00,21.699
8744,4,1893,5812.170901968813,2219.889826104988,2020-08-08T13:19:13Z,45.42481667,7.76410000,804.00,21.684
8745,4,1894,5813.170901968813,2220.889826104988,2020-08-08T13:19:14Z,45.42470000,7.76406667,801.00,21.672
8746,4,1895,5814.170901968813,2221.889826104988,2020-08-08T13:19:15Z,45.42456667,7.76403333,801.00,21.657
8747,4,1896,5815.170901968813,2222.889826104988,2020-08-08T13:19:16Z,45.42445000,7.76398333,800.00,21.645
8748,4,1897,5816.170901968813,2223.889826104988,2020-08-08T13:19:17Z,45.42435000,7.76393333,799.00,21.634
8749,4,1898,5817.170901968813,2224.889826104988,2020-08-08T13:19:18Z,45.42423333,7.76390000,798.00,21.621
8750,4,1899,5818.170901968813,2225.889826104988,2020-08-08T13:19:19Z,45.42413333,7.76388333,797.00,21.61
8751,4,1900,5819.170901968813,2226.889826104988,2020-08-08T13:19:20Z,45.42401667,7.76386667,795.00,21.597
8752,4,1901,5820.170901968813,2227.889826104988,2020-08-08T13:19:21Z,45.42391667,7.76386667,794.00,21.586
8753,4,1902,5821.170901968813,2228.889826104988,2020-08-08T13:19:22Z,45.42381667,7.76386667,793.00,21.575
8754,4,1903,5822.170901968813,2229.889826104988,2020-08-08T13:19:23Z,45.42370000,7.76385000,791.00,21.562
8755,4,1904,5823.170901968813,2230.889826104988,2020-08-08T13:19:24Z,45.42358333,7.76381667,789.00,21.55
8756,4,1905,5824.170901968813,2231.889826104988,2020-08-08T13:19:25Z,45.42348333,7.76376667,789.00,21.539
8757,4,1906,5825.170901968813,2232.889826104988,2020-08-08T13:19:26Z,45.42336667,7.76370000,787.00,21.527
8758,4,1907,5826.170901968813,2233.889826104988,2020-08-08T13:19:27Z,45.42325000,7.76365000,789.00,21.514
8759,4,1908,5827.170901968813,2234.889826104988,2020-08-08T13:19:28Z,45.42313333,7.76360000,787.00,21.501
8760,4,1909,5828.170901968813,2235.889826104988,2020-08-08T13:19:29Z,45.42301667,7.76355000,788.00,21.489
8761,4,1910,5829.170901968813,2236.889826104988,2020-08-08T13:19:30Z,45.42290000,7.76351667,788.00,21.476
8762,4,1911,5830.170901968813,2237.889826104988,2020-08-08T13:19:31Z,45.42278333,7.76348333,788.00,21.464
8763,4,1912,5831.170901968813,2238.889826104988,2020-08-08T13:19:32Z,45.42266667,7.76343333,788.00,21.451
8764,4,1913,5832.170901968813,2239.889826104988,2020-08-08T13:19:33Z,45.42255000,7.76336667,788.00,21.439
8765,4,1914,5833.170901968813,2240.889826104988,2020-08-08T13:19:34Z,45.42243333,7.76331667,788.00,21.426
8766,4,1915,5834.170901968813,2241.889826104988,2020-08-08T13:19:35Z,45.42230000,7.76328333,788.00,21.412
8767,4,1916,5835.170901968813,2242.889826104988,2020-08-08T13:19:36Z,45.42218333,7.76325000,788.00,21.399
8768,4,1917,5836.170901968813,2243.889826104988,2020-08-08T13:19:37Z,45.42206667,7.76320000,788.00,21.386
8769,4,1918,5837.170901968813,2244.889826104988,2020-08-08T13:19:38Z,45.42195000,7.76315000,788.00,21.374
8770,4,1919,5838.170901968813,2245.889826104988,2020-08-08T13:19:39Z,45.42183333,7.76308333,788.00,21.362
8771,4,1920,5839.170901968813,2246.889826104988,2020-08-08T13:19:40Z,45.42171667,7.76301667,787.00,21.349
8772,4,1921,5840.170901968813,2247.889826104988,2020-08-08T13:19:41Z,45.42160000,7.76295000,785.00,21.337
8773,4,1922,5841.170901968813,2248.889826104988,2020-08-08T13:19:42Z,45.42148333,7.76290000,782.00,21.324
8774,4,1923,5842.170901968813,2249.889826104988,2020-08-08T13:19:43Z,45.42136667,7.76283333,779.00,21.312
8775,4,1924,5843.170901968813,2250.889826104988,2020-08-08T13:19:44Z,45.42125000,7.76276667,778.00,21.3
8776,4,1925,5844.170901968813,2251.889826104988,2020-08-08T13:19:45Z,45.42113333,7.76268333,777.00,21.288
8777,4,1926,5845.170901968813,2252.889826104988,2020-08-08T13:19:46Z,45.42101667,7.76260000,776.00,21.276
8778,4,1927,5846.170901968813,2253.889826104988,2020-08-08T13:19:47Z,45.42091667,7.76253333,774.00,21.265
8779,4,1928,5847.170901968813,2254.889826104988,2020-08-08T13:19:48Z,45.42081667,7.76245000,772.00,21.255
8780,4,1929,5848.170901968813,2255.889826104988,2020-08-08T13:19:49Z,45.42070000,7.76238333,771.00,21.243
8781,4,1930,5849.170901968813,2256.889826104988,2020-08-08T13:19:50Z,45.42060000,7.76231667,769.00,21.232
8782,4,1931,5850.170901968813,2257.889826104988,2020-08-08T13:19:51Z,45.42050000,7.76225000,767.00,21.222
8783,4,1932,5851.170901968813,2258.889826104988,2020-08-08T13:19:52Z,45.42040000,7.76218333,766.00,21.211
8784,4,1933,5852.170901968813,2259.889826104988,2020-08-08T13:19:53Z,45.42030000,7.76211667,765.00,21.201
8785,4,1934,5853.170901968813,2260.889826104988,2020-08-08T13:19:54Z,45.42021667,7.76205000,764.00,21.192
8786,4,1935,5854.170901968813,2261.889826104988,2020-08-08T13:19:55Z,45.42010000,7.76198333,762.00,21.18
8787,4,1936,5855.170901968813,2262.889826104988,2020-08-08T13:19:56Z,45.42000000,7.76191667,759.00,21.17
8788,4,1937,5856.170901968813,2263.889826104988,2020-08-08T13:19:57Z,45.41988333,7.76185000,758.00,21.158
8789,4,1938,5857.170901968813,2264.889826104988,2020-08-08T13:19:58Z,45.41978333,7.76180000,756.00,21.147
8790,4,1939,5858.170901968813,2265.889826104988,2020-08-08T13:19:59Z,45.41968333,7.76175000,755.00,21.137
8791,4,1940,5859.170901968813,2266.889826104988,2020-08-08T13:20:00Z,45.41958333,7.76170000,754.00,21.126
8792,4,1941,5860.170901968813,2267.889826104988,2020-08-08T13:20:01Z,45.41948333,7.76163333,752.00,21.116
8793,4,1942,5861.170901968813,2268.889826104988,2020-08-08T13:20:02Z,45.41938333,7.76158333,749.00,21.105
8794,4,1943,5862.170901968813,2269.889826104988,2020-08-08T13:20:03Z,45.41928333,7.76150000,745.00,21.095
8795,4,1944,5863.170901968813,2270.889826104988,2020-08-08T13:20:04Z,45.41916667,7.76141667,742.00,21.083
8796,4,1945,5864.170901968813,2271.889826104988,2020-08-08T13:20:05Z,45.41905000,7.76133333,738.00,21.071
8797,4,1946,5865.170901968813,2272.889826104988,2020-08-08T13:20:06Z,45.41893333,7.76125000,736.00,21.06
8798,4,1947,5866.170901968813,2273.889826104988,2020-08-08T13:20:07Z,45.41881667,7.76118333,734.00,21.048
8799,4,1948,5867.170901968813,2274.889826104988,2020-08-08T13:20:08Z,45.41871667,7.76111667,733.00,21.037
8800,4,1949,5868.170901968813,2275.889826104988,2020-08-08T13:20:09Z,45.41860000,7.76106667,731.00,21.025
8801,4,1950,5869.170901968813,2276.889826104988,2020-08-08T13:20:10Z,45.41850000,7.76100000,730.00,21.015
8802,4,1951,5870.170901968813,2277.889826104988,2020-08-08T13:20:11Z,45.41838333,7.76093333,727.00,21.003
8803,4,1952,5871.170901968813,2278.889826104988,2020-08-08T13:20:12Z,45.41826667,7.76086667,724.00,20.991
8804,4,1953,5872.170901968813,2279.889826104988,2020-08-08T13:20:13Z,45.41815000,7.76080000,720.00,20.979
8805,4,1954,5873.170901968813,2280.889826104988,2020-08-08T13:20:14Z,45.41801667,7.76071667,717.00,20.965
8806,4,1955,5874.170901968813,2281.889826104988,2020-08-08T13:20:15Z,45.41786667,7.76065000,714.00,20.95
8807,4,1956,5875.170901968813,2282.889826104988,2020-08-08T13:20:16Z,45.41773333,7.76060000,711.00,20.936
8808,4,1957,5876.170901968813,2283.889826104988,2020-08-08T13:20:17Z,45.41758333,7.76055000,711.00,20.92
8809,4,1958,5877.170901968813,2284.889826104988,2020-08-08T13:20:18Z,45.41746667,7.76050000,709.00,20.908
8810,4,1959,5878.170901968813,2285.889826104988,2020-08-08T13:20:19Z,45.41733333,7.76046667,709.00,20.893
8811,4,1960,5879.170901968813,2286.889826104988,2020-08-08T13:20:20Z,45.41721667,7.76043333,708.00,20.881
8812,4,1961,5880.170901968813,2287.889826104988,2020-08-08T13:20:21Z,45.41710000,7.76041667,706.00,20.868
8813,4,1962,5881.170901968813,2288.889826104988,2020-08-08T13:20:22Z,45.41696667,7.76038333,704.00,20.854
8814,4,1963,5882.170901968813,2289.889826104988,2020-08-08T13:20:23Z,45.41683333,7.76035000,701.00,20.84
8815,4,1964,5883.170901968813,2290.889826104988,2020-08-08T13:20:24Z,45.41670000,7.76033333,698.00,20.826
8816,4,1965,5884.170901968813,2291.889826104988,2020-08-08T13:20:25Z,45.41655000,7.76031667,695.00,20.81
8817,4,1966,5885.170901968813,2292.889826104988,2020-08-08T13:20:26Z,45.41641667,7.76030000,692.00,20.795
8818,4,1967,5886.170901968813,2293.889826104988,2020-08-08T13:20:27Z,45.41628333,7.76028333,689.00,20.781
8819,4,1968,5887.170901968813,2294.889826104988,2020-08-08T13:20:28Z,45.41613333,7.76026667,688.00,20.765
8820,4,1969,5888.170901968813,2295.889826104988,2020-08-08T13:20:29Z,45.41600000,7.76023333,685.00,20.75
8821,4,1970,5889.170901968813,2296.889826104988,2020-08-08T13:20:30Z,45.41586667,7.76020000,683.00,20.736
8822,4,1971,5890.170901968813,2297.889826104988,2020-08-08T13:20:31Z,45.41575000,7.76015000,680.00,20.724
8823,4,1972,5891.170901968813,2298.889826104988,2020-08-08T13:20:32Z,45.41563333,7.76010000,678.00,20.712
8824,4,1973,5892.170901968813,2299.889826104988,2020-08-08T13:20:33Z,45.41551667,7.76005000,676.00,20.7
8825,4,1974,5893.170901968813,2300.889826104988,2020-08-08T13:20:34Z,45.41540000,7.76000000,673.00,20.688
8826,4,1975,5894.170901968813,2301.889826104988,2020-08-08T13:20:35Z,45.41528333,7.75995000,669.00,20.676
8827,4,1976,5895.170901968813,2302.889826104988,2020-08-08T13:20:36Z,45.41515000,7.75990000,664.00,20.662
8828,4,1977,5896.170901968813,2303.889826104988,2020-08-08T13:20:37Z,45.41500000,7.75985000,660.00,20.647
8829,4,1978,5897.170901968813,2304.889826104988,2020-08-08T13:20:38Z,45.41485000,7.75978333,657.00,20.631
8830,4,1979,5898.170901968813,2305.889826104988,2020-08-08T13:20:39Z,45.41470000,7.75973333,657.00,20.616
8831,4,1980,5899.170901968813,2306.889826104988,2020-08-08T13:20:40Z,45.41455000,7.75968333,657.00,20.6
8832,4,1981,5900.170901968813,2307.889826104988,2020-08-08T13:20:41Z,45.41443333,7.75965000,658.00,20.588
8833,4,1982,5901.170901968813,2308.889826104988,2020-08-08T13:20:42Z,45.41433333,7.75961667,660.00,20.577
8834,4,1983,5902.170901968813,2309.889826104988,2020-08-08T13:20:43Z,45.41423333,7.75956667,660.00,20.567
8835,4,1984,5903.170901968813,2310.889826104988,2020-08-08T13:20:44Z,45.41413333,7.75953333,660.00,20.557
8836,4,1985,5904.170901968813,2311.889826104988,2020-08-08T13:20:45Z,45.41403333,7.75950000,658.00,20.547
8837,4,1986,5905.170901968813,2312.889826104988,2020-08-08T13:20:46Z,45.41391667,7.75946667,655.00,20.534
8838,4,1987,5906.170901968813,2313.889826104988,2020-08-08T13:20:47Z,45.41380000,7.75943333,651.00,20.522
8839,4,1988,5907.170901968813,2314.889826104988,2020-08-08T13:20:48Z,45.41368333,7.75940000,648.00,20.51
8840,4,1989,5908.170901968813,2315.889826104988,2020-08-08T13:20:49Z,45.41355000,7.75936667,644.00,20.496
8841,4,1990,5909.170901968813,2316.889826104988,2020-08-08T13:20:50Z,45.41340000,7.75931667,642.00,20.481
8842,4,1991,5910.170901968813,2317.889826104988,2020-08-08T13:20:51Z,45.41326667,7.75928333,640.00,20.467
8843,4,1992,5911.170901968813,2318.889826104988,2020-08-08T13:20:52Z,45.41313333,7.75926667,640.00,20.452
8844,4,1993,5912.170901968813,2319.889826104988,2020-08-08T13:20:53Z,45.41301667,7.75923333,640.00,20.44
8845,4,1994,5913.170901968813,2320.889826104988,2020-08-08T13:20:54Z,45.41291667,7.75920000,639.00,20.43
8846,4,1995,5914.170901968813,2321.889826104988,2020-08-08T13:20:55Z,45.41283333,7.75918333,638.00,20.421
8847,4,1996,5915.170901968813,2322.889826104988,2020-08-08T13:20:56Z,45.41273333,7.75915000,636.00,20.41
8848,4,1997,5916.170901968813,2323.889826104988,2020-08-08T13:20:57Z,45.41263333,7.75911667,633.00,20.4
8849,4,1998,5917.170901968813,2324.889826104988,2020-08-08T13:20:58Z,45.41250000,7.75906667,629.00,20.386
8850,4,1999,5918.170901968813,2325.889826104988,2020-08-08T13:20:59Z,45.41238333,7.75901667,625.00,20.374
8851,4,2000,5919.170901968813,2326.889826104988,2020-08-08T13:21:00Z,45.41225000,7.75895000,623.00,20.36
8852,4,2001,5920.170901968813,2327.889826104988,2020-08-08T13:21:01Z,45.41213333,7.75890000,620.00,20.348
8853,4,2002,5921.170901968813,2328.889826104988,2020-08-08T13:21:02Z,45.41201667,7.75885000,619.00,20.336
8854,4,2003,5922.170901968813,2329.889826104988,2020-08-08T13:21:03Z,45.41190000,7.75880000,618.00,20.324
8855,4,2004,5923.170901968813,2330.889826104988,2020-08-08T13:21:04Z,45.41180000,7.75875000,616.00,20.314
8856,4,2005,5924.170901968813,2331.889826104988,2020-08-08T13:21:05Z,45.41170000,7.75870000,615.00,20.304
8857,4,2006,5925.170901968813,2332.889826104988,2020-08-08T13:21:06Z,45.41158333,7.75865000,612.00,20.292
8858,4,2007,5926.170901968813,2333.889826104988,2020-08-08T13:21:07Z,45.41148333,7.75860000,609.00,20.282
8859,4,2008,5927.170901968813,2334.889826104988,2020-08-08T13:21:08Z,45.41138333,7.75856667,606.00,20.272
8860,4,2009,5928.170901968813,2335.889826104988,2020-08-08T13:21:09Z,45.41128333,7.75851667,604.00,20.262
8861,4,2010,5929.170901968813,2336.889826104988,2020-08-08T13:21:10Z,45.41118333,7.75846667,602.00,20.251
8862,4,2011,5930.170901968813,2337.889826104988,2020-08-08T13:21:11Z,45.41110000,7.75840000,600.00,20.243
8863,4,2012,5931.170901968813,2338.889826104988,2020-08-08T13:21:12Z,45.41100000,7.75833333,597.00,20.234
8864,4,2013,5932.170901968813,2339.889826104988,2020-08-08T13:21:13Z,45.41090000,7.75825000,594.00,20.224
8865,4,2014,5933.170901968813,2340.889826104988,2020-08-08T13:21:14Z,45.41078333,7.75815000,590.00,20.213
8866,4,2015,5934.170901968813,2341.889826104988,2020-08-08T13:21:15Z,45.41066667,7.75806667,587.00,20.202
8867,4,2016,5935.170901968813,2342.889826104988,2020-08-08T13:21:16Z,45.41053333,7.75800000,585.00,20.189
8868,4,2017,5936.170901968813,2343.889826104988,2020-08-08T13:21:17Z,45.41041667,7.75796667,584.00,20.177
8869,4,2018,5937.170901968813,2344.889826104988,2020-08-08T13:21:18Z,45.41030000,7.75793333,583.00,20.164
8870,4,2019,5938.170901968813,2345.889826104988,2020-08-08T13:21:19Z,45.41016667,7.75793333,582.00,20.15
8871,4,2020,5939.170901968813,2346.889826104988,2020-08-08T13:21:20Z,45.41005000,7.75791667,581.00,20.138
8872,4,2021,5940.170901968813,2347.889826104988,2020-08-08T13:21:21Z,45.40993333,7.75790000,580.00,20.125
8873,4,2022,5941.170901968813,2348.889826104988,2020-08-08T13:21:22Z,45.40981667,7.75788333,577.00,20.113
8874,4,2023,5942.170901968813,2349.889826104988,2020-08-08T13:21:23Z,45.40968333,7.75786667,576.00,20.099
8875,4,2024,5943.170901968813,2350.889826104988,2020-08-08T13:21:24Z,45.40956667,7.75783333,574.00,20.087
8876,4,2025,5944.170901968813,2351.889826104988,2020-08-08T13:21:25Z,45.40943333,7.75780000,572.00,20.073
8877,4,2026,5945.170901968813,2352.889826104988,2020-08-08T13:21:26Z,45.40931667,7.75778333,571.00,20.061
8878,4,2027,5946.170901968813,2353.889826104988,2020-08-08T13:21:27Z,45.40920000,7.75778333,569.00,20.048
8879,4,2028,5947.170901968813,2354.889826104988,2020-08-08T13:21:28Z,45.40906667,7.75776667,566.00,20.034
8880,4,2029,5948.170901968813,2355.889826104988,2020-08-08T13:21:29Z,45.40895000,7.75778333,564.00,20.021
8881,4,2030,5949.170901968813,2356.889826104988,2020-08-08T13:21:30Z,45.40883333,7.75776667,561.00,20.009
8882,4,2031,5950.170901968813,2357.889826104988,2020-08-08T13:21:31Z,45.40873333,7.75773333,558.00,19.999
8883,4,2032,5951.170901968813,2358.889826104988,2020-08-08T13:21:32Z,45.40861667,7.75770000,556.00,19.987
8884,4,2033,5952.170901968813,2359.889826104988,2020-08-08T13:21:33Z,45.40848333,7.75765000,553.00,19.973
8885,4,2034,5953.170901968813,2360.889826104988,2020-08-08T13:21:34Z,45.40836667,7.75760000,550.00,19.962
8886,4,2035,5954.170901968813,2361.889826104988,2020-08-08T13:21:35Z,45.40823333,7.75756667,547.00,19.948
8887,4,2036,5955.170901968813,2362.889826104988,2020-08-08T13:21:36Z,45.40810000,7.75753333,543.00,19.934
8888,4,2037,5956.170901968813,2363.889826104988,2020-08-08T13:21:37Z,45.40796667,7.75751667,540.00,19.92
8889,4,2038,5957.170901968813,2364.889826104988,2020-08-08T13:21:38Z,45.40783333,7.75750000,539.00,19.906
8890,4,2039,5958.170901968813,2365.889826104988,2020-08-08T13:21:39Z,45.40770000,7.75748333,535.00,19.892
8891,4,2040,5959.170901968813,2366.889826104988,2020-08-08T13:21:40Z,45.40756667,7.75746667,532.00,19.878
8892,4,2041,5960.170901968813,2367.889826104988,2020-08-08T13:21:41Z,45.40743333,7.75743333,531.00,19.864
8893,4,2042,5961.170901968813,2368.889826104988,2020-08-08T13:21:42Z,45.40730000,7.75740000,528.00,19.851
8894,4,2043,5962.170901968813,2369.889826104988,2020-08-08T13:21:43Z,45.40716667,7.75736667,526.00,19.837
8895,4,2044,5963.170901968813,2370.889826104988,2020-08-08T13:21:44Z,45.40705000,7.75733333,524.00,19.825
8896,4,2045,5964.170901968813,2371.889826104988,2020-08-08T13:21:45Z,45.40691667,7.75728333,521.00,19.812
8897,4,2046,5965.170901968813,2372.889826104988,2020-08-08T13:21:46Z,45.40678333,7.75725000,519.00,19.798
8898,4,2047,5966.170901968813,2373.889826104988,2020-08-08T13:21:47Z,45.40666667,7.75721667,517.00,19.787
8899,4,2048,5967.170901968813,2374.889826104988,2020-08-08T13:21:48Z,45.40653333,7.75718333,514.00,19.773
8900,4,2049,5968.170901968813,2375.889826104988,2020-08-08T13:21:49Z,45.40641667,7.75715000,513.00,19.761
8901,4,2050,5969.170901968813,2376.889826104988,2020-08-08T13:21:50Z,45.40631667,7.75711667,512.00,19.751
8902,4,2051,5970.170901968813,2377.889826104988,2020-08-08T13:21:51Z,45.40621667,7.75708333,511.00,19.741
8903,4,2052,5971.170901968813,2378.889826104988,2020-08-08T13:21:52Z,45.40610000,7.75703333,510.00,19.73
8904,4,2053,5972.170901968813,2379.889826104988,2020-08-08T13:21:53Z,45.40600000,7.75701667,508.00,19.72
8905,4,2054,5973.170901968813,2380.889826104988,2020-08-08T13:21:54Z,45.40588333,7.75698333,505.00,19.708
8906,4,2055,5974.170901968813,2381.889826104988,2020-08-08T13:21:55Z,45.40576667,7.75696667,502.00,19.696
8907,4,2056,5975.170901968813,2382.889826104988,2020-08-08T13:21:56Z,45.40565000,7.75695000,501.00,19.684
8908,4,2057,5976.170901968813,2383.889826104988,2020-08-08T13:21:57Z,45.40553333,7.75695000,499.00,19.671
8909,4,2058,5977.170901968813,2384.889826104988,2020-08-08T13:21:58Z,45.40543333,7.75695000,498.00,19.661
8910,4,2059,5978.170901968813,2385.889826104988,2020-08-08T13:21:59Z,45.40531667,7.75695000,497.00,19.648
8911,4,2060,5979.170901968813,2386.889826104988,2020-08-08T13:22:00Z,45.40521667,7.75696667,496.00,19.637
8912,4,2061,5980.170901968813,2387.889826104988,2020-08-08T13:22:01Z,45.40510000,7.75698333,494.00,19.625
8913,4,2062,5981.170901968813,2388.889826104988,2020-08-08T13:22:02Z,45.40500000,7.75701667,491.00,19.613
8914,4,2063,5982.170901968813,2389.889826104988,2020-08-08T13:22:03Z,45.40488333,7.75705000,490.00,19.6
8915,4,2064,5983.170901968813,2390.889826104988,2020-08-08T13:22:04Z,45.40476667,7.75708333,488.00,19.587
8916,4,2065,5984.170901968813,2391.889826104988,2020-08-08T13:22:05Z,45.40465000,7.75710000,486.00,19.574
8917,4,2066,5985.170901968813,2392.889826104988,2020-08-08T13:22:06Z,45.40453333,7.75713333,485.00,19.561
8918,4,2067,5986.170901968813,2393.889826104988,2020-08-08T13:22:07Z,45.40441667,7.75713333,483.00,19.549
8919,4,2068,5987.170901968813,2394.889826104988,2020-08-08T13:22:08Z,45.40431667,7.75715000,482.00,19.538
8920,4,2069,5988.170901968813,2395.889826104988,2020-08-08T13:22:09Z,45.40420000,7.75716667,480.00,19.525
8921,4,2070,5989.170901968813,2396.889826104988,2020-08-08T13:22:10Z,45.40408333,7.75720000,479.00,19.512
8922,4,2071,5990.170901968813,2397.889826104988,2020-08-08T13:22:11Z,45.40398333,7.75725000,477.00,19.5
8923,4,2072,5991.170901968813,2398.889826104988,2020-08-08T13:22:12Z,45.40386667,7.75731667,478.00,19.486
8924,4,2073,5992.170901968813,2399.889826104988,2020-08-08T13:22:13Z,45.40378333,7.75738333,479.00,19.475
8925,4,2074,5993.170901968813,2400.889826104988,2020-08-08T13:22:14Z,45.40370000,7.75745000,481.00,19.465
8926,4,2075,5994.170901968813,2401.889826104988,2020-08-08T13:22:15Z,45.40363333,7.75751667,483.00,19.456
8927,4,2076,5995.170901968813,2402.889826104988,2020-08-08T13:22:16Z,45.40356667,7.75755000,484.00,19.449
8928,4,2077,5996.170901968813,2403.889826104988,2020-08-08T13:22:17Z,45.40350000,7.75760000,484.00,19.44
8929,4,2078,5997.170901968813,2404.889826104988,2020-08-08T13:22:18Z,45.40341667,7.75765000,483.00,19.43
8930,4,2079,5998.170901968813,2405.889826104988,2020-08-08T13:22:19Z,45.40333333,7.75771667,481.00,19.42
8931,4,2080,5999.170901968813,2406.889826104988,2020-08-08T13:22:20Z,45.40323333,7.75778333,480.00,19.408
8932,4,2081,6000.170901968813,2407.889826104988,2020-08-08T13:22:21Z,45.40313333,7.75785000,481.00,19.396
8933,4,2082,6001.170901968813,2408.889826104988,2020-08-08T13:22:22Z,45.40305000,7.75790000,482.00,19.386
8934,4,2083,6002.170901968813,2409.889826104988,2020-08-08T13:22:23Z,45.40298333,7.75793333,483.00,19.378
8935,4,2084,6003.170901968813,2410.889826104988,2020-08-08T13:22:24Z,45.40293333,7.75795000,483.00,19.372
8936,4,2085,6004.170901968813,2411.889826104988,2020-08-08T13:22:25Z,45.40288333,7.75795000,482.00,19.367
8937,4,2086,6005.170901968813,2412.889826104988,2020-08-08T13:22:26Z,45.40283333,7.75796667,480.00,19.361
8938,4,2087,6006.170901968813,2413.889826104988,2020-08-08T13:22:27Z,45.40276667,7.75801667,475.00,19.353
8939,4,2088,6007.170901968813,2414.889826104988,2020-08-08T13:22:28Z,45.40268333,7.75806667,472.00,19.343
8940,4,2089,6008.170901968813,2415.889826104988,2020-08-08T13:22:29Z,45.40260000,7.75813333,469.00,19.333
8941,4,2090,6009.170901968813,2416.889826104988,2020-08-08T13:22:30Z,45.40251667,7.75816667,468.00,19.323
8942,4,2091,6010.170901968813,2417.889826104988,2020-08-08T13:22:31Z,45.40245000,7.75818333,468.00,19.315
8943,4,2092,6011.170901968813,2418.889826104988,2020-08-08T13:22:32Z,45.40238333,7.75818333,467.00,19.308
8944,4,2093,6012.170901968813,2419.889826104988,2020-08-08T13:22:33Z,45.40231667,7.75818333,465.00,19.301
8945,4,2094,6013.170901968813,2420.889826104988,2020-08-08T13:22:34Z,45.40225000,7.75818333,463.00,19.294
8946,4,2095,6014.170901968813,2421.889826104988,2020-08-08T13:22:35Z,45.40215000,7.75821667,461.00,19.283
8947,4,2096,6015.170901968813,2422.889826104988,2020-08-08T13:22:36Z,45.40205000,7.75825000,458.00,19.271
8948,4,2097,6016.170901968813,2423.889826104988,2020-08-08T13:22:37Z,45.40193333,7.75828333,455.00,19.258
8949,4,2098,6017.170901968813,2424.889826104988,2020-08-08T13:22:38Z,45.40183333,7.75831667,454.00,19.247
8950,4,2099,6018.170901968813,2425.889826104988,2020-08-08T13:22:39Z,45.40173333,7.75833333,454.00,19.236
8951,4,2100,6019.170901968813,2426.889826104988,2020-08-08T13:22:40Z,45.40165000,7.75833333,454.00,19.227
8952,4,2101,6020.170901968813,2427.889826104988,2020-08-08T13:22:41Z,45.40155000,7.75830000,453.00,19.217
8953,4,2102,6021.170901968813,2428.889826104988,2020-08-08T13:22:42Z,45.40146667,7.75830000,454.00,19.208
8954,4,2103,6022.170901968813,2429.889826104988,2020-08-08T13:22:43Z,45.40138333,7.75828333,453.00,19.2
8955,4,2104,6023.170901968813,2430.889826104988,2020-08-08T13:22:44Z,45.40128333,7.75828333,453.00,19.189
8956,4,2105,6024.170901968813,2431.889826104988,2020-08-08T13:22:45Z,45.40118333,7.75830000,452.00,19.178
8957,4,2106,6025.170901968813,2432.889826104988,2020-08-08T13:22:46Z,45.40108333,7.75830000,453.00,19.168
8958,4,2107,6026.170901968813,2433.889826104988,2020-08-08T13:22:47Z,45.40098333,7.75831667,453.00,19.157
8959,4,2108,6027.170901968813,2434.889826104988,2020-08-08T13:22:48Z,45.40090000,7.75831667,454.00,19.148
8960,4,2109,6028.170901968813,2435.889826104988,2020-08-08T13:22:49Z,45.40081667,7.75830000,455.00,19.139
8961,4,2110,6029.170901968813,2436.889826104988,2020-08-08T13:22:50Z,45.40075000,7.75830000,455.00,19.132
8962,4,2111,6030.170901968813,2437.889826104988,2020-08-08T13:22:51Z,45.40066667,7.75828333,455.00,19.124
8963,4,2112,6031.170901968813,2438.889826104988,2020-08-08T13:22:52Z,45.40056667,7.75828333,452.00,19.113
8964,4,2113,6032.170901968813,2439.889826104988,2020-08-08T13:22:53Z,45.40045000,7.75825000,451.00,19.102
8965,4,2114,6033.170901968813,2440.889826104988,2020-08-08T13:22:54Z,45.40035000,7.75821667,449.00,19.092
8966,4,2115,6034.170901968813,2441.889826104988,2020-08-08T13:22:55Z,45.40023333,7.75816667,449.00,19.081
8967,4,2116,6035.170901968813,2442.889826104988,2020-08-08T13:22:56Z,45.40015000,7.75813333,449.00,19.073
8968,4,2117,6036.170901968813,2443.889826104988,2020-08-08T13:22:57Z,45.40005000,7.75810000,449.00,19.064
8969,4,2118,6037.170901968813,2444.889826104988,2020-08-08T13:22:58Z,45.39996667,7.75808333,448.00,19.055
8970,4,2119,6038.170901968813,2445.889826104988,2020-08-08T13:22:59Z,45.39988333,7.75806667,447.00,19.047
8971,4,2120,6039.170901968813,2446.889826104988,2020-08-08T13:23:00Z,45.39976667,7.75805000,445.00,19.035
8972,4,2121,6040.170901968813,2447.889826104988,2020-08-08T13:23:01Z,45.39966667,7.75803333,444.00,19.025
8973,4,2122,6041.170901968813,2448.889826104988,2020-08-08T13:23:02Z,45.39956667,7.75805000,443.00,19.014
8974,4,2123,6042.170901968813,2449.889826104988,2020-08-08T13:23:03Z,45.39948333,7.75806667,445.00,19.005
8975,4,2124,6043.170901968813,2450.889826104988,2020-08-08T13:23:04Z,45.39941667,7.75810000,446.00,18.997
8976,4,2125,6044.170901968813,2451.889826104988,2020-08-08T13:23:05Z,45.39935000,7.75815000,446.00,18.989
8977,4,2126,6045.170901968813,2452.889826104988,2020-08-08T13:23:06Z,45.39926667,7.75816667,445.00,18.98
8978,4,2127,6046.170901968813,2453.889826104988,2020-08-08T13:23:07Z,45.39918333,7.75816667,445.00,18.971
8979,4,2128,6047.170901968813,2454.889826104988,2020-08-08T13:23:08Z,45.39910000,7.75816667,445.00,18.962
8980,4,2129,6048.170901968813,2455.889826104988,2020-08-08T13:23:09Z,45.39903333,7.75816667,446.00,18.955
8981,4,2130,6049.170901968813,2456.889826104988,2020-08-08T13:23:10Z,45.39898333,7.75818333,446.00,18.949
8982,4,2131,6050.170901968813,2457.889826104988,2020-08-08T13:23:11Z,45.39893333,7.75820000,445.00,18.944
8983,4,2132,6051.170901968813,2458.889826104988,2020-08-08T13:23:12Z,45.39886667,7.75823333,444.00,18.936
8984,4,2133,6052.170901968813,2459.889826104988,2020-08-08T13:23:13Z,45.39880000,7.75826667,442.00,18.928
8985,4,2134,6053.170901968813,2460.889826104988,2020-08-08T13:23:14Z,45.39871667,7.75831667,439.00,18.918
8986,4,2135,6054.170901968813,2461.889826104988,2020-08-08T13:23:15Z,45.39863333,7.75835000,439.00,18.908
8987,4,2136,6055.170901968813,2462.889826104988,2020-08-08T13:23:16Z,45.39855000,7.75840000,440.00,18.898
8988,4,2137,6056.170901968813,2463.889826104988,2020-08-08T13:23:17Z,45.39850000,7.75843333,439.00,18.892
8989,4,2138,6057.170901968813,2464.889826104988,2020-08-08T13:23:18Z,45.39845000,7.75848333,439.00,18.886
8990,4,2139,6058.170901968813,2465.889826104988,2020-08-08T13:23:19Z,45.39838333,7.75851667,438.00,18.878
8991,4,2140,6059.170901968813,2466.889826104988,2020-08-08T13:23:20Z,45.39833333,7.75858333,436.00,18.871
8992,4,2141,6060.170901968813,2467.889826104988,2020-08-08T13:23:21Z,45.39826667,7.75866667,435.00,18.862
8993,4,2142,6061.170901968813,2468.889826104988,2020-08-08T13:23:22Z,45.39820000,7.75873333,434.00,18.853
8994,4,2143,6062.170901968813,2469.889826104988,2020-08-08T13:23:23Z,45.39815000,7.75878333,433.00,18.846
8995,4,2144,6063.170901968813,2470.889826104988,2020-08-08T13:23:24Z,45.39808333,7.75881667,435.00,18.839
8996,4,2145,6064.170901968813,2471.889826104988,2020-08-08T13:23:25Z,45.39801667,7.75881667,436.00,18.832
8997,4,2146,6065.170901968813,2472.889826104988,2020-08-08T13:23:26Z,45.39796667,7.75883333,436.00,18.826
8998,4,2147,6066.170901968813,2473.889826104988,2020-08-08T13:23:27Z,45.39790000,7.75886667,436.00,18.818
8999,4,2148,6067.170901968813,2474.889826104988,2020-08-08T13:23:28Z,45.39785000,7.75888333,435.00,18.812
9000,4,2149,6068.170901968813,2475.889826104988,2020-08-08T13:23:29Z,45.39778333,7.75891667,434.00,18.805
9001,4,2150,6069.170901968813,2476.889826104988,2020-08-08T13:23:30Z,45.39771667,7.75895000,433.00,18.797
9002,4,2151,6070.170901968813,2477.889826104988,2020-08-08T13:23:31Z,45.39765000,7.75896667,433.00,18.789
9003,4,2152,6071.170901968813,2478.889826104988,2020-08-08T13:23:32Z,45.39758333,7.75900000,433.00,18.781
9004,4,2153,6072.170901968813,2479.889826104988,2020-08-08T13:23:33Z,45.39751667,7.75901667,432.00,18.774
9005,4,2154,6073.170901968813,2480.889826104988,2020-08-08T13:23:34Z,45.39746667,7.75905000,431.00,18.768
9006,4,2155,6074.170901968813,2481.889826104988,2020-08-08T13:23:35Z,45.39740000,7.75906667,429.00,18.76
9007,4,2156,6075.170901968813,2482.889826104988,2020-08-08T13:23:36Z,45.39731667,7.75910000,428.00,18.751
9008,4,2157,6076.170901968813,2483.889826104988,2020-08-08T13:23:37Z,45.39725000,7.75911667,427.00,18.743
9009,4,2158,6077.170901968813,2484.889826104988,2020-08-08T13:23:38Z,45.39718333,7.75913333,427.00,18.736
9010,4,2159,6078.170901968813,2485.889826104988,2020-08-08T13:23:39Z,45.39710000,7.75916667,426.00,18.726
9011,4,2160,6079.170901968813,2486.889826104988,2020-08-08T13:23:40Z,45.39703333,7.75918333,425.00,18.719
9012,4,2161,6080.170901968813,2487.889826104988,2020-08-08T13:23:41Z,45.39696667,7.75918333,424.00,18.712
9013,4,2162,6081.170901968813,2488.889826104988,2020-08-08T13:23:42Z,45.39690000,7.75920000,423.00,18.705
9014,4,2163,6082.170901968813,2489.889826104988,2020-08-08T13:23:43Z,45.39683333,7.75923333,422.00,18.697
9015,4,2164,6083.170901968813,2490.889826104988,2020-08-08T13:23:44Z,45.39676667,7.75925000,420.00,18.689
9016,4,2165,6084.170901968813,2491.889826104988,2020-08-08T13:23:45Z,45.39670000,7.75928333,419.00,18.682
9017,4,2166,6085.170901968813,2492.889826104988,2020-08-08T13:23:46Z,45.39663333,7.75930000,417.00,18.674
9018,4,2167,6086.170901968813,2493.889826104988,2020-08-08T13:23:47Z,45.39655000,7.75931667,415.00,18.665
9019,4,2168,6087.170901968813,2494.889826104988,2020-08-08T13:23:48Z,45.39648333,7.75931667,414.00,18.658
9020,4,2169,6088.170901968813,2495.889826104988,2020-08-08T13:23:49Z,45.39640000,7.75931667,411.00,18.649
9021,4,2170,6089.170901968813,2496.889826104988,2020-08-08T13:23:50Z,45.39633333,7.75926667,410.00,18.644
9022,4,2171,6090.170901968813,2497.889826104988,2020-08-08T13:23:51Z,45.39626667,7.75920000,408.00,18.639
9023,4,2172,6091.170901968813,2498.889826104988,2020-08-08T13:23:52Z,45.39620000,7.75911667,406.00,18.634
9024,4,2173,6092.170901968813,2499.889826104988,2020-08-08T13:23:53Z,45.39615000,7.75901667,404.00,18.632
9025,4,2174,6093.170901968813,2500.889826104988,2020-08-08T13:23:54Z,45.39610000,7.75890000,402.00,18.63
9026,4,2175,6094.170901968813,2501.889826104988,2020-08-08T13:23:55Z,45.39606667,7.75878333,400.00,18.629
9027,4,2176,6095.170901968813,2502.889826104988,2020-08-08T13:23:56Z,45.39603333,7.75866667,400.00,18.629
9028,4,2177,6096.170901968813,2503.889826104988,2020-08-08T13:23:57Z,45.39600000,7.75855000,398.00,18.628
9029,4,2178,6097.170901968813,2504.889826104988,2020-08-08T13:23:58Z,45.39596667,7.75843333,397.00,18.627
9030,4,2179,6098.170901968813,2505.889826104988,2020-08-08T13:23:59Z,45.39593333,7.75828333,397.00,18.628
9031,4,2180,6099.170901968813,2506.889826104988,2020-08-08T13:24:00Z,45.39590000,7.75815000,398.00,18.628
9032,4,2181,6100.170901968813,2507.889826104988,2020-08-08T13:24:01Z,45.39588333,7.75800000,398.00,18.63
9033,4,2182,6101.170901968813,2508.889826104988,2020-08-08T13:24:02Z,45.39586667,7.75785000,398.00,18.632
9034,4,2183,6102.170901968813,2509.889826104988,2020-08-08T13:24:03Z,45.39583333,7.75770000,397.00,18.633
9035,4,2184,6103.170901968813,2510.889826104988,2020-08-08T13:24:04Z,45.39581667,7.75753333,397.00,18.636
9036,4,2185,6104.170901968813,2511.889826104988,2020-08-08T13:24:05Z,45.39580000,7.75738333,396.00,18.638
9037,4,2186,6105.170901968813,2512.889826104988,2020-08-08T13:24:06Z,45.39578333,7.75725000,395.00,18.64
9038,4,2187,6106.170901968813,2513.889826104988,2020-08-08T13:24:07Z,45.39575000,7.75711667,394.00,18.641
9039,4,2188,6107.170901968813,2514.889826104988,2020-08-08T13:24:08Z,45.39573333,7.75698333,393.00,18.643
9040,4,2189,6108.170901968813,2515.889826104988,2020-08-08T13:24:09Z,45.39570000,7.75685000,390.00,18.644
9041,4,2190,6109.170901968813,2516.889826104988,2020-08-08T13:24:10Z,45.39568333,7.75670000,389.00,18.647
9042,4,2191,6110.170901968813,2517.889826104988,2020-08-08T13:24:11Z,45.39566667,7.75656667,387.00,18.649
9043,4,2192,6111.170901968813,2518.889826104988,2020-08-08T13:24:12Z,45.39566667,7.75641667,385.00,18.654
9044,4,2193,6112.170901968813,2519.889826104988,2020-08-08T13:24:13Z,45.39565000,7.75626667,384.00,18.657
9045,4,2194,6113.170901968813,2520.889826104988,2020-08-08T13:24:14Z,45.39561667,7.75615000,383.00,18.657
9046,4,2195,6114.170901968813,2521.889826104988,2020-08-08T13:24:15Z,45.39558333,7.75605000,382.00,18.657
9047,4,2196,6115.170901968813,2522.889826104988,2020-08-08T13:24:16Z,45.39553333,7.75598333,380.00,18.654
9048,4,2197,6116.170901968813,2523.889826104988,2020-08-08T13:24:17Z,45.39545000,7.75596667,378.00,18.647
9049,4,2198,6117.170901968813,2524.889826104988,2020-08-08T13:24:18Z,45.39536667,7.75601667,375.00,18.637
9050,4,2199,6118.170901968813,2525.889826104988,2020-08-08T13:24:19Z,45.39530000,7.75611667,373.00,18.627
9051,4,2200,6119.170901968813,2526.889826104988,2020-08-08T13:24:20Z,45.39526667,7.75621667,372.00,18.62
9052,4,2201,6120.170901968813,2527.889826104988,2020-08-08T13:24:21Z,45.39523333,7.75631667,371.00,18.613
9053,4,2202,6121.170901968813,2528.889826104988,2020-08-08T13:24:22Z,45.39520000,7.75638333,370.00,18.608
9054,4,2203,6122.170901968813,2529.889826104988,2020-08-08T13:24:23Z,45.39515000,7.75645000,371.00,18.6
9055,4,2204,6123.170901968813,2530.889826104988,2020-08-08T13:24:24Z,45.39510000,7.75651667,369.00,18.593
9056,4,2205,6124.170901968813,2531.889826104988,2020-08-08T13:24:25Z,45.39506667,7.75660000,367.00,18.587
9057,4,2206,6125.170901968813,2532.889826104988,2020-08-08T13:24:26Z,45.39505000,7.75670000,366.00,18.582
9058,4,2207,6126.170901968813,2533.889826104988,2020-08-08T13:24:27Z,45.39501667,7.75680000,364.00,18.576
9059,4,2208,6127.170901968813,2534.889826104988,2020-08-08T13:24:28Z,45.39498333,7.75688333,362.00,18.57
9060,4,2209,6128.170901968813,2535.889826104988,2020-08-08T13:24:29Z,45.39493333,7.75695000,361.00,18.562
9061,4,2210,6129.170901968813,2536.889826104988,2020-08-08T13:24:30Z,45.39490000,7.75701667,359.00,18.557
9062,4,2211,6130.170901968813,2537.889826104988,2020-08-08T13:24:31Z,45.39485000,7.75708333,358.00,18.55
9063,4,2212,6131.170901968813,2538.889826104988,2020-08-08T13:24:32Z,45.39478333,7.75713333,356.00,18.541
9064,4,2213,6132.170901968813,2539.889826104988,2020-08-08T13:24:33Z,45.39471667,7.75715000,354.00,18.534
9065,4,2214,6133.170901968813,2540.889826104988,2020-08-08T13:24:34Z,45.39465000,7.75711667,353.00,18.528
9066,4,2215,6134.170901968813,2541.889826104988,2020-08-08T13:24:35Z,45.39456667,7.75706667,350.00,18.521
9067,4,2216,6135.170901968813,2542.889826104988,2020-08-08T13:24:36Z,45.39450000,7.75696667,349.00,18.518
9068,4,2217,6136.170901968813,2543.889826104988,2020-08-08T13:24:37Z,45.39446667,7.75688333,348.00,18.517
9069,4,2218,6137.170901968813,2544.889826104988,2020-08-08T13:24:38Z,45.39440000,7.75680000,347.00,18.513
9070,4,2219,6138.170901968813,2545.889826104988,2020-08-08T13:24:39Z,45.39433333,7.75675000,345.00,18.508
9071,4,2220,6139.170901968813,2546.889826104988,2020-08-08T13:24:40Z,45.39423333,7.75673333,341.00,18.499
9072,4,2221,6140.170901968813,2547.889826104988,2020-08-08T13:24:41Z,45.39413333,7.75673333,340.00,18.489
9073,4,2222,6141.170901968813,2548.889826104988,2020-08-08T13:24:42Z,45.39406667,7.75671667,336.00,18.483
9074,4,2223,6142.170901968813,2549.889826104988,2020-08-08T13:24:43Z,45.39403333,7.75670000,338.00,18.48
9075,4,2224,6143.170901968813,2550.889826104988,2020-08-08T13:24:44Z,45.39401667,7.75670000,339.00,18.478
9076,4,2225,6144.170901968813,2551.889826104988,2020-08-08T13:24:45Z,45.39401667,7.75670000,338.00,18.478
9077,4,2226,6145.170901968813,2552.889826104988,2020-08-08T13:24:46Z,45.39401667,7.75670000,335.00,18.478
9078,4,2227,6146.170901968813,2553.889826104988,2020-08-08T13:24:47Z,45.39401667,7.75671667,339.00,18.478
9079,4,2228,6147.170901968813,2554.889826104988,2020-08-08T13:24:48Z,45.39401667,7.75673333,339.00,18.477
9080,4,2229,6148.170901968813,2555.889826104988,2020-08-08T13:24:49Z,45.39401667,7.75673333,340.00,18.477
9081,4,2230,6149.170901968813,2556.889826104988,2020-08-08T13:24:50Z,45.39403333,7.75675000,337.00,18.478
9082,4,2231,6150.170901968813,2557.889826104988,2020-08-08T13:24:51Z,45.39403333,7.75675000,338.00,18.478
9083,4,2232,6151.170901968813,2558.889826104988,2020-08-08T13:24:52Z,45.39403333,7.75675000,337.00,18.478
9084,4,2233,6152.170901968813,2559.889826104988,2020-08-08T13:24:53Z,45.39403333,7.75675000,338.00,18.478
9085,4,2234,6153.170901968813,2560.889826104988,2020-08-08T13:24:54Z,45.39403333,7.75675000,338.00,18.478
9086,4,2235,6154.170901968813,2561.889826104988,2020-08-08T13:24:55Z,45.39403333,7.75675000,338.00,18.478
9087,4,2236,6155.170901968813,2562.889826104988,2020-08-08T13:24:56Z,45.39403333,7.75675000,338.00,18.478
9088,4,2237,6156.170901968813,2563.889826104988,2020-08-08T13:24:57Z,45.39403333,7.75675000,338.00,18.478
9089,4,2238,6157.170901968813,2564.889826104988,2020-08-08T13:24:58Z,45.39403333,7.75675000,337.00,18.478
9090,4,2239,6158.170901968813,2565.889826104988,2020-08-08T13:24:59Z,45.39403333,7.75673333,337.00,18.479
9091,4,2240,6159.170901968813,2566.889826104988,2020-08-08T13:25:00Z,45.39403333,7.75673333,338.00,18.479
9092,4,2241,6160.170901968813,2567.889826104988,2020-08-08T13:25:01Z,45.39403333,7.75673333,338.00,18.479
